50x50 vs 0k
Team A: 
Overall:           all             as Black          as White     
                W    L    T       W    L    T       W    L    T  
size: 100
3,7          2922 1894  184    1391 1008  101    1531  886   83
5,4          2807 2011  182    1268 1137   95    1539  874   87
4,5          2785 2028  187    1452  963   85    1333 1065  102
9,4          2759 2045  196    1346 1062   92    1413  983  104
1,7          2729 2047  224    1284 1106  110    1445  941  114
0,4          2726 2093  181    1203 1195  102    1523  898   79
1,0          2722 2088  190    1441  966   93    1281 1122   97
8,3          2710 2087  203    1180 1210  110    1530  877   93
7,7          2639 2187  174    1461  950   89    1178 1237   85
6,6          2630 2184  186    1249 1159   92    1381 1025   94
0,9          2620 2193  187    1168 1241   91    1452  952   96
9,8          2612 2222  166    1239 1170   91    1373 1052   75
6,9          2603 2209  188    1496  900  104    1107 1309   84
2,6          2597 2212  191    1122 1271  107    1475  941   84
7,6          2563 2251  186    1297 1113   90    1266 1138   96
0,6          2559 2263  178    1419 1008   73    1140 1255  105
2,3          2557 2269  174    1054 1364   82    1503  905   92
7,0          2557 2266  177    1160 1252   88    1397 1014   89
8,7          2556 2247  197    1257 1141  102    1299 1106   95
5,9          2553 2251  196    1395 1002  103    1158 1249   93
7,9          2547 2295  158    1186 1238   76    1361 1057   82
4,1          2539 2274  187    1020 1387   93    1519  887   94
7,8          2526 2289  185    1053 1343  104    1473  946   81
4,4          2524 2277  199    1092 1309   99    1432  968  100
8,9          2514 2285  201    1357 1042  101    1157 1243  100
3,0          2504 2268  228    1209 1198   93    1295 1070  135
3,8          2500 2301  199    1201 1202   97    1299 1099  102
3,9          2499 2314  187    1137 1276   87    1362 1038  100
3,5          2496 2302  202    1355 1052   93    1141 1250  109
2,8          2494 2334  172    1214 1184  102    1280 1150   70
6,1          2489 2324  187    1300 1116   84    1189 1208  103
1,1          2473 2309  218    1314 1071  115    1159 1238  103
9,1          2472 2341  187    1346 1068   86    1126 1273  101
7,4          2469 2347  184    1195 1213   92    1274 1134   92
8,2          2469 2319  212    1086 1312  102    1383 1007  110
0,1          2467 2354  179    1143 1252  105    1324 1102   74
7,5          2459 2354  187    1216 1185   99    1243 1169   88
1,6          2457 2356  187     921 1471  108    1536  885   79
8,4          2453 2363  184    1259 1144   97    1194 1219   87
2,2          2447 2365  188    1236 1172   92    1211 1193   96
5,6          2447 2369  184    1219 1203   78    1228 1166  106
4,0          2443 2366  191    1189 1227   84    1254 1139  107
2,1          2441 2365  194    1255 1149   96    1186 1216   98
1,9          2435 2401  164     812 1605   83    1623  796   81
4,6          2435 2390  175    1183 1220   97    1252 1170   78
0,0          2416 2399  185     926 1466  108    1490  933   77
3,1          2416 2385  199    1243 1150  107    1173 1235   92
9,6          2414 2426  160    1238 1183   79    1176 1243   81
3,3          2412 2394  194    1183 1206  111    1229 1188   83
1,4          2408 2408  184    1098 1310   92    1310 1098   92
2,9          2402 2413  185    1282 1129   89    1120 1284   96
5,0          2397 2415  188    1177 1223  100    1220 1192   88
6,0          2392 2424  184    1201 1211   88    1191 1213   96
6,7          2384 2416  200    1086 1313  101    1298 1103   99
5,7          2374 2419  207    1104 1287  109    1270 1132   98
5,8          2374 2436  190    1287 1116   97    1087 1320   93
9,2          2372 2431  197    1010 1404   86    1362 1027  111
8,8          2369 2428  203    1335 1066   99    1034 1362  104
1,2          2362 2440  198    1053 1350   97    1309 1090  101
3,4          2360 2436  204    1107 1308   85    1253 1128  119
0,7          2358 2449  193    1086 1297  117    1272 1152   76
9,7          2353 2467  180    1054 1354   92    1299 1113   88
9,0          2347 2470  183    1050 1357   93    1297 1113   90
1,8          2342 2485  173    1023 1395   82    1319 1090   91
4,2          2340 2468  192     908 1495   97    1432  973   95
1,3          2339 2480  181    1044 1359   97    1295 1121   84
3,6          2335 2480  185    1134 1282   84    1201 1198  101
7,1          2333 2489  178    1290 1124   86    1043 1365   92
7,3          2331 2498  171    1145 1276   79    1186 1222   92
5,5          2320 2495  185    1160 1237  103    1160 1258   82
0,8          2310 2520  170    1176 1254   70    1134 1266  100
2,5          2310 2460  230    1189 1195  116    1121 1265  114
1,5          2307 2487  206    1055 1342  103    1252 1145  103
8,5          2289 2496  215    1084 1312  104    1205 1184  111
5,1          2274 2518  208    1097 1309   94    1177 1209  114
8,6          2264 2540  196    1202 1199   99    1062 1341   97
2,0          2241 2596  163    1128 1293   79    1113 1303   84
6,8          2236 2576  188    1172 1249   79    1064 1327  109
9,9          2236 2612  152    1120 1306   74    1116 1306   78
4,3          2234 2576  190    1036 1375   89    1198 1201  101
3,2          2228 2597  175    1004 1415   81    1224 1182   94
7,2          2228 2596  176    1161 1239  100    1067 1357   76
0,5          2220 2557  223    1113 1284  103    1107 1273  120
2,4          2197 2620  183    1235 1176   89     962 1444   94
9,3          2196 2588  216    1054 1335  111    1142 1253  105
0,3          2167 2651  182    1156 1264   80    1011 1387  102
6,2          2164 2633  203    1321 1075  104     843 1558   99
4,9          2120 2659  221     994 1401  105    1126 1258  116
6,5          2101 2688  211    1097 1297  106    1004 1391  105
6,3          2081 2738  181    1155 1267   78     926 1471  103
6,4          2079 2737  184    1109 1299   92     970 1438   92
4,7          2078 2740  182    1219 1198   83     859 1542   99
8,0          2071 2732  197     915 1485  100    1156 1247   97
5,3          2056 2762  182    1233 1169   98     823 1593   84
2,7          2033 2773  194     970 1441   89    1063 1332  105
0,2          2032 2757  211     842 1557  101    1190 1200  110
8,1          2027 2758  215    1187 1208  105     840 1550  110
5,2          2022 2779  199    1031 1379   90     991 1400  109
4,8          1961 2845  194    1022 1379   99     939 1466   95
9,5          1855 2956  189    1016 1395   89     839 1561  100
100


Team A Total Wins: 239072
Ties: 19021

50x50 vs 3k

Team A: 
Overall:           all             as Black          as White     
                W    L    T       W    L    T       W    L    T  
size: 100
5,4          3366 1471  163    1827  597   76    1539  874   87
1,9          3344 1489  167    1721  693   86    1623  796   81
8,3          3336 1481  183    1806  604   90    1530  877   93
4,1          3333 1503  164    1814  616   70    1519  887   94
7,8          3324 1527  149    1851  581   68    1473  946   81
1,6          3306 1523  171    1770  638   92    1536  885   79
1,7          3302 1510  188    1857  569   74    1445  941  114
3,7          3299 1535  166    1768  649   83    1531  886   83
2,3          3286 1537  177    1783  632   85    1503  905   92
2,6          3271 1568  161    1796  627   77    1475  941   84
0,0          3268 1576  156    1778  643   79    1490  933   77
0,4          3268 1556  176    1745  658   97    1523  898   79
4,2          3231 1595  174    1799  622   79    1432  973   95
0,9          3225 1597  178    1773  645   82    1452  952   96
9,4          3188 1631  181    1775  648   77    1413  983  104
7,9          3183 1657  160    1822  600   78    1361 1057   82
7,0          3165 1657  178    1768  643   89    1397 1014   89
4,4          3152 1658  190    1720  690   90    1432  968  100
1,8          3119 1714  167    1800  624   76    1319 1090   91
1,2          3118 1705  177    1809  615   76    1309 1090  101
7,4          3110 1727  163    1836  593   71    1274 1134   92
0,1          3108 1734  158    1784  632   84    1324 1102   74
1,4          3108 1720  172    1798  622   80    1310 1098   92
3,9          3108 1694  198    1746  656   98    1362 1038  100
9,2          3107 1707  186    1745  680   75    1362 1027  111
6,6          3104 1726  170    1723  701   76    1381 1025   94
2,8          3097 1764  139    1817  614   69    1280 1150   70
9,8          3094 1755  151    1721  703   76    1373 1052   75
8,2          3093 1715  192    1710  708   82    1383 1007  110
6,7          3070 1748  182    1772  645   83    1298 1103   99
9,0          3069 1768  163    1772  655   73    1297 1113   90
4,5          3067 1745  188    1734  680   86    1333 1065  102
4,0          3061 1760  179    1807  621   72    1254 1139  107
1,5          3042 1765  193    1790  620   90    1252 1145  103
8,7          3042 1784  174    1743  678   79    1299 1106   95
3,2          3041 1789  170    1817  607   76    1224 1182   94
1,0          3040 1788  172    1759  666   75    1281 1122   97
3,0          3039 1737  224    1744  667   89    1295 1070  135
3,3          3024 1817  159    1795  629   76    1229 1188   83
5,7          3024 1796  180    1754  664   82    1270 1132   98
1,3          3021 1814  165    1726  693   81    1295 1121   84
2,1          3017 1807  176    1831  591   78    1186 1216   98
5,6          3014 1808  178    1786  642   72    1228 1166  106
7,6          3012 1813  175    1746  675   79    1266 1138   96
9,6          3005 1830  165    1829  587   84    1176 1243   81
3,8          3004 1812  184    1705  713   82    1299 1099  102
5,0          3001 1838  161    1781  646   73    1220 1192   88
6,1          2995 1827  178    1806  619   75    1189 1208  103
4,3          2986 1843  171    1788  642   70    1198 1201  101
2,2          2985 1850  165    1774  657   69    1211 1193   96
0,7          2983 1841  176    1711  689  100    1272 1152   76
8,5          2978 1838  184    1773  654   73    1205 1184  111
3,4          2974 1837  189    1721  709   70    1253 1128  119
9,7          2973 1843  184    1674  730   96    1299 1113   88
0,6          2970 1855  175    1830  600   70    1140 1255  105
7,5          2966 1850  184    1723  681   96    1243 1169   88
3,5          2964 1845  191    1823  595   82    1141 1250  109
5,9          2962 1861  177    1804  612   84    1158 1249   93
7,3          2959 1864  177    1773  642   85    1186 1222   92
3,1          2949 1876  175    1776  641   83    1173 1235   92
6,0          2948 1861  191    1757  648   95    1191 1213   96
9,1          2942 1886  172    1816  613   71    1126 1273  101
5,5          2937 1901  162    1777  643   80    1160 1258   82
8,9          2937 1882  181    1780  639   81    1157 1243  100
8,0          2935 1878  187    1779  631   90    1156 1247   97
0,8          2932 1883  185    1798  617   85    1134 1266  100
6,9          2932 1893  175    1825  584   91    1107 1309   84
1,1          2931 1883  186    1772  645   83    1159 1238  103
7,7          2931 1890  179    1753  653   94    1178 1237   85
4,9          2918 1886  196    1792  628   80    1126 1258  116
9,9          2900 1954  146    1784  648   68    1116 1306   78
9,3          2892 1917  191    1750  664   86    1142 1253  105
2,0          2891 1942  167    1778  639   83    1113 1303   84
8,4          2889 1942  169    1695  723   82    1194 1219   87
2,9          2886 1948  166    1766  664   70    1120 1284   96
5,1          2884 1910  206    1707  701   92    1177 1209  114
0,2          2883 1924  193    1693  724   83    1190 1200  110
4,6          2883 1951  166    1631  781   88    1252 1170   78
3,6          2882 1949  169    1681  751   68    1201 1198  101
7,2          2869 1989  142    1802  632   66    1067 1357   76
2,7          2851 1973  176    1788  641   71    1063 1332  105
5,8          2842 1978  180    1755  658   87    1087 1320   93
2,5          2834 1963  203    1713  698   89    1121 1265  114
8,6          2829 1992  179    1767  651   82    1062 1341   97
0,5          2823 1973  204    1716  700   84    1107 1273  120
8,8          2815 2006  179    1781  644   75    1034 1362  104
6,8          2791 2029  180    1727  702   71    1064 1327  109
7,1          2783 2050  167    1740  685   75    1043 1365   92
6,4          2758 2082  160    1788  644   68     970 1438   92
6,3          2739 2075  186    1813  604   83     926 1471  103
5,2          2734 2079  187    1743  679   78     991 1400  109
2,4          2732 2093  175    1770  649   81     962 1444   94
6,5          2715 2086  199    1711  695   94    1004 1391  105
0,3          2708 2109  183    1697  722   81    1011 1387  102
4,8          2669 2161  170    1730  695   75     939 1466   95
6,2          2663 2158  179    1820  600   80     843 1558   99
4,7          2652 2176  172    1793  634   73     859 1542   99
5,3          2646 2189  165    1823  596   81     823 1593   84
8,1          2621 2193  186    1781  643   76     840 1550  110
9,5          2601 2210  189    1762  649   89     839 1561  100
100


Team A Total Wins: 299258
Ties: 17617

50x50 vs 4k

Team A: 
Overall:           all             as Black          as White     
                W    L    T       W    L    T       W    L    T  
size: 100
0,4          3406 1446  148    1883  548   69    1523  898   79
1,9          3394 1446  160    1771  650   79    1623  796   81
4,1          3380 1444  176    1861  557   82    1519  887   94
5,4          3374 1460  166    1835  586   79    1539  874   87
8,3          3371 1448  181    1841  571   88    1530  877   93
7,8          3366 1490  144    1893  544   63    1473  946   81
0,0          3360 1485  155    1870  552   78    1490  933   77
3,7          3333 1506  161    1802  620   78    1531  886   83
0,9          3329 1510  161    1877  558   65    1452  952   96
2,6          3326 1501  173    1851  560   89    1475  941   84
8,2          3319 1513  168    1936  506   58    1383 1007  110
1,6          3292 1552  156    1756  667   77    1536  885   79
7,0          3292 1559  149    1895  545   60    1397 1014   89
2,3          3282 1553  165    1779  648   73    1503  905   92
7,9          3267 1577  156    1906  520   74    1361 1057   82
9,8          3231 1629  140    1858  577   65    1373 1052   75
9,2          3225 1577  198    1863  550   87    1362 1027  111
4,2          3216 1616  168    1784  643   73    1432  973   95
1,4          3202 1623  175    1892  525   83    1310 1098   92
4,4          3202 1613  185    1770  645   85    1432  968  100
8,7          3201 1648  151    1902  542   56    1299 1106   95
4,5          3192 1619  189    1859  554   87    1333 1065  102
1,8          3182 1656  162    1863  566   71    1319 1090   91
1,3          3171 1674  155    1876  553   71    1295 1121   84
6,6          3169 1657  174    1788  632   80    1381 1025   94
0,1          3160 1687  153    1836  585   79    1324 1102   74
3,8          3160 1662  178    1861  563   76    1299 1099  102
9,4          3158 1659  183    1745  676   79    1413  983  104
1,2          3157 1677  166    1848  587   65    1309 1090  101
9,0          3153 1687  160    1856  574   70    1297 1113   90
6,7          3147 1689  164    1849  586   65    1298 1103   99
1,0          3142 1688  170    1861  566   73    1281 1122   97
7,6          3139 1706  155    1873  568   59    1266 1138   96
3,9          3137 1674  189    1775  636   89    1362 1038  100
7,4          3134 1713  153    1860  579   61    1274 1134   92
3,0          3119 1681  200    1824  611   65    1295 1070  135
4,6          3119 1715  166    1867  545   88    1252 1170   78
4,0          3118 1692  190    1864  553   83    1254 1139  107
2,8          3113 1729  158    1833  579   88    1280 1150   70
5,7          3112 1707  181    1842  575   83    1270 1132   98
9,7          3105 1713  182    1806  600   94    1299 1113   88
5,6          3097 1732  171    1869  566   65    1228 1166  106
0,7          3094 1755  151    1822  603   75    1272 1152   76
0,2          3088 1737  175    1898  537   65    1190 1200  110
5,0          3075 1772  153    1855  580   65    1220 1192   88
1,7          3072 1738  190    1627  797   76    1445  941  114
3,4          3068 1745  187    1815  617   68    1253 1128  119
7,5          3066 1756  178    1823  587   90    1243 1169   88
4,3          3058 1770  172    1860  569   71    1198 1201  101
2,1          3057 1788  155    1871  572   57    1186 1216   98
3,1          3056 1771  173    1883  536   81    1173 1235   92
1,5          3054 1767  179    1802  622   76    1252 1145  103
8,9          3045 1778  177    1888  535   77    1157 1243  100
6,1          3039 1782  179    1850  574   76    1189 1208  103
3,2          3035 1797  168    1811  615   74    1224 1182   94
3,3          3034 1814  152    1805  626   69    1229 1188   83
5,1          3030 1776  194    1853  567   80    1177 1209  114
3,6          3029 1803  168    1828  605   67    1201 1198  101
7,7          3027 1814  159    1849  577   74    1178 1237   85
2,2          3020 1800  180    1809  607   84    1211 1193   96
8,4          3015 1802  183    1821  583   96    1194 1219   87
6,0          3011 1818  171    1820  605   75    1191 1213   96
9,6          3000 1827  173    1824  584   92    1176 1243   81
5,5          2992 1852  156    1832  594   74    1160 1258   82
8,0          2992 1826  182    1836  579   85    1156 1247   97
9,3          2990 1821  189    1848  568   84    1142 1253  105
8,5          2987 1816  197    1782  632   86    1205 1184  111
4,9          2981 1814  205    1855  556   89    1126 1258  116
7,3          2972 1865  163    1786  643   71    1186 1222   92
9,1          2971 1840  189    1845  567   88    1126 1273  101
0,5          2965 1830  205    1858  557   85    1107 1273  120
0,6          2960 1863  177    1820  608   72    1140 1255  105
1,1          2950 1867  183    1791  629   80    1159 1238  103
5,9          2948 1873  179    1790  624   86    1158 1249   93
2,5          2946 1859  195    1825  594   81    1121 1265  114
9,9          2939 1908  153    1823  602   75    1116 1306   78
5,8          2933 1914  153    1846  594   60    1087 1320   93
8,6          2928 1905  167    1866  564   70    1062 1341   97
0,8          2921 1897  182    1787  631   82    1134 1266  100
6,9          2914 1909  177    1807  600   93    1107 1309   84
3,5          2910 1916  174    1769  666   65    1141 1250  109
2,0          2908 1934  158    1795  631   74    1113 1303   84
8,8          2878 1949  173    1844  587   69    1034 1362  104
7,1          2877 1957  166    1834  592   74    1043 1365   92
6,8          2865 1948  187    1801  621   78    1064 1327  109
7,2          2864 1972  164    1797  615   88    1067 1357   76
5,2          2857 1957  186    1866  557   77     991 1400  109
6,5          2851 1961  188    1847  570   83    1004 1391  105
4,8          2832 1993  175    1893  527   80     939 1466   95
0,3          2817 2007  176    1806  620   74    1011 1387  102
6,4          2809 2031  160    1839  593   68     970 1438   92
2,7          2808 2004  188    1745  672   83    1063 1332  105
2,4          2764 2073  163    1802  629   69     962 1444   94
6,3          2751 2075  174    1825  604   71     926 1471  103
2,9          2729 2084  187    1609  800   91    1120 1284   96
8,1          2656 2161  183    1816  611   73     840 1550  110
4,7          2642 2180  178    1783  638   79     859 1542   99
6,2          2634 2204  162    1791  646   63     843 1558   99
5,3          2622 2216  162    1799  623   78     823 1593   84
9,5          2617 2199  184    1778  638   84     839 1561  100
100


Team A Total Wins: 305305
Ties: 17192

50x50 vs 5k

Team A: 
Overall:           all             as Black          as White     
                W    L    T       W    L    T       W    L    T  
size: 100
1,9          3434 1409  157    1811  613   76    1623  796   81
0,4          3356 1490  154    1833  592   75    1523  898   79
3,7          3348 1482  170    1817  596   87    1531  886   83
8,3          3342 1482  176    1812  605   83    1530  877   93
1,6          3330 1532  138    1794  647   59    1536  885   79
4,1          3301 1532  167    1782  645   73    1519  887   94
0,0          3295 1564  141    1805  631   64    1490  933   77
7,8          3294 1554  152    1821  608   71    1473  946   81
2,3          3286 1554  160    1783  649   68    1503  905   92
0,9          3230 1602  168    1778  650   72    1452  952   96
5,4          3219 1605  176    1680  731   89    1539  874   87
4,2          3187 1650  163    1755  677   68    1432  973   95
6,6          3176 1661  163    1795  636   69    1381 1025   94
2,6          3161 1684  155    1686  743   71    1475  941   84
9,0          3153 1679  168    1856  566   78    1297 1113   90
1,7          3148 1649  203    1703  708   89    1445  941  114
7,0          3147 1660  193    1750  646  104    1397 1014   89
0,1          3142 1709  149    1818  607   75    1324 1102   74
3,8          3139 1697  164    1840  598   62    1299 1099  102
3,9          3137 1701  162    1775  663   62    1362 1038  100
9,2          3135 1674  191    1773  647   80    1362 1027  111
8,2          3131 1677  192    1748  670   82    1383 1007  110
7,9          3129 1703  168    1768  646   86    1361 1057   82
9,7          3129 1711  160    1830  598   72    1299 1113   88
1,4          3125 1703  172    1815  605   80    1310 1098   92
9,8          3113 1739  148    1740  687   73    1373 1052   75
2,8          3099 1757  144    1819  607   74    1280 1150   70
1,0          3096 1739  165    1815  617   68    1281 1122   97
4,4          3094 1708  198    1662  740   98    1432  968  100
9,4          3093 1718  189    1680  735   85    1413  983  104
1,8          3089 1737  174    1770  647   83    1319 1090   91
4,6          3085 1744  171    1833  574   93    1252 1170   78
7,6          3079 1749  172    1813  611   76    1266 1138   96
8,7          3079 1763  158    1780  657   63    1299 1106   95
1,2          3078 1731  191    1769  641   90    1309 1090  101
5,7          3058 1764  178    1788  632   80    1270 1132   98
7,4          3054 1777  169    1780  643   77    1274 1134   92
3,0          3047 1733  220    1752  663   85    1295 1070  135
4,0          3042 1770  188    1788  631   81    1254 1139  107
4,5          3011 1788  201    1678  723   99    1333 1065  102
3,2          3003 1823  174    1779  641   80    1224 1182   94
6,7          3000 1830  170    1702  727   71    1298 1103   99
0,7          2996 1840  164    1724  688   88    1272 1152   76
8,4          2995 1843  162    1801  624   75    1194 1219   87
3,3          2993 1848  159    1764  660   76    1229 1188   83
8,5          2993 1818  189    1788  634   78    1205 1184  111
5,0          2992 1833  175    1772  641   87    1220 1192   88
9,6          2992 1865  143    1816  622   62    1176 1243   81
4,3          2975 1849  176    1777  648   75    1198 1201  101
7,7          2973 1867  160    1795  630   75    1178 1237   85
3,1          2972 1855  173    1799  620   81    1173 1235   92
5,5          2968 1879  153    1808  621   71    1160 1258   82
0,2          2967 1852  181    1777  652   71    1190 1200  110
7,5          2967 1874  159    1724  705   71    1243 1169   88
3,4          2966 1849  185    1713  721   66    1253 1128  119
1,5          2965 1856  179    1713  711   76    1252 1145  103
5,1          2954 1857  189    1777  648   75    1177 1209  114
6,1          2952 1861  187    1763  653   84    1189 1208  103
5,6          2941 1871  188    1713  705   82    1228 1166  106
3,6          2940 1893  167    1739  695   66    1201 1198  101
9,9          2939 1903  158    1823  597   80    1116 1306   78
2,0          2935 1911  154    1822  608   70    1113 1303   84
8,0          2931 1891  178    1775  644   81    1156 1247   97
7,3          2930 1888  182    1744  666   90    1186 1222   92
2,9          2928 1903  169    1808  619   73    1120 1284   96
6,0          2927 1892  181    1736  679   85    1191 1213   96
1,3          2926 1902  172    1631  781   88    1295 1121   84
6,9          2926 1917  157    1819  608   73    1107 1309   84
8,9          2920 1906  174    1763  663   74    1157 1243  100
4,9          2915 1893  192    1789  635   76    1126 1258  116
1,1          2910 1898  192    1751  660   89    1159 1238  103
2,2          2908 1904  188    1697  711   92    1211 1193   96
3,5          2905 1896  199    1764  646   90    1141 1250  109
0,6          2904 1914  182    1764  659   77    1140 1255  105
9,3          2895 1903  202    1753  650   97    1142 1253  105
0,5          2894 1919  187    1787  646   67    1107 1273  120
6,8          2890 1929  181    1826  602   72    1064 1327  109
2,1          2883 1932  185    1697  716   87    1186 1216   98
0,8          2857 1954  189    1723  688   89    1134 1266  100
8,8          2856 1942  202    1822  580   98    1034 1362  104
9,1          2855 1963  182    1729  690   81    1126 1273  101
5,9          2849 1993  158    1691  744   65    1158 1249   93
2,5          2846 1961  193    1725  696   79    1121 1265  114
7,2          2841 2005  154    1774  648   78    1067 1357   76
2,7          2838 1977  185    1775  645   80    1063 1332  105
5,8          2829 1994  177    1742  674   84    1087 1320   93
8,6          2821 2001  178    1759  660   81    1062 1341   97
6,5          2806 2024  170    1802  633   65    1004 1391  105
7,1          2797 2049  154    1754  684   62    1043 1365   92
5,2          2768 2040  192    1777  640   83     991 1400  109
2,4          2743 2085  172    1781  641   78     962 1444   94
4,8          2705 2129  166    1766  663   71     939 1466   95
6,3          2676 2138  186    1750  667   83     926 1471  103
0,3          2666 2151  183    1655  764   81    1011 1387  102
6,2          2666 2163  171    1823  605   72     843 1558   99
8,1          2654 2170  176    1814  620   66     840 1550  110
6,4          2640 2180  180    1670  742   88     970 1438   92
9,5          2614 2216  170    1775  655   70     839 1561  100
5,3          2605 2250  145    1782  657   61     823 1593   84
4,7          2590 2228  182    1731  686   83     859 1542   99
100


Team A Total Wins: 299083
Ties: 17359

50x50 vs 6k

Team A: 
Overall:           all             as Black          as White     
                W    L    T       W    L    T       W    L    T  
size: 100
1,9          3433 1413  154    1810  617   73    1623  796   81
5,4          3404 1435  161    1865  561   74    1539  874   87
1,6          3367 1488  145    1831  603   66    1536  885   79
0,0          3354 1499  147    1864  566   70    1490  933   77
3,7          3347 1486  167    1816  600   84    1531  886   83
2,3          3327 1504  169    1824  599   77    1503  905   92
8,3          3301 1529  170    1771  652   77    1530  877   93
0,9          3295 1534  171    1843  582   75    1452  952   96
7,8          3292 1544  164    1819  598   83    1473  946   81
4,1          3284 1530  186    1765  643   92    1519  887   94
0,4          3280 1549  171    1757  651   92    1523  898   79
2,6          3254 1581  165    1779  640   81    1475  941   84
4,4          3225 1600  175    1793  632   75    1432  968  100
8,2          3194 1619  187    1811  612   77    1383 1007  110
4,2          3193 1631  176    1761  658   81    1432  973   95
9,4          3184 1625  191    1771  642   87    1413  983  104
9,8          3181 1660  159    1808  608   84    1373 1052   75
1,7          3175 1623  202    1730  682   88    1445  941  114
1,8          3175 1660  165    1856  570   74    1319 1090   91
3,9          3170 1649  181    1808  611   81    1362 1038  100
7,0          3165 1673  162    1768  659   73    1397 1014   89
3,0          3151 1629  220    1856  559   85    1295 1070  135
9,2          3147 1664  189    1785  637   78    1362 1027  111
4,5          3133 1683  184    1800  618   82    1333 1065  102
1,0          3129 1698  173    1848  576   76    1281 1122   97
7,9          3129 1715  156    1768  658   74    1361 1057   82
6,6          3123 1689  188    1742  664   94    1381 1025   94
9,7          3123 1706  171    1824  593   83    1299 1113   88
8,7          3117 1701  182    1818  595   87    1299 1106   95
1,2          3097 1723  180    1788  633   79    1309 1090  101
0,1          3095 1749  156    1771  647   82    1324 1102   74
2,8          3095 1763  142    1815  613   72    1280 1150   70
9,0          3085 1746  169    1788  633   79    1297 1113   90
3,8          3069 1751  180    1770  652   78    1299 1099  102
1,4          3068 1764  168    1758  666   76    1310 1098   92
6,7          3066 1765  169    1768  662   70    1298 1103   99
7,4          3054 1781  165    1780  647   73    1274 1134   92
5,0          3043 1788  169    1823  596   81    1220 1192   88
3,6          3040 1788  172    1839  590   71    1201 1198  101
4,3          3037 1783  180    1839  582   79    1198 1201  101
1,3          3035 1804  161    1740  683   77    1295 1121   84
4,6          3035 1797  168    1783  627   90    1252 1170   78
5,7          3032 1799  169    1762  667   71    1270 1132   98
4,0          3026 1797  177    1772  658   70    1254 1139  107
3,2          3011 1822  167    1787  640   73    1224 1182   94
0,7          3008 1826  166    1736  674   90    1272 1152   76
8,4          3006 1837  157    1812  618   70    1194 1219   87
7,5          3005 1824  171    1762  655   83    1243 1169   88
8,5          3005 1807  188    1800  623   77    1205 1184  111
3,4          3004 1792  204    1751  664   85    1253 1128  119
2,9          2999 1832  169    1879  548   73    1120 1284   96
2,1          2993 1831  176    1807  615   78    1186 1216   98
3,3          2993 1832  175    1764  644   92    1229 1188   83
8,0          2993 1825  182    1837  578   85    1156 1247   97
5,5          2992 1851  157    1832  593   75    1160 1258   82
5,1          2980 1817  203    1803  608   89    1177 1209  114
7,3          2979 1848  173    1793  626   81    1186 1222   92
7,6          2978 1829  193    1712  691   97    1266 1138   96
9,9          2973 1869  158    1857  563   80    1116 1306   78
0,2          2967 1844  189    1777  644   79    1190 1200  110
0,8          2967 1846  187    1833  580   87    1134 1266  100
5,6          2966 1849  185    1738  683   79    1228 1166  106
1,5          2964 1848  188    1712  703   85    1252 1145  103
6,0          2962 1856  182    1771  643   86    1191 1213   96
6,1          2955 1856  189    1766  648   86    1189 1208  103
2,2          2945 1880  175    1734  687   79    1211 1193   96
7,7          2945 1881  174    1767  644   89    1178 1237   85
8,9          2938 1869  193    1781  626   93    1157 1243  100
1,1          2930 1876  194    1771  638   91    1159 1238  103
3,5          2927 1874  199    1786  624   90    1141 1250  109
9,1          2921 1905  174    1795  632   73    1126 1273  101
3,1          2919 1913  168    1746  678   76    1173 1235   92
9,3          2914 1897  189    1772  644   84    1142 1253  105
4,9          2911 1893  196    1785  635   80    1126 1258  116
9,6          2906 1931  163    1730  688   82    1176 1243   81
2,0          2895 1947  158    1782  644   74    1113 1303   84
5,9          2892 1938  170    1734  689   77    1158 1249   93
6,9          2890 1940  170    1783  631   86    1107 1309   84
0,6          2874 1944  182    1734  689   77    1140 1255  105
2,5          2870 1925  205    1749  660   91    1121 1265  114
2,7          2853 1961  186    1790  629   81    1063 1332  105
7,2          2850 1983  167    1783  626   91    1067 1357   76
8,8          2823 1980  197    1789  618   93    1034 1362  104
5,8          2820 2009  171    1733  689   78    1087 1320   93
0,5          2814 1976  210    1707  703   90    1107 1273  120
6,8          2811 1997  192    1747  670   83    1064 1327  109
7,1          2811 2011  178    1768  646   86    1043 1365   92
8,6          2806 2013  181    1744  672   84    1062 1341   97
6,5          2788 2018  194    1784  627   89    1004 1391  105
6,4          2786 2036  178    1816  598   86     970 1438   92
0,3          2745 2075  180    1734  688   78    1011 1387  102
6,2          2741 2085  174    1898  527   75     843 1558   99
5,2          2733 2068  199    1742  668   90     991 1400  109
2,4          2732 2084  184    1770  640   90     962 1444   94
4,8          2705 2118  177    1766  652   82     939 1466   95
6,3          2704 2106  190    1778  635   87     926 1471  103
8,1          2696 2130  174    1856  580   64     840 1550  110
4,7          2645 2158  197    1786  616   98     859 1542   99
5,3          2608 2235  157    1785  642   73     823 1593   84
9,5          2569 2239  192    1730  678   92     839 1561  100
100


Team A Total Wins: 300946
Ties: 17703

50x50 vs 7k

Team A: 
Overall:           all             as Black          as White     
                W    L    T       W    L    T       W    L    T  
size: 100
1,9          3345 1470  185    1722  674  104    1623  796   81
4,1          3306 1517  177    1787  630   83    1519  887   94
8,3          3273 1541  186    1743  664   93    1530  877   93
5,4          3270 1564  166    1731  690   79    1539  874   87
1,6          3264 1570  166    1728  685   87    1536  885   79
0,4          3254 1586  160    1731  688   81    1523  898   79
3,7          3244 1591  165    1713  705   82    1531  886   83
4,4          3215 1607  178    1783  639   78    1432  968  100
0,0          3204 1625  171    1714  692   94    1490  933   77
2,6          3203 1640  157    1728  699   73    1475  941   84
0,9          3189 1632  179    1737  680   83    1452  952   96
7,8          3183 1658  159    1710  712   78    1473  946   81
1,7          3174 1656  170    1729  715   56    1445  941  114
2,3          3168 1658  174    1665  753   82    1503  905   92
6,6          3165 1648  187    1784  623   93    1381 1025   94
7,0          3156 1672  172    1759  658   83    1397 1014   89
4,2          3146 1678  176    1714  705   81    1432  973   95
9,4          3143 1660  197    1730  677   93    1413  983  104
9,8          3132 1732  136    1759  680   61    1373 1052   75
3,9          3105 1709  186    1743  671   86    1362 1038  100
8,2          3094 1708  198    1711  701   88    1383 1007  110
1,4          3091 1742  167    1781  644   75    1310 1098   92
4,5          3082 1738  180    1749  673   78    1333 1065  102
9,2          3079 1735  186    1717  708   75    1362 1027  111
1,8          3077 1752  171    1758  662   80    1319 1090   91
9,7          3071 1758  171    1772  645   83    1299 1113   88
7,9          3066 1767  167    1705  710   85    1361 1057   82
1,2          3050 1772  178    1741  682   77    1309 1090  101
0,7          3039 1806  155    1767  654   79    1272 1152   76
8,7          3030 1784  186    1731  678   91    1299 1106   95
2,8          3027 1814  159    1747  664   89    1280 1150   70
6,7          3026 1795  179    1728  692   80    1298 1103   99
1,0          3018 1807  175    1737  685   78    1281 1122   97
3,4          3010 1780  210    1757  652   91    1253 1128  119
3,8          3005 1799  196    1706  700   94    1299 1099  102
3,0          3004 1762  234    1709  692   99    1295 1070  135
7,6          3003 1811  186    1737  673   90    1266 1138   96
5,7          2999 1820  181    1729  688   83    1270 1132   98
0,1          2996 1838  166    1672  736   92    1324 1102   74
1,3          2993 1836  171    1698  715   87    1295 1121   84
1,5          2993 1828  179    1741  683   76    1252 1145  103
4,0          2985 1822  193    1731  683   86    1254 1139  107
9,0          2985 1842  173    1688  729   83    1297 1113   90
5,6          2977 1844  179    1749  678   73    1228 1166  106
5,1          2972 1842  186    1795  633   72    1177 1209  114
4,6          2966 1873  161    1714  703   83    1252 1170   78
3,3          2959 1888  153    1730  700   70    1229 1188   83
2,2          2951 1865  184    1740  672   88    1211 1193   96
3,1          2945 1888  167    1772  653   75    1173 1235   92
7,5          2945 1868  187    1702  699   99    1243 1169   88
2,1          2943 1869  188    1757  653   90    1186 1216   98
8,4          2940 1906  154    1746  687   67    1194 1219   87
7,4          2939 1874  187    1665  740   95    1274 1134   92
3,6          2938 1874  188    1737  676   87    1201 1198  101
8,5          2938 1871  191    1733  687   80    1205 1184  111
5,0          2929 1891  180    1709  699   92    1220 1192   88
7,7          2928 1896  176    1750  659   91    1178 1237   85
0,2          2921 1882  197    1731  682   87    1190 1200  110
7,3          2915 1909  176    1729  687   84    1186 1222   92
0,8          2914 1906  180    1780  640   80    1134 1266  100
9,6          2914 1915  171    1738  672   90    1176 1243   81
6,1          2906 1900  194    1717  692   91    1189 1208  103
0,6          2905 1903  192    1765  648   87    1140 1255  105
3,2          2905 1917  178    1681  735   84    1224 1182   94
3,5          2903 1903  194    1762  653   85    1141 1250  109
6,0          2899 1927  174    1708  714   78    1191 1213   96
5,9          2898 1928  174    1740  679   81    1158 1249   93
6,9          2896 1942  162    1789  633   78    1107 1309   84
4,9          2894 1905  201    1768  647   85    1126 1258  116
0,5          2878 1917  205    1771  644   85    1107 1273  120
1,1          2869 1939  192    1710  701   89    1159 1238  103
4,3          2869 1958  173    1671  757   72    1198 1201  101
5,5          2865 1972  163    1705  714   81    1160 1258   82
8,9          2852 1973  175    1695  730   75    1157 1243  100
8,0          2841 1967  192    1685  720   95    1156 1247   97
2,5          2840 1962  198    1719  697   84    1121 1265  114
6,8          2838 1988  174    1774  661   65    1064 1327  109
7,2          2838 2013  149    1771  656   73    1067 1357   76
5,8          2831 1984  185    1744  664   92    1087 1320   93
2,0          2830 1996  174    1717  693   90    1113 1303   84
9,1          2828 1976  196    1702  703   95    1126 1273  101
9,3          2827 1975  198    1685  722   93    1142 1253  105
2,7          2824 1989  187    1761  657   82    1063 1332  105
9,9          2824 2017  159    1708  711   81    1116 1306   78
8,6          2814 1990  196    1752  649   99    1062 1341   97
2,9          2801 2013  186    1681  729   90    1120 1284   96
7,1          2795 2035  170    1752  670   78    1043 1365   92
5,2          2728 2072  200    1737  672   91     991 1400  109
8,8          2722 2071  207    1688  709  103    1034 1362  104
6,5          2688 2109  203    1684  718   98    1004 1391  105
6,4          2682 2139  179    1712  701   87     970 1438   92
2,4          2681 2136  183    1719  692   89     962 1444   94
0,3          2676 2119  205    1665  732  103    1011 1387  102
6,3          2654 2152  194    1728  681   91     926 1471  103
4,8          2638 2185  177    1699  719   82     939 1466   95
8,1          2616 2192  192    1776  642   82     840 1550  110
9,5          2597 2217  186    1758  656   86     839 1561  100
4,7          2595 2228  177    1736  686   78     859 1542   99
6,2          2585 2212  203    1742  654  104     843 1558   99
5,3          2532 2294  174    1709  701   90     823 1593   84
100


Team A Total Wins: 295460
Ties: 18034

50x50 vs 8k

Team A: 
Overall:           all             as Black          as White     
                W    L    T       W    L    T       W    L    T  
size: 100
1,9          3395 1452  153    1772  656   72    1623  796   81
1,6          3332 1493  175    1796  608   96    1536  885   79
0,4          3320 1525  155    1797  627   76    1523  898   79
2,3          3316 1508  176    1813  603   84    1503  905   92
5,4          3297 1531  172    1758  657   85    1539  874   87
4,1          3296 1524  180    1777  637   86    1519  887   94
8,3          3289 1544  167    1759  667   74    1530  877   93
3,7          3259 1584  157    1728  698   74    1531  886   83
0,0          3258 1577  165    1768  644   88    1490  933   77
0,9          3258 1571  171    1806  619   75    1452  952   96
4,4          3235 1576  189    1803  608   89    1432  968  100
7,8          3229 1591  180    1756  645   99    1473  946   81
1,7          3222 1583  195    1777  642   81    1445  941  114
2,6          3202 1624  174    1727  683   90    1475  941   84
4,2          3193 1620  187    1761  647   92    1432  973   95
9,4          3175 1648  177    1762  665   73    1413  983  104
9,2          3168 1634  198    1806  607   87    1362 1027  111
8,2          3162 1657  181    1779  650   71    1383 1007  110
6,6          3143 1683  174    1762  658   80    1381 1025   94
3,9          3142 1672  186    1780  634   86    1362 1038  100
2,8          3122 1730  148    1842  580   78    1280 1150   70
0,1          3118 1746  136    1794  644   62    1324 1102   74
1,8          3118 1724  158    1799  634   67    1319 1090   91
7,9          3117 1716  167    1756  659   85    1361 1057   82
9,8          3112 1727  161    1739  675   86    1373 1052   75
7,0          3108 1719  173    1711  705   84    1397 1014   89
3,8          3106 1716  178    1807  617   76    1299 1099  102
9,0          3106 1731  163    1809  618   73    1297 1113   90
5,7          3094 1724  182    1824  592   84    1270 1132   98
3,4          3091 1721  188    1838  593   69    1253 1128  119
1,0          3088 1740  172    1807  618   75    1281 1122   97
3,0          3083 1690  227    1788  620   92    1295 1070  135
1,2          3080 1724  196    1771  634   95    1309 1090  101
9,7          3077 1749  174    1778  636   86    1299 1113   88
4,5          3072 1741  187    1739  676   85    1333 1065  102
1,4          3071 1779  150    1761  681   58    1310 1098   92
1,3          3064 1762  174    1769  641   90    1295 1121   84
7,4          3059 1769  172    1785  635   80    1274 1134   92
0,7          3050 1797  153    1778  645   77    1272 1152   76
1,5          3038 1768  194    1786  623   91    1252 1145  103
6,7          3031 1770  199    1733  667  100    1298 1103   99
3,2          3023 1794  183    1799  612   89    1224 1182   94
8,5          3023 1775  202    1818  591   91    1205 1184  111
5,6          3016 1802  182    1788  636   76    1228 1166  106
8,7          3015 1813  172    1716  707   77    1299 1106   95
4,6          3009 1816  175    1757  646   97    1252 1170   78
7,5          3007 1838  155    1764  669   67    1243 1169   88
7,6          3001 1813  186    1735  675   90    1266 1138   96
2,2          2998 1828  174    1787  635   78    1211 1193   96
4,0          2998 1811  191    1744  672   84    1254 1139  107
4,3          2993 1818  189    1795  617   88    1198 1201  101
6,1          2990 1842  168    1801  634   65    1189 1208  103
3,6          2988 1833  179    1787  635   78    1201 1198  101
5,0          2979 1862  159    1759  670   71    1220 1192   88
6,0          2975 1854  171    1784  641   75    1191 1213   96
0,2          2974 1836  190    1784  636   80    1190 1200  110
5,9          2974 1844  182    1816  595   89    1158 1249   93
7,3          2969 1871  160    1783  649   68    1186 1222   92
7,7          2962 1877  161    1784  640   76    1178 1237   85
3,3          2954 1882  164    1725  694   81    1229 1188   83
3,1          2950 1872  178    1777  637   86    1173 1235   92
3,5          2937 1894  169    1796  644   60    1141 1250  109
5,1          2936 1876  188    1759  667   74    1177 1209  114
2,1          2934 1865  201    1748  649  103    1186 1216   98
0,5          2924 1874  202    1817  601   82    1107 1273  120
5,5          2924 1914  162    1764  656   80    1160 1258   82
0,6          2914 1893  193    1774  638   88    1140 1255  105
1,1          2911 1901  188    1752  663   85    1159 1238  103
9,6          2910 1927  163    1734  684   82    1176 1243   81
8,9          2908 1901  191    1751  658   91    1157 1243  100
8,4          2905 1928  167    1711  709   80    1194 1219   87
2,5          2904 1896  200    1783  631   86    1121 1265  114
8,0          2904 1907  189    1748  660   92    1156 1247   97
2,9          2902 1929  169    1782  645   73    1120 1284   96
9,3          2896 1922  182    1754  669   77    1142 1253  105
9,1          2891 1920  189    1765  647   88    1126 1273  101
6,9          2890 1931  179    1783  622   95    1107 1309   84
2,0          2884 1942  174    1771  639   90    1113 1303   84
4,9          2880 1914  206    1754  656   90    1126 1258  116
7,2          2869 1973  158    1802  616   82    1067 1357   76
0,8          2867 1957  176    1733  691   76    1134 1266  100
2,7          2851 1973  176    1788  641   71    1063 1332  105
9,9          2851 1989  160    1735  683   82    1116 1306   78
5,8          2829 1998  173    1742  678   80    1087 1320   93
6,8          2827 1978  195    1763  651   86    1064 1327  109
8,8          2819 1995  186    1785  633   82    1034 1362  104
8,6          2813 2011  176    1751  670   79    1062 1341   97
0,3          2785 2032  183    1774  645   81    1011 1387  102
6,5          2784 2037  179    1780  646   74    1004 1391  105
7,1          2779 2035  186    1736  670   94    1043 1365   92
5,2          2770 2055  175    1779  655   66     991 1400  109
6,4          2753 2093  154    1783  655   62     970 1438   92
2,4          2742 2094  164    1780  650   70     962 1444   94
4,8          2683 2149  168    1744  683   73     939 1466   95
9,5          2653 2174  173    1814  613   73     839 1561  100
6,3          2633 2179  188    1707  708   85     926 1471  103
4,7          2626 2202  172    1767  660   73     859 1542   99
5,3          2625 2209  166    1802  616   82     823 1593   84
6,2          2617 2201  182    1774  643   83     843 1558   99
8,1          2612 2207  181    1772  657   71     840 1550  110
100


Team A Total Wins: 299636
Ties: 17668

50x50 vs 9k

Team A: 
Overall:           all             as Black          as White     
                W    L    T       W    L    T       W    L    T  
size: 100
1,9          3427 1411  162    1804  615   81    1623  796   81
5,4          3330 1515  155    1791  641   68    1539  874   87
2,3          3329 1498  173    1826  593   81    1503  905   92
3,7          3321 1529  150    1790  643   67    1531  886   83
0,4          3320 1514  166    1797  616   87    1523  898   79
8,3          3314 1503  183    1784  626   90    1530  877   93
1,6          3296 1535  169    1760  650   90    1536  885   79
4,1          3255 1553  192    1736  666   98    1519  887   94
0,0          3246 1598  156    1756  665   79    1490  933   77
4,2          3234 1596  170    1802  623   75    1432  973   95
9,4          3234 1587  179    1821  604   75    1413  983  104
7,8          3227 1605  168    1754  659   87    1473  946   81
2,6          3214 1623  163    1739  682   79    1475  941   84
4,4          3205 1614  181    1773  646   81    1432  968  100
0,9          3197 1615  188    1745  663   92    1452  952   96
6,6          3161 1671  168    1780  646   74    1381 1025   94
3,9          3151 1676  173    1789  638   73    1362 1038  100
7,0          3139 1690  171    1742  676   82    1397 1014   89
1,7          3137 1661  202    1692  720   88    1445  941  114
9,8          3137 1709  154    1764  657   79    1373 1052   75
9,2          3130 1670  200    1768  643   89    1362 1027  111
4,5          3126 1693  181    1793  628   79    1333 1065  102
8,2          3115 1677  208    1732  670   98    1383 1007  110
1,3          3106 1731  163    1811  610   79    1295 1121   84
0,1          3103 1722  175    1779  620  101    1324 1102   74
1,4          3102 1725  173    1792  627   81    1310 1098   92
2,8          3099 1740  161    1819  590   91    1280 1150   70
1,0          3093 1734  173    1812  612   76    1281 1122   97
8,7          3092 1731  177    1793  625   82    1299 1106   95
7,9          3087 1746  167    1726  689   85    1361 1057   82
1,2          3082 1726  192    1773  636   91    1309 1090  101
6,7          3078 1742  180    1780  639   81    1298 1103   99
1,8          3075 1746  179    1756  656   88    1319 1090   91
3,8          3075 1761  164    1776  662   62    1299 1099  102
9,7          3068 1768  164    1769  655   76    1299 1113   88
7,6          3059 1767  174    1793  629   78    1266 1138   96
3,0          3055 1719  226    1760  649   91    1295 1070  135
9,0          3045 1794  161    1748  681   71    1297 1113   90
7,5          3042 1790  168    1799  621   80    1243 1169   88
7,4          3040 1780  180    1766  646   88    1274 1134   92
3,4          3038 1764  198    1785  636   79    1253 1128  119
5,7          3036 1754  210    1766  622  112    1270 1132   98
0,7          3031 1799  170    1759  647   94    1272 1152   76
4,6          3025 1824  151    1773  654   73    1252 1170   78
4,0          3021 1795  184    1767  656   77    1254 1139  107
3,2          3010 1817  173    1786  635   79    1224 1182   94
3,3          2996 1844  160    1767  656   77    1229 1188   83
1,5          2995 1825  180    1743  680   77    1252 1145  103
2,1          2989 1832  179    1803  616   81    1186 1216   98
2,2          2985 1835  180    1774  642   84    1211 1193   96
3,6          2980 1830  190    1779  632   89    1201 1198  101
6,1          2977 1825  198    1788  617   95    1189 1208  103
7,3          2976 1846  178    1790  624   86    1186 1222   92
8,4          2974 1856  170    1780  637   83    1194 1219   87
8,5          2968 1840  192    1763  656   81    1205 1184  111
5,0          2962 1872  166    1742  680   78    1220 1192   88
4,3          2958 1859  183    1760  658   82    1198 1201  101
6,0          2951 1864  185    1760  651   89    1191 1213   96
5,6          2949 1866  185    1721  700   79    1228 1166  106
1,1          2944 1877  179    1785  639   76    1159 1238  103
9,6          2940 1878  182    1764  635  101    1176 1243   81
5,5          2937 1901  162    1777  643   80    1160 1258   82
0,2          2935 1866  199    1745  666   89    1190 1200  110
0,6          2935 1897  168    1795  642   63    1140 1255  105
3,1          2932 1888  180    1759  653   88    1173 1235   92
7,7          2926 1904  170    1748  667   85    1178 1237   85
8,9          2923 1895  182    1766  652   82    1157 1243  100
0,8          2922 1885  193    1788  619   93    1134 1266  100
5,1          2920 1888  192    1743  679   78    1177 1209  114
4,9          2919 1892  189    1793  634   73    1126 1258  116
5,9          2917 1907  176    1759  658   83    1158 1249   93
9,3          2909 1904  187    1767  651   82    1142 1253  105
3,5          2908 1897  195    1767  647   86    1141 1250  109
8,0          2900 1924  176    1744  677   79    1156 1247   97
9,1          2898 1932  170    1772  659   69    1126 1273  101
2,5          2889 1919  192    1768  654   78    1121 1265  114
2,7          2886 1939  175    1823  607   70    1063 1332  105
2,9          2884 1944  172    1764  660   76    1120 1284   96
2,0          2875 1967  158    1762  664   74    1113 1303   84
9,9          2867 1958  175    1751  652   97    1116 1306   78
8,6          2854 1965  181    1792  624   84    1062 1341   97
0,5          2829 1960  211    1722  687   91    1107 1273  120
6,9          2822 1993  185    1715  684  101    1107 1309   84
7,2          2801 2040  159    1734  683   83    1067 1357   76
5,8          2800 2032  168    1713  712   75    1087 1320   93
0,3          2785 2035  180    1774  648   78    1011 1387  102
7,1          2783 2040  177    1740  675   85    1043 1365   92
8,8          2770 2038  192    1736  676   88    1034 1362  104
6,4          2768 2068  164    1798  630   72     970 1438   92
6,5          2766 2051  183    1762  660   78    1004 1391  105
5,2          2761 2055  184    1770  655   75     991 1400  109
6,8          2756 2039  205    1692  712   96    1064 1327  109
6,3          2739 2072  189    1813  601   86     926 1471  103
2,4          2689 2133  178    1727  689   84     962 1444   94
4,8          2669 2152  179    1730  686   84     939 1466   95
6,2          2603 2207  190    1760  649   91     843 1558   99
4,7          2601 2223  176    1742  681   77     859 1542   99
9,5          2595 2232  173    1756  671   73     839 1561  100
8,1          2587 2222  191    1747  672   81     840 1550  110
5,3          2562 2283  155    1739  690   71     823 1593   84
100


Team A Total Wins: 299073
Ties: 17813

50x50 vs 10k

Team A: 
Overall:           all             as Black          as White     
                W    L    T       W    L    T       W    L    T  
size: 100
1,9          3398 1446  156    1775  650   75    1623  796   81
8,3          3326 1504  170    1796  627   77    1530  877   93
1,6          3308 1524  168    1772  639   89    1536  885   79
5,4          3301 1535  164    1762  661   77    1539  874   87
7,8          3281 1558  161    1808  612   80    1473  946   81
2,3          3279 1520  201    1776  615  109    1503  905   92
0,4          3277 1550  173    1754  652   94    1523  898   79
0,0          3262 1568  170    1772  635   93    1490  933   77
4,1          3248 1573  179    1729  686   85    1519  887   94
3,7          3246 1590  164    1715  704   81    1531  886   83
2,6          3241 1601  158    1766  660   74    1475  941   84
1,7          3229 1589  182    1784  648   68    1445  941  114
7,0          3218 1612  170    1821  598   81    1397 1014   89
0,9          3203 1625  172    1751  673   76    1452  952   96
6,6          3186 1652  162    1805  627   68    1381 1025   94
9,4          3166 1641  193    1753  658   89    1413  983  104
8,2          3149 1644  207    1766  637   97    1383 1007  110
9,8          3130 1719  151    1757  667   76    1373 1052   75
1,8          3127 1707  166    1808  617   75    1319 1090   91
6,7          3127 1696  177    1829  593   78    1298 1103   99
1,2          3126 1696  178    1817  606   77    1309 1090  101
3,9          3126 1710  164    1764  672   64    1362 1038  100
4,2          3126 1693  181    1694  720   86    1432  973   95
0,1          3123 1729  148    1799  627   74    1324 1102   74
4,4          3111 1703  186    1679  735   86    1432  968  100
9,2          3109 1715  176    1747  688   65    1362 1027  111
8,7          3104 1714  182    1805  608   87    1299 1106   95
1,4          3087 1758  155    1777  660   63    1310 1098   92
0,7          3084 1769  147    1812  617   71    1272 1152   76
9,7          3084 1763  153    1785  650   65    1299 1113   88
4,5          3079 1735  186    1746  670   84    1333 1065  102
4,6          3077 1774  149    1825  604   71    1252 1170   78
5,7          3076 1749  175    1806  617   77    1270 1132   98
1,5          3062 1767  171    1810  622   68    1252 1145  103
9,0          3058 1770  172    1761  657   82    1297 1113   90
3,4          3048 1762  190    1795  634   71    1253 1128  119
1,3          3045 1791  164    1750  670   80    1295 1121   84
7,9          3039 1781  180    1678  724   98    1361 1057   82
3,8          3029 1775  196    1730  676   94    1299 1099  102
2,8          3027 1831  142    1747  681   72    1280 1150   70
7,5          3024 1807  169    1781  638   81    1243 1169   88
7,6          3012 1819  169    1746  681   73    1266 1138   96
0,2          2995 1823  182    1805  623   72    1190 1200  110
7,4          2992 1809  199    1718  675  107    1274 1134   92
3,0          2991 1790  219    1696  720   84    1295 1070  135
3,6          2982 1849  169    1781  651   68    1201 1198  101
2,1          2980 1841  179    1794  625   81    1186 1216   98
1,0          2973 1845  182    1692  723   85    1281 1122   97
8,5          2971 1838  191    1766  654   80    1205 1184  111
3,2          2970 1871  159    1746  689   65    1224 1182   94
3,3          2962 1860  178    1733  672   95    1229 1188   83
0,6          2961 1850  189    1821  595   84    1140 1255  105
4,0          2960 1850  190    1706  711   83    1254 1139  107
5,6          2949 1853  198    1721  687   92    1228 1166  106
8,4          2947 1885  168    1753  666   81    1194 1219   87
9,6          2938 1893  169    1762  650   88    1176 1243   81
6,9          2929 1915  156    1822  606   72    1107 1309   84
1,1          2927 1905  168    1768  667   65    1159 1238  103
5,0          2925 1898  177    1705  706   89    1220 1192   88
8,9          2924 1895  181    1767  652   81    1157 1243  100
5,5          2923 1919  158    1763  661   76    1160 1258   82
9,3          2919 1897  184    1777  644   79    1142 1253  105
3,5          2917 1877  206    1776  627   97    1141 1250  109
5,9          2914 1888  198    1756  639  105    1158 1249   93
7,7          2913 1912  175    1735  675   90    1178 1237   85
6,0          2911 1899  190    1720  686   94    1191 1213   96
4,3          2910 1906  184    1712  705   83    1198 1201  101
0,8          2908 1906  186    1774  640   86    1134 1266  100
2,2          2904 1918  178    1693  725   82    1211 1193   96
7,3          2902 1900  198    1716  678  106    1186 1222   92
2,5          2898 1907  195    1777  642   81    1121 1265  114
6,1          2898 1904  198    1709  696   95    1189 1208  103
8,0          2886 1911  203    1730  664  106    1156 1247   97
9,1          2886 1935  179    1760  662   78    1126 1273  101
5,1          2884 1913  203    1707  704   89    1177 1209  114
0,5          2873 1926  201    1766  653   81    1107 1273  120
2,0          2871 1956  173    1758  653   89    1113 1303   84
5,8          2871 1946  183    1784  626   90    1087 1320   93
2,9          2866 1952  182    1746  668   86    1120 1284   96
4,9          2849 1960  191    1723  702   75    1126 1258  116
9,9          2845 1978  177    1729  672   99    1116 1306   78
7,2          2839 2002  159    1772  645   83    1067 1357   76
6,8          2837 1978  185    1773  651   76    1064 1327  109
3,1          2836 1994  170    1663  759   78    1173 1235   92
7,1          2826 2004  170    1783  639   78    1043 1365   92
8,6          2823 2003  174    1761  662   77    1062 1341   97
0,3          2814 1999  187    1803  612   85    1011 1387  102
8,8          2809 2003  188    1775  641   84    1034 1362  104
2,7          2792 2007  201    1729  675   96    1063 1332  105
5,2          2760 2056  184    1769  656   75     991 1400  109
2,4          2721 2102  177    1759  658   83     962 1444   94
6,4          2720 2093  187    1750  655   95     970 1438   92
6,3          2696 2121  183    1770  650   80     926 1471  103
4,8          2695 2135  170    1756  669   75     939 1466   95
6,5          2685 2125  190    1681  734   85    1004 1391  105
6,2          2644 2195  161    1801  637   62     843 1558   99
4,7          2624 2200  176    1765  658   77     859 1542   99
8,1          2572 2232  196    1732  682   86     840 1550  110
9,5          2561 2252  187    1722  691   87     839 1561  100
5,3          2550 2287  163    1727  694   79     823 1593   84
100


Team A Total Wins: 298186
Ties: 17781
