
50x50 vs 1k

Team A: 
Overall:           all             as Black          as White     
                W    L    T       W    L    T       W    L    T  
size: 100
1,6          3342 1513  145    1806  628   66    1536  885   79
3,7          3320 1510  170    1789  624   87    1531  886   83
1,9          3314 1501  185    1691  705  104    1623  796   81
2,6          3301 1533  166    1826  592   82    1475  941   84
5,4          3299 1529  172    1760  655   85    1539  874   87
8,3          3257 1570  173    1727  693   80    1530  877   93
0,4          3246 1574  180    1723  676  101    1523  898   79
0,0          3237 1616  147    1747  683   70    1490  933   77
0,9          3231 1595  174    1779  643   78    1452  952   96
7,8          3212 1618  170    1739  672   89    1473  946   81
4,1          3210 1601  189    1691  714   95    1519  887   94
4,4          3193 1602  205    1761  634  105    1432  968  100
8,2          3179 1630  191    1796  623   81    1383 1007  110
1,7          3158 1633  209    1713  692   95    1445  941  114
9,2          3145 1677  178    1783  650   67    1362 1027  111
4,2          3143 1685  172    1711  712   77    1432  973   95
6,6          3111 1704  185    1730  679   91    1381 1025   94
3,0          3097 1676  227    1802  606   92    1295 1070  135
7,9          3097 1736  167    1736  679   85    1361 1057   82
9,4          3097 1712  191    1684  729   87    1413  983  104
2,3          3082 1745  173    1579  840   81    1503  905   92
7,0          3069 1744  187    1672  730   98    1397 1014   89
7,4          3069 1756  175    1795  622   83    1274 1134   92
7,6          3069 1747  184    1803  609   88    1266 1138   96
4,6          3062 1775  163    1810  605   85    1252 1170   78
9,8          3059 1779  162    1686  727   87    1373 1052   75
4,5          3044 1769  187    1711  704   85    1333 1065  102
6,7          3040 1770  190    1742  667   91    1298 1103   99
1,5          3038 1762  200    1786  617   97    1252 1145  103
3,9          3038 1785  177    1676  747   77    1362 1038  100
1,0          3036 1786  178    1755  664   81    1281 1122   97
8,7          3036 1770  194    1737  664   99    1299 1106   95
1,4          3012 1804  184    1702  706   92    1310 1098   92
0,7          3010 1829  161    1738  677   85    1272 1152   76
7,5          3007 1823  170    1764  654   82    1243 1169   88
5,7          3005 1806  189    1735  674   91    1270 1132   98
0,1          3004 1838  158    1680  736   84    1324 1102   74
9,0          3003 1815  182    1706  702   92    1297 1113   90
1,3          3000 1837  163    1705  716   79    1295 1121   84
2,8          2998 1847  155    1718  697   85    1280 1150   70
3,8          2980 1822  198    1681  723   96    1299 1099  102
1,8          2974 1828  198    1655  738  107    1319 1090   91
3,6          2974 1842  184    1773  644   83    1201 1198  101
9,7          2968 1877  155    1669  764   67    1299 1113   88
5,0          2953 1868  179    1733  676   91    1220 1192   88
0,2          2946 1868  186    1756  668   76    1190 1200  110
0,8          2937 1867  196    1803  601   96    1134 1266  100
5,6          2936 1867  197    1708  701   91    1228 1166  106
9,9          2933 1903  164    1817  597   86    1116 1306   78
8,5          2929 1875  196    1724  691   85    1205 1184  111
9,3          2924 1874  202    1782  621   97    1142 1253  105
7,3          2918 1904  178    1732  682   86    1186 1222   92
3,4          2913 1871  216    1660  743   97    1253 1128  119
2,5          2908 1909  183    1787  644   69    1121 1265  114
3,3          2899 1936  165    1670  748   82    1229 1188   83
9,6          2899 1951  150    1723  708   69    1176 1243   81
8,9          2898 1929  173    1741  686   73    1157 1243  100
3,5          2894 1909  197    1753  659   88    1141 1250  109
6,0          2894 1915  191    1703  702   95    1191 1213   96
5,5          2892 1939  169    1732  681   87    1160 1258   82
8,4          2892 1919  189    1698  700  102    1194 1219   87
9,1          2891 1923  186    1765  650   85    1126 1273  101
4,0          2885 1907  208    1631  768  101    1254 1139  107
5,1          2884 1911  205    1707  702   91    1177 1209  114
5,8          2877 1940  183    1790  620   90    1087 1320   93
2,1          2874 1925  201    1688  709  103    1186 1216   98
6,1          2870 1943  187    1681  735   84    1189 1208  103
1,2          2858 1965  177    1549  875   76    1309 1090  101
8,0          2858 1944  198    1702  697  101    1156 1247   97
5,9          2854 1973  173    1696  724   80    1158 1249   93
7,7          2849 1982  169    1671  745   84    1178 1237   85
2,9          2840 1978  182    1720  694   86    1120 1284   96
2,2          2839 1960  201    1628  767  105    1211 1193   96
6,8          2822 1972  206    1758  645   97    1064 1327  109
4,3          2811 1996  193    1613  795   92    1198 1201  101
2,0          2810 2000  190    1697  697  106    1113 1303   84
7,2          2809 2043  148    1742  686   72    1067 1357   76
3,2          2806 2010  184    1582  828   90    1224 1182   94
8,6          2779 2035  186    1717  694   89    1062 1341   97
2,7          2777 2026  197    1714  694   92    1063 1332  105
6,9          2775 2031  194    1668  722  110    1107 1309   84
6,5          2771 2055  174    1767  664   69    1004 1391  105
1,1          2767 2040  193    1608  802   90    1159 1238  103
4,9          2765 2015  220    1639  757  104    1126 1258  116
0,5          2762 2019  219    1655  746   99    1107 1273  120
0,3          2757 2061  182    1746  674   80    1011 1387  102
7,1          2748 2075  177    1705  710   85    1043 1365   92
0,6          2745 2063  192    1605  808   87    1140 1255  105
6,4          2703 2106  191    1733  668   99     970 1438   92
5,2          2675 2132  193    1684  732   84     991 1400  109
8,8          2674 2116  210    1640  754  106    1034 1362  104
2,4          2658 2162  180    1696  718   86     962 1444   94
3,1          2646 2164  190    1473  929   98    1173 1235   92
6,2          2619 2206  175    1776  648   76     843 1558   99
4,8          2604 2200  196    1665  734  101     939 1466   95
4,7          2599 2199  202    1740  657  103     859 1542   99
8,1          2595 2213  192    1755  663   82     840 1550  110
6,3          2594 2215  191    1668  744   88     926 1471  103
9,5          2557 2268  175    1718  707   75     839 1561  100
5,3          2474 2341  185    1651  748  101     823 1593   84
100


Team A Total Wins: 293812
Ties: 18399

50x50 vs 2k

Team A: 
Overall:           all             as Black          as White     
                W    L    T       W    L    T       W    L    T  
size: 100
1,9          3489 1347  164    1866  551   83    1623  796   81
3,7          3431 1426  143    1900  540   60    1531  886   83
0,4          3419 1426  155    1896  528   76    1523  898   79
8,3          3401 1413  186    1871  536   93    1530  877   93
5,4          3390 1452  158    1851  578   71    1539  874   87
0,9          3386 1443  171    1934  491   75    1452  952   96
1,6          3383 1467  150    1847  582   71    1536  885   79
2,6          3371 1450  179    1896  509   95    1475  941   84
0,0          3352 1471  177    1862  538  100    1490  933   77
7,8          3330 1510  160    1857  564   79    1473  946   81
2,3          3320 1519  161    1817  614   69    1503  905   92
4,1          3314 1518  168    1795  631   74    1519  887   94
4,4          3310 1509  181    1878  541   81    1432  968  100
6,6          3267 1551  182    1886  526   88    1381 1025   94
7,9          3265 1573  162    1904  516   80    1361 1057   82
9,8          3264 1572  164    1891  520   89    1373 1052   75
1,7          3262 1536  202    1817  595   88    1445  941  114
9,2          3243 1558  199    1881  531   88    1362 1027  111
9,4          3243 1565  192    1830  582   88    1413  983  104
3,9          3229 1584  187    1867  546   87    1362 1038  100
4,2          3227 1586  187    1795  613   92    1432  973   95
1,8          3190 1643  167    1871  553   76    1319 1090   91
8,7          3183 1635  182    1884  529   87    1299 1106   95
8,2          3182 1617  201    1799  610   91    1383 1007  110
9,0          3181 1643  176    1884  530   86    1297 1113   90
0,7          3180 1671  149    1908  519   73    1272 1152   76
4,5          3180 1647  173    1847  582   71    1333 1065  102
0,1          3173 1681  146    1849  579   72    1324 1102   74
7,0          3167 1665  168    1770  651   79    1397 1014   89
5,7          3163 1648  189    1893  516   91    1270 1132   98
1,4          3135 1679  186    1825  581   94    1310 1098   92
3,8          3129 1687  184    1830  588   82    1299 1099  102
1,2          3127 1682  191    1818  592   90    1309 1090  101
1,0          3126 1699  175    1845  577   78    1281 1122   97
7,6          3122 1705  173    1856  567   77    1266 1138   96
4,6          3121 1721  158    1869  551   80    1252 1170   78
6,7          3121 1687  192    1823  584   93    1298 1103   99
3,0          3120 1671  209    1825  601   74    1295 1070  135
2,8          3115 1739  146    1835  589   76    1280 1150   70
8,5          3114 1704  182    1909  520   71    1205 1184  111
4,0          3112 1690  198    1858  551   91    1254 1139  107
5,6          3112 1707  181    1884  541   75    1228 1166  106
1,3          3109 1727  164    1814  606   80    1295 1121   84
9,7          3103 1720  177    1804  607   89    1299 1113   88
3,4          3100 1686  214    1847  558   95    1253 1128  119
7,5          3088 1739  173    1845  570   85    1243 1169   88
5,0          3081 1740  179    1861  548   91    1220 1192   88
7,4          3075 1754  171    1801  620   79    1274 1134   92
3,6          3072 1744  184    1871  546   83    1201 1198  101
5,9          3067 1749  184    1909  500   91    1158 1249   93
4,3          3065 1759  176    1867  558   75    1198 1201  101
6,1          3060 1758  182    1871  550   79    1189 1208  103
8,4          3057 1772  171    1863  553   84    1194 1219   87
9,6          3055 1787  158    1879  544   77    1176 1243   81
0,2          3050 1746  204    1860  546   94    1190 1200  110
1,5          3047 1763  190    1795  618   87    1252 1145  103
2,2          3047 1776  177    1836  583   81    1211 1193   96
3,2          3046 1770  184    1822  588   90    1224 1182   94
9,3          3035 1791  174    1893  538   69    1142 1253  105
9,9          3028 1803  169    1912  497   91    1116 1306   78
5,5          3025 1816  159    1865  558   77    1160 1258   82
3,1          3017 1806  177    1844  571   85    1173 1235   92
0,8          3014 1816  170    1880  550   70    1134 1266  100
7,3          3011 1810  179    1825  588   87    1186 1222   92
6,9          3009 1842  149    1902  533   65    1107 1309   84
9,1          3009 1815  176    1883  542   75    1126 1273  101
8,0          3008 1819  173    1852  572   76    1156 1247   97
0,6          2995 1804  201    1855  549   96    1140 1255  105
1,1          2995 1822  183    1836  584   80    1159 1238  103
4,9          2993 1808  199    1867  550   83    1126 1258  116
8,9          2991 1820  189    1834  577   89    1157 1243  100
6,0          2987 1822  191    1796  609   95    1191 1213   96
2,1          2986 1832  182    1800  616   84    1186 1216   98
2,0          2983 1853  164    1870  550   80    1113 1303   84
3,3          2981 1864  155    1752  676   72    1229 1188   83
5,1          2978 1828  194    1801  619   80    1177 1209  114
2,5          2973 1824  203    1852  559   89    1121 1265  114
8,6          2962 1848  190    1900  507   93    1062 1341   97
7,7          2957 1864  179    1779  627   94    1178 1237   85
0,5          2949 1851  200    1842  578   80    1107 1273  120
3,5          2943 1872  185    1802  622   76    1141 1250  109
2,9          2937 1885  178    1817  601   82    1120 1284   96
5,8          2916 1918  166    1829  598   73    1087 1320   93
6,8          2911 1899  190    1847  572   81    1064 1327  109
6,5          2906 1902  192    1902  511   87    1004 1391  105
2,7          2901 1908  191    1838  576   86    1063 1332  105
7,1          2889 1926  185    1846  561   93    1043 1365   92
8,8          2887 1924  189    1853  562   85    1034 1362  104
7,2          2882 1941  177    1815  584  101    1067 1357   76
0,3          2864 1967  169    1853  580   67    1011 1387  102
4,8          2823 2000  177    1884  534   82     939 1466   95
2,4          2792 2031  177    1830  587   83     962 1444   94
6,3          2755 2057  188    1829  586   85     926 1471  103
5,2          2740 2049  211    1749  649  102     991 1400  109
6,4          2722 2086  192    1752  648  100     970 1438   92
6,2          2701 2112  187    1858  554   88     843 1558   99
5,3          2689 2159  152    1866  566   68     823 1593   84
4,7          2687 2130  183    1828  588   84     859 1542   99
9,5          2676 2143  181    1837  582   81     839 1561  100
8,1          2653 2154  193    1813  604   83     840 1550  110
100


Team A Total Wins: 307231
Ties: 17861


50x50 vs 3k

Team A: 
Overall:           all             as Black          as White     
                W    L    T       W    L    T       W    L    T  
size: 100
1,9          3327 1515  158    1704  719   77    1623  796   81
1,6          3302 1518  180    1766  633  101    1536  885   79
8,3          3286 1553  161    1756  676   68    1530  877   93
0,0          3271 1560  169    1781  627   92    1490  933   77
4,4          3259 1559  182    1827  591   82    1432  968  100
4,1          3255 1548  197    1736  661  103    1519  887   94
2,6          3253 1567  180    1778  626   96    1475  941   84
5,4          3238 1576  186    1699  702   99    1539  874   87
0,4          3224 1612  164    1701  714   85    1523  898   79
7,8          3221 1605  174    1748  659   93    1473  946   81
3,7          3198 1604  198    1667  718  115    1531  886   83
0,9          3196 1624  180    1744  672   84    1452  952   96
4,2          3195 1616  189    1763  643   94    1432  973   95
2,3          3189 1639  172    1686  734   80    1503  905   92
8,2          3182 1607  211    1799  600  101    1383 1007  110
1,7          3163 1624  213    1718  683   99    1445  941  114
9,2          3161 1649  190    1799  622   79    1362 1027  111
0,1          3146 1687  167    1822  585   93    1324 1102   74
3,8          3141 1682  177    1842  583   75    1299 1099  102
7,9          3135 1693  172    1774  636   90    1361 1057   82
1,4          3123 1703  174    1813  605   82    1310 1098   92
7,0          3120 1696  184    1723  682   95    1397 1014   89
6,6          3108 1689  203    1727  664  109    1381 1025   94
1,5          3104 1692  204    1852  547  101    1252 1145  103
1,8          3101 1728  171    1782  638   80    1319 1090   91
3,0          3093 1682  225    1798  612   90    1295 1070  135
3,9          3092 1711  197    1730  673   97    1362 1038  100
4,5          3091 1702  207    1758  637  105    1333 1065  102
0,7          3080 1757  163    1808  605   87    1272 1152   76
9,7          3075 1753  172    1776  640   84    1299 1113   88
9,8          3065 1758  177    1692  706  102    1373 1052   75
1,2          3057 1754  189    1748  664   88    1309 1090  101
9,4          3057 1754  189    1644  771   85    1413  983  104
4,0          3055 1728  217    1801  589  110    1254 1139  107
4,6          3045 1799  156    1793  629   78    1252 1170   78
3,2          3033 1791  176    1809  609   82    1224 1182   94
2,8          3029 1823  148    1749  673   78    1280 1150   70
1,3          3021 1806  173    1726  685   89    1295 1121   84
3,4          3021 1777  202    1768  649   83    1253 1128  119
3,6          3018 1795  187    1817  597   86    1201 1198  101
9,0          3018 1809  173    1721  696   83    1297 1113   90
6,1          3013 1794  193    1824  586   90    1189 1208  103
9,6          3012 1830  158    1836  587   77    1176 1243   81
7,6          3001 1816  183    1735  678   87    1266 1138   96
5,7          2998 1820  182    1728  688   84    1270 1132   98
8,5          2998 1806  196    1793  622   85    1205 1184  111
6,7          2994 1817  189    1696  714   90    1298 1103   99
4,3          2993 1819  188    1795  618   87    1198 1201  101
1,0          2983 1823  194    1702  701   97    1281 1122   97
2,0          2974 1876  150    1861  573   66    1113 1303   84
3,5          2974 1829  197    1833  579   88    1141 1250  109
7,5          2965 1842  193    1722  673  105    1243 1169   88
3,3          2963 1856  181    1734  668   98    1229 1188   83
5,9          2955 1863  182    1797  614   89    1158 1249   93
2,2          2953 1860  187    1742  667   91    1211 1193   96
5,6          2953 1839  208    1725  673  102    1228 1166  106
8,0          2951 1844  205    1795  597  108    1156 1247   97
7,3          2946 1842  212    1760  620  120    1186 1222   92
0,2          2935 1862  203    1745  662   93    1190 1200  110
6,0          2933 1884  183    1742  671   87    1191 1213   96
1,1          2930 1866  204    1771  628  101    1159 1238  103
7,4          2922 1891  187    1648  757   95    1274 1134   92
2,1          2921 1894  185    1735  678   87    1186 1216   98
3,1          2917 1884  199    1744  649  107    1173 1235   92
8,4          2914 1910  176    1720  691   89    1194 1219   87
5,0          2911 1907  182    1691  715   94    1220 1192   88
8,7          2901 1891  208    1602  785  113    1299 1106   95
9,9          2897 1943  160    1781  637   82    1116 1306   78
2,5          2895 1901  204    1774  636   90    1121 1265  114
0,5          2892 1899  209    1785  626   89    1107 1273  120
4,9          2884 1911  205    1758  653   89    1126 1258  116
7,2          2883 1940  177    1816  583  101    1067 1357   76
2,7          2874 1945  181    1811  613   76    1063 1332  105
2,9          2868 1956  176    1748  672   80    1120 1284   96
7,7          2860 1956  184    1682  719   99    1178 1237   85
8,9          2860 1943  197    1703  700   97    1157 1243  100
0,6          2857 1951  192    1717  696   87    1140 1255  105
5,5          2849 1982  169    1689  724   87    1160 1258   82
9,1          2844 1967  189    1718  694   88    1126 1273  101
6,9          2839 1988  173    1732  679   89    1107 1309   84
0,8          2829 1988  183    1695  722   83    1134 1266  100
5,1          2828 1970  202    1651  761   88    1177 1209  114
7,1          2817 1991  192    1774  626  100    1043 1365   92
8,6          2816 2001  183    1754  660   86    1062 1341   97
5,8          2789 2027  184    1702  707   91    1087 1320   93
8,8          2771 2047  182    1737  685   78    1034 1362  104
6,4          2765 2051  184    1795  613   92     970 1438   92
9,3          2753 2040  207    1611  787  102    1142 1253  105
6,8          2719 2072  209    1655  745  100    1064 1327  109
6,5          2717 2096  187    1713  705   82    1004 1391  105
5,2          2687 2117  196    1696  717   87     991 1400  109
4,7          2677 2144  179    1818  602   80     859 1542   99
8,1          2665 2136  199    1825  586   89     840 1550  110
0,3          2657 2145  198    1646  758   96    1011 1387  102
4,8          2649 2167  184    1710  701   89     939 1466   95
9,5          2647 2164  189    1808  603   89     839 1561  100
6,3          2645 2172  183    1719  701   80     926 1471  103
5,3          2631 2193  176    1808  600   92     823 1593   84
6,2          2626 2176  198    1783  618   99     843 1558   99
2,4          2615 2191  194    1653  747  100     962 1444   94
100


Team A Total Wins: 297263
Ties: 18657

50x50 vs 4k

Team A: 
Overall:           all             as Black          as White     
                W    L    T       W    L    T       W    L    T  
size: 100
1,9          3498 1345  157    1875  549   76    1623  796   81
1,6          3435 1410  155    1899  525   76    1536  885   79
4,1          3430 1387  183    1911  500   89    1519  887   94
0,4          3423 1408  169    1900  510   90    1523  898   79
3,7          3418 1423  159    1887  537   76    1531  886   83
8,3          3408 1420  172    1878  543   79    1530  877   93
0,9          3373 1459  168    1921  507   72    1452  952   96
0,0          3320 1509  171    1830  576   94    1490  933   77
7,8          3320 1513  167    1847  567   86    1473  946   81
5,4          3315 1524  161    1776  650   74    1539  874   87
1,7          3311 1483  206    1866  542   92    1445  941  114
2,3          3310 1511  179    1807  606   87    1503  905   92
9,4          3301 1500  199    1888  517   95    1413  983  104
4,2          3300 1499  201    1868  526  106    1432  973   95
2,6          3298 1530  172    1823  589   88    1475  941   84
9,2          3281 1535  184    1919  508   73    1362 1027  111
4,4          3276 1538  186    1844  570   86    1432  968  100
8,2          3260 1540  200    1877  533   90    1383 1007  110
7,0          3256 1577  167    1859  563   78    1397 1014   89
6,6          3255 1559  186    1874  534   92    1381 1025   94
9,8          3244 1602  154    1871  550   79    1373 1052   75
3,8          3239 1565  196    1940  466   94    1299 1099  102
7,9          3232 1598  170    1871  541   88    1361 1057   82
1,8          3219 1602  179    1900  512   88    1319 1090   91
3,9          3201 1612  187    1839  574   87    1362 1038  100
9,7          3198 1630  172    1899  517   84    1299 1113   88
5,7          3192 1631  177    1922  499   79    1270 1132   98
3,0          3178 1580  242    1883  510  107    1295 1070  135
9,0          3168 1647  185    1871  534   95    1297 1113   90
4,6          3167 1681  152    1915  511   74    1252 1170   78
5,6          3166 1660  174    1938  494   68    1228 1166  106
6,7          3166 1633  201    1868  530  102    1298 1103   99
7,4          3166 1654  180    1892  520   88    1274 1134   92
4,0          3165 1648  187    1911  509   80    1254 1139  107
8,7          3162 1661  177    1863  555   82    1299 1106   95
7,6          3152 1671  177    1886  533   81    1266 1138   96
4,5          3148 1676  176    1815  611   74    1333 1065  102
1,3          3145 1680  175    1850  559   91    1295 1121   84
0,7          3128 1702  170    1856  550   94    1272 1152   76
5,0          3127 1699  174    1907  507   86    1220 1192   88
7,5          3123 1701  176    1880  532   88    1243 1169   88
0,1          3119 1699  182    1795  597  108    1324 1102   74
3,4          3109 1694  197    1856  566   78    1253 1128  119
1,0          3104 1689  207    1823  567  110    1281 1122   97
1,5          3096 1730  174    1844  585   71    1252 1145  103
3,1          3090 1733  177    1917  498   85    1173 1235   92
8,5          3088 1732  180    1883  548   69    1205 1184  111
2,8          3081 1745  174    1801  595  104    1280 1150   70
1,2          3078 1730  192    1769  640   91    1309 1090  101
8,9          3069 1740  191    1912  497   91    1157 1243  100
5,1          3066 1729  205    1889  520   91    1177 1209  114
8,4          3055 1778  167    1861  559   80    1194 1219   87
3,3          3053 1772  175    1824  584   92    1229 1188   83
7,7          3053 1775  172    1875  538   87    1178 1237   85
5,9          3049 1776  175    1891  527   82    1158 1249   93
8,0          3049 1782  169    1893  535   72    1156 1247   97
1,1          3042 1766  192    1883  528   89    1159 1238  103
5,5          3036 1802  162    1876  544   80    1160 1258   82
6,0          3032 1785  183    1841  572   87    1191 1213   96
2,2          3030 1790  180    1819  597   84    1211 1193   96
1,4          3027 1778  195    1717  680  103    1310 1098   92
0,8          3026 1794  180    1892  528   80    1134 1266  100
4,9          3024 1791  185    1898  533   69    1126 1258  116
6,1          3014 1781  205    1825  573  102    1189 1208  103
5,8          3001 1832  167    1914  512   74    1087 1320   93
3,2          2999 1815  186    1775  633   92    1224 1182   94
7,3          2998 1827  175    1812  605   83    1186 1222   92
0,6          2995 1812  193    1855  557   88    1140 1255  105
0,2          2994 1805  201    1804  605   91    1190 1200  110
6,9          2991 1848  161    1884  539   77    1107 1309   84
6,8          2986 1819  195    1922  492   86    1064 1327  109
9,6          2982 1847  171    1806  604   90    1176 1243   81
2,0          2981 1848  171    1868  545   87    1113 1303   84
3,5          2976 1837  187    1835  587   78    1141 1250  109
8,6          2974 1839  187    1912  498   90    1062 1341   97
2,1          2972 1851  177    1786  635   79    1186 1216   98
9,9          2971 1860  169    1855  554   91    1116 1306   78
3,6          2963 1852  185    1762  654   84    1201 1198  101
4,3          2963 1839  198    1765  638   97    1198 1201  101
0,5          2955 1838  207    1848  565   87    1107 1273  120
9,3          2940 1865  195    1798  612   90    1142 1253  105
2,9          2939 1880  181    1819  596   85    1120 1284   96
9,1          2902 1906  192    1776  633   91    1126 1273  101
6,5          2899 1909  192    1895  518   87    1004 1391  105
8,8          2886 1928  186    1852  566   82    1034 1362  104
6,4          2881 1948  171    1911  510   79     970 1438   92
0,3          2877 1936  187    1866  549   85    1011 1387  102
2,7          2869 1936  195    1806  604   90    1063 1332  105
2,5          2866 1951  183    1745  686   69    1121 1265  114
7,1          2846 1977  177    1803  612   85    1043 1365   92
5,2          2811 1982  207    1820  582   98     991 1400  109
4,8          2797 2030  173    1858  564   78     939 1466   95
4,7          2790 2041  169    1931  499   70     859 1542   99
7,2          2784 2042  174    1717  685   98    1067 1357   76
2,4          2748 2066  186    1786  622   92     962 1444   94
9,5          2741 2079  180    1902  518   80     839 1561  100
6,2          2719 2095  186    1876  537   87     843 1558   99
5,3          2693 2150  157    1870  557   73     823 1593   84
6,3          2691 2115  194    1765  644   91     926 1471  103
8,1          2690 2119  191    1850  569   81     840 1550  110
100


Team A Total Wins: 307934
Ties: 18148

50x50 vs 5k

Team A: 
Overall:           all             as Black          as White     
                W    L    T       W    L    T       W    L    T  
size: 100
1,9          3459 1371  170    1836  575   89    1623  796   81
5,4          3333 1503  164    1794  629   77    1539  874   87
1,6          3329 1506  165    1793  621   86    1536  885   79
3,7          3321 1507  172    1790  621   89    1531  886   83
0,4          3320 1511  169    1797  613   90    1523  898   79
8,3          3311 1499  190    1781  622   97    1530  877   93
7,8          3308 1543  149    1835  597   68    1473  946   81
4,1          3278 1541  181    1759  654   87    1519  887   94
2,3          3270 1543  187    1767  638   95    1503  905   92
0,0          3266 1562  172    1776  629   95    1490  933   77
2,6          3256 1578  166    1781  637   82    1475  941   84
4,2          3238 1588  174    1806  615   79    1432  973   95
1,7          3234 1566  200    1789  625   86    1445  941  114
4,4          3179 1635  186    1747  667   86    1432  968  100
0,9          3174 1642  184    1722  690   88    1452  952   96
6,6          3173 1642  185    1792  617   91    1381 1025   94
9,8          3159 1684  157    1786  632   82    1373 1052   75
3,9          3153 1677  170    1791  639   70    1362 1038  100
7,9          3149 1686  165    1788  629   83    1361 1057   82
0,7          3141 1705  154    1869  553   78    1272 1152   76
7,0          3140 1679  181    1743  665   92    1397 1014   89
7,4          3134 1692  174    1860  558   82    1274 1134   92
9,4          3131 1669  200    1718  686   96    1413  983  104
8,2          3125 1675  200    1742  668   90    1383 1007  110
4,0          3121 1702  177    1867  563   70    1254 1139  107
5,7          3121 1698  181    1851  566   83    1270 1132   98
0,1          3115 1724  161    1791  622   87    1324 1102   74
1,8          3112 1697  191    1793  607  100    1319 1090   91
9,0          3112 1725  163    1815  612   73    1297 1113   90
3,3          3092 1746  162    1863  558   79    1229 1188   83
4,5          3091 1734  175    1758  669   73    1333 1065  102
1,3          3089 1746  165    1794  625   81    1295 1121   84
1,0          3087 1720  193    1806  598   96    1281 1122   97
9,7          3081 1739  180    1782  626   92    1299 1113   88
9,2          3078 1723  199    1716  696   88    1362 1027  111
8,7          3077 1743  180    1778  637   85    1299 1106   95
5,1          3075 1739  186    1898  530   72    1177 1209  114
6,1          3067 1750  183    1878  542   80    1189 1208  103
3,0          3065 1704  231    1770  634   96    1295 1070  135
2,8          3061 1790  149    1781  640   79    1280 1150   70
6,0          3053 1772  175    1862  559   79    1191 1213   96
3,2          3052 1773  175    1828  591   81    1224 1182   94
1,4          3050 1770  180    1740  672   88    1310 1098   92
6,7          3049 1764  187    1751  661   88    1298 1103   99
7,6          3047 1767  186    1781  629   90    1266 1138   96
1,2          3046 1764  190    1737  674   89    1309 1090  101
1,5          3045 1776  179    1793  631   76    1252 1145  103
3,8          3042 1753  205    1743  654  103    1299 1099  102
3,1          3038 1795  167    1865  560   75    1173 1235   92
7,3          3028 1786  186    1842  564   94    1186 1222   92
7,5          3027 1791  182    1784  622   94    1243 1169   88
3,4          3020 1774  206    1767  646   87    1253 1128  119
9,6          3014 1804  182    1838  561  101    1176 1243   81
8,4          3005 1827  168    1811  608   81    1194 1219   87
4,6          3004 1834  162    1752  664   84    1252 1170   78
5,6          3004 1811  185    1776  645   79    1228 1166  106
5,0          2999 1834  167    1779  642   79    1220 1192   88
8,0          2993 1813  194    1837  566   97    1156 1247   97
0,6          2992 1815  193    1852  560   88    1140 1255  105
2,2          2972 1861  167    1761  668   71    1211 1193   96
2,1          2970 1847  183    1784  631   85    1186 1216   98
4,3          2968 1847  185    1770  646   84    1198 1201  101
6,9          2961 1870  169    1854  561   85    1107 1309   84
8,5          2961 1850  189    1756  666   78    1205 1184  111
5,8          2958 1875  167    1871  555   74    1087 1320   93
0,2          2954 1855  191    1764  655   81    1190 1200  110
3,6          2952 1849  199    1751  651   98    1201 1198  101
7,7          2950 1861  189    1772  624  104    1178 1237   85
8,9          2946 1867  187    1789  624   87    1157 1243  100
5,5          2938 1904  158    1778  646   76    1160 1258   82
7,1          2937 1895  168    1894  530   76    1043 1365   92
5,9          2927 1896  177    1769  647   84    1158 1249   93
8,6          2919 1902  179    1857  561   82    1062 1341   97
4,9          2904 1899  197    1778  641   81    1126 1258  116
2,5          2902 1886  212    1781  621   98    1121 1265  114
9,3          2899 1915  186    1757  662   81    1142 1253  105
0,5          2892 1897  211    1785  624   91    1107 1273  120
2,0          2891 1932  177    1778  629   93    1113 1303   84
2,9          2887 1931  182    1767  647   86    1120 1284   96
1,1          2885 1925  190    1726  687   87    1159 1238  103
9,9          2879 1949  172    1763  643   94    1116 1306   78
0,8          2857 1962  181    1723  696   81    1134 1266  100
6,8          2845 1944  211    1781  617  102    1064 1327  109
3,5          2842 1954  204    1701  704   95    1141 1250  109
7,2          2842 1984  174    1775  627   98    1067 1357   76
2,7          2814 2004  182    1751  672   77    1063 1332  105
0,3          2804 2008  188    1793  621   86    1011 1387  102
9,1          2803 1991  206    1677  718  105    1126 1273  101
2,4          2792 2040  168    1830  596   74     962 1444   94
6,5          2779 2026  195    1775  635   90    1004 1391  105
4,8          2766 2069  165    1827  603   70     939 1466   95
8,8          2764 2036  200    1730  674   96    1034 1362  104
5,2          2739 2064  197    1748  664   88     991 1400  109
6,3          2721 2112  167    1795  641   64     926 1471  103
6,4          2721 2095  184    1751  657   92     970 1438   92
6,2          2636 2175  189    1793  617   90     843 1558   99
4,7          2611 2212  177    1752  670   78     859 1542   99
9,5          2575 2234  191    1736  673   91     839 1561  100
5,3          2568 2245  187    1745  652  103     823 1593   84
8,1          2516 2267  217    1676  717  107     840 1550  110
100


Team A Total Wins: 300980
Ties: 18178

50x50 vs 6k

Team A: 
Overall:           all             as Black          as White     
                W    L    T       W    L    T       W    L    T  
size: 100
1,9          3446 1385  169    1823  589   88    1623  796   81
2,3          3385 1452  163    1882  547   71    1503  905   92
1,6          3377 1457  166    1841  572   87    1536  885   79
8,3          3367 1443  190    1837  566   97    1530  877   93
5,4          3357 1469  174    1818  595   87    1539  874   87
3,7          3313 1512  175    1782  626   92    1531  886   83
4,1          3303 1519  178    1784  632   84    1519  887   94
2,6          3254 1574  172    1779  633   88    1475  941   84
0,4          3253 1593  154    1730  695   75    1523  898   79
0,9          3240 1585  175    1788  633   79    1452  952   96
0,0          3237 1592  171    1747  659   94    1490  933   77
1,3          3231 1609  160    1936  488   76    1295 1121   84
4,4          3222 1617  161    1790  649   61    1432  968  100
1,7          3220 1586  194    1775  645   80    1445  941  114
6,6          3220 1619  161    1839  594   67    1381 1025   94
7,8          3208 1613  179    1735  667   98    1473  946   81
4,2          3199 1612  189    1767  639   94    1432  973   95
1,2          3197 1623  180    1888  533   79    1309 1090  101
9,4          3189 1616  195    1776  633   91    1413  983  104
1,4          3188 1642  170    1878  544   78    1310 1098   92
7,0          3186 1645  169    1789  631   80    1397 1014   89
9,2          3185 1624  191    1823  597   80    1362 1027  111
8,2          3180 1632  188    1797  625   78    1383 1007  110
7,9          3171 1656  173    1810  599   91    1361 1057   82
3,9          3169 1646  185    1807  608   85    1362 1038  100
9,7          3168 1658  174    1869  545   86    1299 1113   88
3,3          3150 1702  148    1921  514   65    1229 1188   83
8,7          3141 1698  161    1842  592   66    1299 1106   95
3,8          3129 1685  186    1830  586   84    1299 1099  102
6,7          3127 1697  176    1829  594   77    1298 1103   99
1,0          3126 1696  178    1845  574   81    1281 1122   97
5,9          3125 1724  151    1967  475   58    1158 1249   93
0,1          3117 1732  151    1793  630   77    1324 1102   74
3,2          3117 1730  153    1893  548   59    1224 1182   94
4,5          3116 1674  210    1783  609  108    1333 1065  102
9,8          3107 1729  164    1734  677   89    1373 1052   75
2,8          3104 1749  147    1824  599   77    1280 1150   70
2,2          3101 1741  158    1890  548   62    1211 1193   96
3,0          3101 1679  220    1806  609   85    1295 1070  135
9,0          3098 1730  172    1801  617   82    1297 1113   90
5,7          3094 1720  186    1824  588   88    1270 1132   98
3,6          3092 1723  185    1891  525   84    1201 1198  101
4,0          3090 1721  189    1836  582   82    1254 1139  107
1,5          3084 1717  199    1832  572   96    1252 1145  103
7,4          3079 1750  171    1805  616   79    1274 1134   92
7,5          3075 1761  164    1832  592   76    1243 1169   88
7,6          3070 1753  177    1804  615   81    1266 1138   96
9,6          3066 1783  151    1890  540   70    1176 1243   81
0,7          3064 1770  166    1792  618   90    1272 1152   76
5,6          3059 1750  191    1831  584   85    1228 1166  106
1,8          3056 1751  193    1737  661  102    1319 1090   91
7,3          3047 1773  180    1861  551   88    1186 1222   92
8,5          3040 1768  192    1835  584   81    1205 1184  111
3,4          3038 1745  217    1785  617   98    1253 1128  119
4,6          3035 1791  174    1783  621   96    1252 1170   78
0,2          3031 1794  175    1841  594   65    1190 1200  110
0,6          3031 1774  195    1891  519   90    1140 1255  105
6,0          3022 1804  174    1831  591   78    1191 1213   96
4,3          3018 1802  180    1820  601   79    1198 1201  101
8,0          3015 1814  171    1859  567   74    1156 1247   97
2,1          3012 1797  191    1826  581   93    1186 1216   98
7,7          3009 1830  161    1831  593   76    1178 1237   85
0,5          3002 1789  209    1895  516   89    1107 1273  120
5,0          3001 1823  176    1781  631   88    1220 1192   88
4,9          2986 1818  196    1860  560   80    1126 1258  116
8,4          2978 1842  180    1784  623   93    1194 1219   87
8,9          2973 1831  196    1816  588   96    1157 1243  100
5,8          2971 1857  172    1884  537   79    1087 1320   93
6,9          2971 1862  167    1864  553   83    1107 1309   84
1,1          2967 1854  179    1808  616   76    1159 1238  103
5,1          2956 1842  202    1779  633   88    1177 1209  114
5,5          2952 1878  170    1792  620   88    1160 1258   82
3,5          2951 1842  207    1810  592   98    1141 1250  109
2,9          2946 1872  182    1826  588   86    1120 1284   96
9,9          2931 1892  177    1815  586   99    1116 1306   78
9,1          2928 1887  185    1802  614   84    1126 1273  101
6,1          2924 1884  192    1735  676   89    1189 1208  103
6,8          2918 1895  187    1854  568   78    1064 1327  109
0,8          2917 1896  187    1783  630   87    1134 1266  100
9,3          2913 1900  187    1771  647   82    1142 1253  105
8,6          2909 1925  166    1847  584   69    1062 1341   97
2,0          2906 1910  184    1793  607  100    1113 1303   84
2,4          2887 1944  169    1925  500   75     962 1444   94
3,1          2884 1938  178    1711  703   86    1173 1235   92
2,5          2883 1900  217    1762  635  103    1121 1265  114
7,1          2880 1942  178    1837  577   86    1043 1365   92
2,7          2872 1942  186    1809  610   81    1063 1332  105
7,2          2871 1973  156    1804  616   80    1067 1357   76
0,3          2834 1982  184    1823  595   82    1011 1387  102
6,4          2798 2015  187    1828  577   95     970 1438   92
5,2          2788 2033  179    1797  633   70     991 1400  109
6,5          2738 2070  192    1734  679   87    1004 1391  105
6,3          2712 2100  188    1786  629   85     926 1471  103
4,8          2706 2105  189    1767  639   94     939 1466   95
9,5          2686 2132  182    1847  571   82     839 1561  100
8,8          2676 2118  206    1642  756  102    1034 1362  104
8,1          2672 2115  213    1832  565  103     840 1550  110
4,7          2623 2182  195    1764  640   96     859 1542   99
6,2          2618 2195  187    1775  637   88     843 1558   99
5,3          2561 2251  188    1738  658  104     823 1593   84
100


Team A Total Wins: 303940
Ties: 17988

50x50 vs 7k

Team A: 
Overall:           all             as Black          as White     
                W    L    T       W    L    T       W    L    T  
size: 100
1,9          3432 1393  175    1809  597   94    1623  796   81
2,3          3432 1413  155    1929  508   63    1503  905   92
4,1          3400 1426  174    1881  539   80    1519  887   94
0,4          3373 1450  177    1850  552   98    1523  898   79
3,7          3372 1466  162    1841  580   79    1531  886   83
8,3          3361 1474  165    1831  597   72    1530  877   93
5,4          3359 1474  167    1820  600   80    1539  874   87
7,8          3329 1519  152    1856  573   71    1473  946   81
7,0          3326 1506  168    1929  492   79    1397 1014   89
2,6          3319 1520  161    1844  579   77    1475  941   84
4,4          3312 1504  184    1880  536   84    1432  968  100
1,6          3311 1512  177    1775  627   98    1536  885   79
0,9          3307 1518  175    1855  566   79    1452  952   96
8,2          3297 1530  173    1914  523   63    1383 1007  110
0,0          3291 1557  152    1801  624   75    1490  933   77
4,2          3274 1549  177    1842  576   82    1432  973   95
9,7          3241 1592  167    1942  479   79    1299 1113   88
1,7          3235 1566  199    1790  625   85    1445  941  114
9,2          3228 1584  188    1866  557   77    1362 1027  111
3,9          3224 1590  186    1862  552   86    1362 1038  100
6,7          3205 1612  183    1907  509   84    1298 1103   99
6,6          3204 1619  177    1823  594   83    1381 1025   94
9,4          3199 1637  164    1786  654   60    1413  983  104
1,0          3196 1633  171    1915  511   74    1281 1122   97
4,5          3193 1622  185    1860  557   83    1333 1065  102
9,8          3187 1669  144    1814  617   69    1373 1052   75
7,9          3161 1665  174    1800  608   92    1361 1057   82
4,0          3152 1660  188    1898  521   81    1254 1139  107
1,8          3150 1681  169    1831  591   78    1319 1090   91
3,0          3150 1636  214    1855  566   79    1295 1070  135
0,7          3142 1697  161    1870  545   85    1272 1152   76
1,2          3140 1687  173    1831  597   72    1309 1090  101
5,0          3140 1712  148    1920  520   60    1220 1192   88
3,4          3137 1670  193    1884  542   74    1253 1128  119
1,4          3128 1703  169    1818  605   77    1310 1098   92
3,8          3127 1679  194    1828  580   92    1299 1099  102
1,3          3121 1711  168    1826  590   84    1295 1121   84
1,5          3118 1705  177    1866  560   74    1252 1145  103
5,7          3113 1712  175    1843  580   77    1270 1132   98
7,4          3108 1696  196    1834  562  104    1274 1134   92
7,6          3107 1722  171    1841  584   75    1266 1138   96
8,7          3099 1704  197    1800  598  102    1299 1106   95
9,0          3098 1702  200    1801  589  110    1297 1113   90
2,8          3096 1752  152    1816  602   82    1280 1150   70
3,6          3096 1723  181    1895  525   80    1201 1198  101
0,1          3095 1747  158    1771  645   84    1324 1102   74
3,2          3091 1753  156    1867  571   62    1224 1182   94
7,3          3087 1742  171    1901  520   79    1186 1222   92
5,9          3086 1739  175    1928  490   82    1158 1249   93
3,1          3079 1747  174    1906  512   82    1173 1235   92
5,1          3078 1734  188    1901  525   74    1177 1209  114
8,5          3078 1736  186    1873  552   75    1205 1184  111
3,3          3074 1770  156    1845  582   73    1229 1188   83
7,5          3066 1768  166    1823  599   78    1243 1169   88
5,6          3065 1747  188    1837  581   82    1228 1166  106
8,0          3051 1771  178    1895  524   81    1156 1247   97
2,2          3050 1774  176    1839  581   80    1211 1193   96
6,1          3042 1773  185    1853  565   82    1189 1208  103
8,9          3037 1772  191    1880  529   91    1157 1243  100
4,3          3035 1770  195    1837  569   94    1198 1201  101
2,1          3034 1791  175    1848  575   77    1186 1216   98
2,9          3030 1778  192    1910  494   96    1120 1284   96
9,1          3026 1803  171    1900  530   70    1126 1273  101
2,5          3022 1782  196    1901  517   82    1121 1265  114
7,2          3012 1838  150    1945  481   74    1067 1357   76
3,5          3011 1798  191    1870  548   82    1141 1250  109
0,6          3002 1813  185    1862  558   80    1140 1255  105
7,7          3001 1816  183    1823  579   98    1178 1237   85
6,0          3000 1819  181    1809  606   85    1191 1213   96
4,9          2998 1800  202    1872  542   86    1126 1258  116
9,6          2998 1835  167    1822  592   86    1176 1243   81
0,2          2983 1820  197    1793  620   87    1190 1200  110
1,1          2972 1843  185    1813  605   82    1159 1238  103
5,8          2967 1847  186    1880  527   93    1087 1320   93
0,5          2966 1832  202    1859  559   82    1107 1273  120
6,9          2965 1877  158    1858  568   74    1107 1309   84
4,6          2964 1862  174    1712  692   96    1252 1170   78
6,8          2963 1856  181    1899  529   72    1064 1327  109
2,7          2962 1846  192    1899  514   87    1063 1332  105
0,8          2956 1851  193    1822  585   93    1134 1266  100
8,4          2949 1869  182    1755  650   95    1194 1219   87
8,6          2945 1885  170    1883  544   73    1062 1341   97
9,9          2925 1908  167    1809  602   89    1116 1306   78
5,5          2916 1922  162    1756  664   80    1160 1258   82
7,1          2910 1932  158    1867  567   66    1043 1365   92
6,4          2892 1952  156    1922  514   64     970 1438   92
2,0          2881 1964  155    1768  661   71    1113 1303   84
8,8          2876 1927  197    1842  565   93    1034 1362  104
9,3          2858 1940  202    1716  687   97    1142 1253  105
0,3          2842 1967  191    1831  580   89    1011 1387  102
5,2          2837 1980  183    1846  580   74     991 1400  109
2,4          2823 2004  173    1861  560   79     962 1444   94
6,5          2820 2001  179    1816  610   74    1004 1391  105
4,8          2811 2020  169    1872  554   74     939 1466   95
6,3          2791 2019  190    1865  548   87     926 1471  103
5,3          2714 2126  160    1891  533   76     823 1593   84
6,2          2700 2131  169    1857  573   70     843 1558   99
8,1          2672 2131  197    1832  581   87     840 1550  110
4,7          2636 2192  172    1777  650   73     859 1542   99
9,5          2563 2247  190    1724  686   90     839 1561  100
100


Team A Total Wins: 307197
Ties: 17684

50x50 vs 8k

Team A: 
Overall:           all             as Black          as White     
                W    L    T       W    L    T       W    L    T  
size: 100
1,9          3441 1399  160    1818  603   79    1623  796   81
8,3          3400 1445  155    1870  568   62    1530  877   93
5,4          3367 1473  160    1828  599   73    1539  874   87
1,6          3364 1478  158    1828  593   79    1536  885   79
2,3          3360 1478  162    1857  573   70    1503  905   92
4,1          3347 1482  171    1828  595   77    1519  887   94
0,0          3334 1507  159    1844  574   82    1490  933   77
3,7          3325 1516  159    1794  630   76    1531  886   83
7,8          3296 1530  174    1823  584   93    1473  946   81
1,7          3281 1524  195    1836  583   81    1445  941  114
0,4          3274 1550  176    1751  652   97    1523  898   79
6,6          3265 1563  172    1884  538   78    1381 1025   94
4,4          3245 1577  178    1813  609   78    1432  968  100
2,6          3223 1605  172    1748  664   88    1475  941   84
0,9          3222 1602  176    1770  650   80    1452  952   96
7,9          3219 1630  151    1858  573   69    1361 1057   82
7,0          3217 1616  167    1820  602   78    1397 1014   89
4,5          3210 1605  185    1877  540   83    1333 1065  102
9,8          3202 1650  148    1829  598   73    1373 1052   75
4,2          3201 1629  170    1769  656   75    1432  973   95
9,4          3196 1619  185    1783  636   81    1413  983  104
9,2          3177 1631  192    1815  604   81    1362 1027  111
8,2          3169 1627  204    1786  620   94    1383 1007  110
1,8          3165 1672  163    1846  582   72    1319 1090   91
9,7          3142 1705  153    1843  592   65    1299 1113   88
1,4          3139 1680  181    1829  582   89    1310 1098   92
3,0          3138 1654  208    1843  584   73    1295 1070  135
6,7          3136 1683  181    1838  580   82    1298 1103   99
4,0          3131 1698  171    1877  559   64    1254 1139  107
8,7          3126 1699  175    1827  593   80    1299 1106   95
0,7          3120 1728  152    1848  576   76    1272 1152   76
3,9          3118 1701  181    1756  663   81    1362 1038  100
0,1          3116 1729  155    1792  627   81    1324 1102   74
3,8          3112 1705  183    1813  606   81    1299 1099  102
1,2          3103 1707  190    1794  617   89    1309 1090  101
3,2          3101 1734  165    1877  552   71    1224 1182   94
5,0          3097 1735  168    1877  543   80    1220 1192   88
1,0          3092 1719  189    1811  597   92    1281 1122   97
2,8          3089 1760  151    1809  610   81    1280 1150   70
4,6          3086 1757  157    1834  587   79    1252 1170   78
5,7          3080 1748  172    1810  616   74    1270 1132   98
7,4          3078 1747  175    1804  613   83    1274 1134   92
3,3          3076 1764  160    1847  576   77    1229 1188   83
1,5          3073 1743  184    1821  598   81    1252 1145  103
7,5          3071 1759  170    1828  590   82    1243 1169   88
2,2          3052 1775  173    1841  582   77    1211 1193   96
9,0          3044 1784  172    1747  671   82    1297 1113   90
3,4          3040 1760  200    1787  632   81    1253 1128  119
9,3          3035 1776  189    1893  523   84    1142 1253  105
6,0          3028 1802  170    1837  589   74    1191 1213   96
7,6          3025 1790  185    1759  652   89    1266 1138   96
0,2          3024 1784  192    1834  584   82    1190 1200  110
8,5          3013 1783  204    1808  599   93    1205 1184  111
7,3          3010 1821  169    1824  599   77    1186 1222   92
3,6          3004 1821  175    1803  623   74    1201 1198  101
5,9          3002 1835  163    1844  586   70    1158 1249   93
9,9          3002 1852  146    1886  546   68    1116 1306   78
4,3          3001 1800  199    1803  599   98    1198 1201  101
3,1          2998 1820  182    1825  585   90    1173 1235   92
5,6          2995 1831  174    1767  665   68    1228 1166  106
7,7          2995 1841  164    1817  604   79    1178 1237   85
6,1          2994 1823  183    1805  615   80    1189 1208  103
1,3          2993 1840  167    1698  719   83    1295 1121   84
9,6          2991 1836  173    1815  593   92    1176 1243   81
8,9          2989 1834  177    1832  591   77    1157 1243  100
1,1          2985 1833  182    1826  595   79    1159 1238  103
5,5          2977 1860  163    1817  602   81    1160 1258   82
2,1          2970 1851  179    1784  635   81    1186 1216   98
5,1          2970 1834  196    1793  625   82    1177 1209  114
8,4          2964 1863  173    1770  644   86    1194 1219   87
9,1          2964 1869  167    1838  596   66    1126 1273  101
4,9          2947 1847  206    1821  589   90    1126 1258  116
0,6          2946 1873  181    1806  618   76    1140 1255  105
0,5          2941 1862  197    1834  589   77    1107 1273  120
3,5          2934 1869  197    1793  619   88    1141 1250  109
2,5          2931 1873  196    1810  608   82    1121 1265  114
2,0          2927 1928  145    1814  625   61    1113 1303   84
0,8          2926 1907  167    1792  641   67    1134 1266  100
6,9          2926 1916  158    1819  607   74    1107 1309   84
2,7          2923 1911  166    1860  579   61    1063 1332  105
2,9          2889 1930  181    1769  646   85    1120 1284   96
5,8          2885 1940  175    1798  620   82    1087 1320   93
8,0          2884 1943  173    1728  696   76    1156 1247   97
7,2          2879 1969  152    1812  612   76    1067 1357   76
8,6          2868 1963  169    1806  622   72    1062 1341   97
6,5          2866 1962  172    1862  571   67    1004 1391  105
6,8          2856 1964  180    1792  637   71    1064 1327  109
7,1          2818 1989  193    1775  624  101    1043 1365   92
5,2          2815 1993  192    1824  593   83     991 1400  109
8,8          2808 2003  189    1774  641   85    1034 1362  104
2,4          2807 2022  171    1845  578   77     962 1444   94
0,3          2795 2015  190    1784  628   88    1011 1387  102
4,8          2759 2060  181    1820  594   86     939 1466   95
6,3          2719 2100  181    1793  629   78     926 1471  103
6,4          2717 2105  178    1747  667   86     970 1438   92
4,7          2676 2131  193    1817  589   94     859 1542   99
8,1          2669 2148  183    1829  598   73     840 1550  110
9,5          2615 2188  197    1776  627   97     839 1561  100
6,2          2605 2217  178    1762  659   79     843 1558   99
5,3          2601 2235  164    1778  642   80     823 1593   84
100


Team A Total Wins: 303721
Ties: 17535

50x50 vs 9k

Team A: 
Overall:           all             as Black          as White     
                W    L    T       W    L    T       W    L    T  
size: 100
1,9          3501 1345  154    1878  549   73    1623  796   81
1,6          3482 1372  146    1946  487   67    1536  885   79
8,3          3468 1372  160    1938  495   67    1530  877   93
0,0          3445 1419  136    1955  486   59    1490  933   77
0,4          3444 1398  158    1921  500   79    1523  898   79
3,7          3419 1411  170    1888  525   87    1531  886   83
4,1          3411 1428  161    1892  541   67    1519  887   94
5,4          3408 1404  188    1869  530  101    1539  874   87
7,8          3363 1479  158    1890  533   77    1473  946   81
0,9          3357 1475  168    1905  523   72    1452  952   96
9,4          3356 1468  176    1943  485   72    1413  983  104
2,3          3349 1484  167    1846  579   75    1503  905   92
4,4          3346 1483  171    1914  515   71    1432  968  100
2,6          3345 1495  160    1870  554   76    1475  941   84
1,7          3329 1481  190    1884  540   76    1445  941  114
9,2          3301 1520  179    1939  493   68    1362 1027  111
7,0          3293 1541  166    1896  527   77    1397 1014   89
4,2          3290 1528  182    1858  555   87    1432  973   95
4,5          3256 1558  186    1923  493   84    1333 1065  102
0,1          3255 1590  155    1931  488   81    1324 1102   74
8,2          3253 1554  193    1870  547   83    1383 1007  110
8,7          3253 1576  171    1954  470   76    1299 1106   95
1,2          3249 1588  163    1940  498   62    1309 1090  101
1,8          3242 1597  161    1923  507   70    1319 1090   91
9,8          3229 1621  150    1856  569   75    1373 1052   75
7,9          3226 1628  146    1865  571   64    1361 1057   82
1,4          3219 1619  162    1909  521   70    1310 1098   92
1,3          3218 1638  144    1923  517   60    1295 1121   84
9,7          3218 1630  152    1919  517   64    1299 1113   88
4,0          3217 1601  182    1963  462   75    1254 1139  107
9,0          3212 1632  156    1915  519   66    1297 1113   90
1,0          3183 1657  160    1902  535   63    1281 1122   97
7,6          3174 1663  163    1908  525   67    1266 1138   96
3,4          3167 1651  182    1914  523   63    1253 1128  119
7,4          3167 1665  168    1893  531   76    1274 1134   92
1,5          3160 1670  170    1908  525   67    1252 1145  103
7,5          3159 1689  152    1916  520   64    1243 1169   88
5,6          3149 1668  183    1921  502   77    1228 1166  106
5,7          3148 1675  177    1878  543   79    1270 1132   98
2,8          3147 1716  137    1867  566   67    1280 1150   70
3,8          3141 1674  185    1842  575   83    1299 1099  102
6,6          3136 1679  185    1755  654   91    1381 1025   94
8,5          3129 1688  183    1924  504   72    1205 1184  111
3,0          3123 1658  219    1828  588   84    1295 1070  135
8,4          3123 1721  156    1929  502   69    1194 1219   87
0,7          3120 1725  155    1848  573   79    1272 1152   76
4,6          3114 1734  152    1862  564   74    1252 1170   78
3,3          3110 1724  166    1881  536   83    1229 1188   83
3,2          3108 1722  170    1884  540   76    1224 1182   94
3,6          3108 1708  184    1907  510   83    1201 1198  101
3,9          3107 1709  184    1745  671   84    1362 1038  100
0,2          3094 1729  177    1904  529   67    1190 1200  110
5,0          3092 1741  167    1872  549   79    1220 1192   88
2,5          3090 1724  186    1969  459   72    1121 1265  114
1,1          3089 1742  169    1930  504   66    1159 1238  103
6,0          3089 1745  166    1898  532   70    1191 1213   96
6,7          3089 1728  183    1791  625   84    1298 1103   99
5,1          3084 1735  181    1907  526   67    1177 1209  114
9,6          3079 1772  149    1903  529   68    1176 1243   81
6,1          3071 1768  161    1882  560   58    1189 1208  103
4,3          3069 1758  173    1871  557   72    1198 1201  101
7,3          3056 1772  172    1870  550   80    1186 1222   92
2,9          3051 1783  166    1931  499   70    1120 1284   96
2,0          3050 1792  158    1937  489   74    1113 1303   84
8,9          3049 1774  177    1892  531   77    1157 1243  100
3,5          3047 1766  187    1906  516   78    1141 1250  109
5,5          3044 1797  159    1884  539   77    1160 1258   82
0,6          3043 1777  180    1903  522   75    1140 1255  105
9,3          3037 1782  181    1895  529   76    1142 1253  105
0,8          3035 1805  160    1901  539   60    1134 1266  100
4,9          3033 1780  187    1907  522   71    1126 1258  116
9,9          3025 1809  166    1909  503   88    1116 1306   78
9,1          3019 1811  170    1893  538   69    1126 1273  101
5,8          3015 1818  167    1928  498   74    1087 1320   93
6,9          3007 1834  159    1900  525   75    1107 1309   84
2,1          3003 1834  163    1817  618   65    1186 1216   98
5,9          3003 1836  161    1845  587   68    1158 1249   93
0,5          3002 1814  184    1895  541   64    1107 1273  120
7,2          2992 1863  145    1925  506   69    1067 1357   76
7,7          2991 1831  178    1813  594   93    1178 1237   85
2,2          2988 1839  173    1777  646   77    1211 1193   96
6,8          2980 1842  178    1916  515   69    1064 1327  109
2,7          2963 1864  173    1900  532   68    1063 1332  105
8,6          2958 1880  162    1896  539   65    1062 1341   97
3,1          2952 1864  184    1779  629   92    1173 1235   92
6,5          2930 1895  175    1926  504   70    1004 1391  105
8,8          2928 1898  174    1894  536   70    1034 1362  104
6,4          2919 1918  163    1949  480   71     970 1438   92
8,0          2914 1903  183    1758  656   86    1156 1247   97
7,1          2906 1937  157    1863  572   65    1043 1365   92
0,3          2899 1918  183    1888  531   81    1011 1387  102
5,2          2855 1965  180    1864  565   71     991 1400  109
6,3          2852 1982  166    1926  511   63     926 1471  103
2,4          2850 1980  170    1888  536   76     962 1444   94
4,8          2811 2007  182    1872  541   87     939 1466   95
8,1          2779 2040  181    1939  490   71     840 1550  110
9,5          2779 2058  163    1940  497   63     839 1561  100
6,2          2770 2072  158    1927  514   59     843 1558   99
4,7          2743 2084  173    1884  542   74     859 1542   99
5,3          2722 2122  156    1899  529   72     823 1593   84
100


Team A Total Wins: 311573
Ties: 16908

50x50 vs 10k

Team A: 
Overall:           all             as Black          as White     
                W    L    T       W    L    T       W    L    T  
size: 100
1,6          3517 1322  161    1981  437   82    1536  885   79
1,9          3517 1334  149    1894  538   68    1623  796   81
4,1          3504 1342  154    1985  455   60    1519  887   94
8,3          3487 1355  158    1957  478   65    1530  877   93
3,7          3465 1390  145    1934  504   62    1531  886   83
0,0          3434 1413  153    1944  480   76    1490  933   77
5,4          3433 1411  156    1894  537   69    1539  874   87
0,4          3428 1411  161    1905  513   82    1523  898   79
4,4          3428 1416  156    1996  448   56    1432  968  100
7,8          3419 1436  145    1946  490   64    1473  946   81
2,6          3402 1449  149    1927  508   65    1475  941   84
0,9          3398 1432  170    1946  480   74    1452  952   96
4,2          3386 1441  173    1954  468   78    1432  973   95
2,3          3367 1464  169    1864  559   77    1503  905   92
1,7          3366 1455  179    1921  514   65    1445  941  114
9,8          3366 1491  143    1993  439   68    1373 1052   75
9,4          3358 1477  165    1945  494   61    1413  983  104
6,6          3353 1502  145    1972  477   51    1381 1025   94
7,0          3335 1518  147    1938  504   58    1397 1014   89
8,2          3334 1494  172    1951  487   62    1383 1007  110
7,9          3322 1529  149    1961  472   67    1361 1057   82
1,4          3307 1533  160    1997  435   68    1310 1098   92
4,5          3303 1523  174    1970  458   72    1333 1065  102
9,0          3290 1545  165    1993  432   75    1297 1113   90
1,2          3281 1563  156    1972  473   55    1309 1090  101
9,2          3276 1525  199    1914  498   88    1362 1027  111
5,7          3273 1554  173    2003  422   75    1270 1132   98
3,9          3267 1560  173    1905  522   73    1362 1038  100
1,8          3252 1589  159    1933  499   68    1319 1090   91
0,1          3250 1607  143    1926  505   69    1324 1102   74
8,7          3249 1589  162    1950  483   67    1299 1106   95
9,7          3244 1608  148    1945  495   60    1299 1113   88
1,5          3242 1572  186    1990  427   83    1252 1145  103
0,7          3236 1624  140    1964  472   64    1272 1152   76
3,0          3235 1555  210    1940  485   75    1295 1070  135
4,6          3230 1628  142    1978  458   64    1252 1170   78
6,7          3230 1595  175    1932  492   76    1298 1103   99
7,4          3224 1605  171    1950  471   79    1274 1134   92
2,8          3216 1627  157    1936  477   87    1280 1150   70
7,5          3211 1638  151    1968  469   63    1243 1169   88
1,0          3202 1638  160    1921  516   63    1281 1122   97
3,8          3196 1634  170    1897  535   68    1299 1099  102
1,3          3192 1665  143    1897  544   59    1295 1121   84
3,4          3186 1624  190    1933  496   71    1253 1128  119
7,6          3182 1644  174    1916  506   78    1266 1138   96
4,0          3181 1645  174    1927  506   67    1254 1139  107
5,6          3181 1637  182    1953  471   76    1228 1166  106
8,4          3179 1657  164    1985  438   77    1194 1219   87
5,0          3159 1667  174    1939  475   86    1220 1192   88
3,3          3157 1681  162    1928  493   79    1229 1188   83
2,2          3153 1689  158    1942  496   62    1211 1193   96
3,6          3150 1679  171    1949  481   70    1201 1198  101
5,1          3150 1667  183    1973  458   69    1177 1209  114
7,7          3147 1701  152    1969  464   67    1178 1237   85
5,5          3137 1708  155    1977  450   73    1160 1258   82
8,0          3132 1695  173    1976  448   76    1156 1247   97
8,5          3130 1697  173    1925  513   62    1205 1184  111
9,6          3130 1731  139    1954  488   58    1176 1243   81
6,1          3129 1695  176    1940  487   73    1189 1208  103
0,6          3116 1708  176    1976  453   71    1140 1255  105
3,1          3112 1724  164    1939  489   72    1173 1235   92
8,9          3111 1708  181    1954  465   81    1157 1243  100
7,3          3110 1728  162    1924  506   70    1186 1222   92
4,3          3109 1715  176    1911  514   75    1198 1201  101
3,2          3106 1740  154    1882  558   60    1224 1182   94
1,1          3103 1719  178    1944  481   75    1159 1238  103
6,0          3102 1737  161    1911  524   65    1191 1213   96
9,3          3098 1725  177    1956  472   72    1142 1253  105
9,1          3077 1765  158    1951  492   57    1126 1273  101
0,2          3075 1747  178    1885  547   68    1190 1200  110
2,0          3071 1783  146    1958  480   62    1113 1303   84
6,9          3065 1782  153    1958  473   69    1107 1309   84
5,9          3064 1756  180    1906  507   87    1158 1249   93
2,9          3063 1779  158    1943  495   62    1120 1284   96
2,1          3050 1779  171    1864  563   73    1186 1216   98
3,5          3049 1782  169    1908  532   60    1141 1250  109
9,9          3045 1812  143    1929  506   65    1116 1306   78
0,5          3042 1755  203    1935  482   83    1107 1273  120
2,5          3041 1767  192    1920  502   78    1121 1265  114
5,8          3036 1793  171    1949  473   78    1087 1320   93
6,8          3022 1804  174    1958  477   65    1064 1327  109
0,8          3021 1795  184    1887  529   84    1134 1266  100
2,7          3004 1812  184    1941  480   79    1063 1332  105
7,1          3003 1835  162    1960  470   70    1043 1365   92
4,9          2998 1813  189    1872  555   73    1126 1258  116
7,2          2998 1854  148    1931  497   72    1067 1357   76
8,6          2994 1847  159    1932  506   62    1062 1341   97
8,8          2984 1839  177    1950  477   73    1034 1362  104
5,2          2962 1857  181    1971  457   72     991 1400  109
2,4          2954 1885  161    1992  441   67     962 1444   94
0,3          2952 1871  177    1941  484   75    1011 1387  102
6,4          2935 1890  175    1965  452   83     970 1438   92
6,5          2907 1921  172    1903  530   67    1004 1391  105
4,8          2885 1944  171    1946  478   76     939 1466   95
6,3          2860 1955  185    1934  484   82     926 1471  103
9,5          2804 2033  163    1965  472   63     839 1561  100
5,3          2765 2084  151    1942  491   67     823 1593   84
6,2          2764 2060  176    1921  502   77     843 1558   99
8,1          2760 2056  184    1920  506   74     840 1550  110
4,7          2732 2084  184    1873  542   85     859 1542   99
100


Team A Total Wins: 316457
Ties: 16624
