50x50 vs 0k

Team A: 
Overall:           all             as Black          as White     
                W    L    T       W    L    T       W    L    T  
size: 100
1,5          2891 1942  167    1639  797   64    1252 1145  103
5,1          2879 1930  191    1702  721   77    1177 1209  114
9,4          2814 2003  183    1401 1020   79    1413  983  104
0,0          2776 2061  163    1286 1128   86    1490  933   77
2,6          2761 2066  173    1286 1125   89    1475  941   84
4,4          2753 2043  204    1321 1075  104    1432  968  100
9,7          2741 2077  182    1442  964   94    1299 1113   88
5,4          2724 2099  177    1185 1225   90    1539  874   87
7,0          2719 2091  190    1322 1077  101    1397 1014   89
4,1          2714 2112  174    1195 1225   80    1519  887   94
9,0          2709 2102  189    1412  989   99    1297 1113   90
1,9          2677 2151  172    1054 1355   91    1623  796   81
1,6          2657 2172  171    1121 1287   92    1536  885   79
4,3          2657 2135  208    1459  934  107    1198 1201  101
8,2          2652 2147  201    1269 1140   91    1383 1007  110
2,0          2647 2190  163    1534  887   79    1113 1303   84
7,4          2640 2186  174    1366 1052   82    1274 1134   92
0,7          2629 2205  166    1357 1053   90    1272 1152   76
3,8          2626 2184  190    1327 1085   88    1299 1099  102
9,8          2625 2191  184    1252 1139  109    1373 1052   75
7,8          2605 2208  187    1132 1262  106    1473  946   81
0,9          2602 2214  184    1150 1262   88    1452  952   96
8,3          2582 2224  194    1052 1347  101    1530  877   93
8,7          2575 2234  191    1276 1128   96    1299 1106   95
1,8          2570 2234  196    1251 1144  105    1319 1090   91
4,6          2547 2306  147    1295 1136   69    1252 1170   78
5,7          2545 2243  212    1275 1111  114    1270 1132   98
8,0          2545 2269  186    1389 1022   89    1156 1247   97
1,7          2541 2244  215    1096 1303  101    1445  941  114
7,6          2522 2280  198    1256 1142  102    1266 1138   96
6,6          2515 2295  190    1134 1270   96    1381 1025   94
7,9          2513 2300  187    1152 1243  105    1361 1057   82
3,7          2511 2301  188     980 1415  105    1531  886   83
6,7          2505 2299  196    1207 1196   97    1298 1103   99
8,9          2504 2299  197    1347 1056   97    1157 1243  100
0,5          2492 2286  222    1385 1013  102    1107 1273  120
5,9          2491 2330  179    1333 1081   86    1158 1249   93
0,4          2478 2351  171     955 1453   92    1523  898   79
2,3          2477 2349  174     974 1444   82    1503  905   92
6,1          2476 2318  206    1287 1110  103    1189 1208  103
2,8          2468 2367  165    1188 1217   95    1280 1150   70
5,8          2468 2324  208    1381 1004  115    1087 1320   93
9,2          2453 2349  198    1091 1322   87    1362 1027  111
5,6          2445 2357  198    1217 1191   92    1228 1166  106
7,7          2439 2391  170    1261 1154   85    1178 1237   85
1,4          2437 2371  192    1127 1273  100    1310 1098   92
2,7          2435 2357  208    1372 1025  103    1063 1332  105
9,9          2422 2407  171    1306 1101   93    1116 1306   78
7,3          2419 2397  184    1233 1175   92    1186 1222   92
3,3          2418 2422  160    1189 1234   77    1229 1188   83
3,4          2418 2367  215    1165 1239   96    1253 1128  119
1,3          2410 2423  167    1115 1302   83    1295 1121   84
9,3          2400 2414  186    1258 1161   81    1142 1253  105
2,5          2390 2406  204    1269 1141   90    1121 1265  114
7,5          2387 2401  212    1144 1232  124    1243 1169   88
0,1          2386 2445  169    1062 1343   95    1324 1102   74
5,5          2381 2442  177    1221 1184   95    1160 1258   82
3,0          2376 2385  239    1081 1315  104    1295 1070  135
3,9          2367 2427  206    1005 1389  106    1362 1038  100
3,5          2360 2423  217    1219 1173  108    1141 1250  109
9,6          2355 2464  181    1179 1221  100    1176 1243   81
3,2          2334 2477  189    1110 1295   95    1224 1182   94
4,5          2321 2480  199     988 1415   97    1333 1065  102
0,6          2307 2497  196    1167 1242   91    1140 1255  105
8,5          2294 2493  213    1089 1309  102    1205 1184  111
9,1          2294 2516  190    1168 1243   89    1126 1273  101
4,9          2288 2499  213    1162 1241   97    1126 1258  116
1,0          2287 2525  188    1006 1403   91    1281 1122   97
3,1          2284 2520  196    1111 1285  104    1173 1235   92
1,1          2250 2552  198    1091 1314   95    1159 1238  103
2,4          2249 2555  196    1287 1111  102     962 1444   94
5,0          2248 2579  173    1028 1387   85    1220 1192   88
4,2          2241 2591  168     809 1618   73    1432  973   95
8,4          2229 2584  187    1035 1365  100    1194 1219   87
6,5          2224 2561  215    1220 1170  110    1004 1391  105
2,2          2223 2591  186    1012 1398   90    1211 1193   96
4,0          2221 2574  205     967 1435   98    1254 1139  107
0,8          2213 2608  179    1079 1342   79    1134 1266  100
6,4          2201 2613  186    1231 1175   94     970 1438   92
0,3          2194 2600  206    1183 1213  104    1011 1387  102
0,2          2170 2637  193     980 1437   83    1190 1200  110
1,2          2157 2651  192     848 1561   91    1309 1090  101
5,2          2143 2649  208    1152 1249   99     991 1400  109
7,2          2131 2696  173    1064 1339   97    1067 1357   76
6,0          2129 2670  201     938 1457  105    1191 1213   96
6,8          2116 2674  210    1052 1347  101    1064 1327  109
9,5          2114 2703  183    1275 1142   83     839 1561  100
2,1          2111 2695  194     925 1479   96    1186 1216   98
4,7          2095 2713  192    1236 1171   93     859 1542   99
6,3          2066 2717  217    1140 1246  114     926 1471  103
6,9          2065 2780  155     958 1471   71    1107 1309   84
4,8          2057 2757  186    1118 1291   91     939 1466   95
3,6          2054 2735  211     853 1537  110    1201 1198  101
8,6          2039 2761  200     977 1420  103    1062 1341   97
7,1          2028 2802  170     985 1437   78    1043 1365   92
8,1          1948 2834  218    1108 1284  108     840 1550  110
6,2          1916 2901  183    1073 1343   84     843 1558   99
2,9          1903 2908  189     783 1624   93    1120 1284   96
8,8          1868 2940  192     834 1578   88    1034 1362  104
5,3          1828 3003  169    1005 1410   85     823 1593   84
100


Team A Total Wins: 239361
Ties: 18988

50x50 vs 1k

Team A: 
Overall:           all             as Black          as White     
                W    L    T       W    L    T       W    L    T  
size: 100
5,4          3651 1202  147    2112  328   60    1539  874   87
1,9          3637 1208  155    2014  412   74    1623  796   81
1,6          3611 1235  154    2075  350   75    1536  885   79
0,4          3608 1247  145    2085  349   66    1523  898   79
3,7          3598 1260  142    2067  374   59    1531  886   83
8,3          3594 1246  160    2064  369   67    1530  877   93
4,1          3584 1251  165    2065  364   71    1519  887   94
2,3          3575 1261  164    2072  356   72    1503  905   92
2,6          3571 1278  151    2096  337   67    1475  941   84
7,8          3560 1291  149    2087  345   68    1473  946   81
0,9          3525 1317  158    2073  365   62    1452  952   96
4,4          3520 1309  171    2088  341   71    1432  968  100
4,2          3512 1328  160    2080  355   65    1432  973   95
0,0          3507 1346  147    2017  413   70    1490  933   77
9,4          3495 1332  173    2082  349   69    1413  983  104
6,6          3486 1349  165    2105  324   71    1381 1025   94
8,2          3484 1326  190    2101  319   80    1383 1007  110
1,7          3476 1340  184    2031  399   70    1445  941  114
7,9          3465 1388  147    2104  331   65    1361 1057   82
7,0          3444 1401  155    2047  387   66    1397 1014   89
1,4          3424 1428  148    2114  330   56    1310 1098   92
4,5          3419 1417  164    2086  352   62    1333 1065  102
9,8          3409 1428  163    2036  376   88    1373 1052   75
3,9          3398 1434  168    2036  396   68    1362 1038  100
1,8          3386 1436  178    2067  346   87    1319 1090   91
9,2          3382 1443  175    2020  416   64    1362 1027  111
0,7          3376 1490  134    2104  338   58    1272 1152   76
1,2          3374 1464  162    2065  374   61    1309 1090  101
7,6          3365 1474  161    2099  336   65    1266 1138   96
3,0          3363 1434  203    2068  364   68    1295 1070  135
9,0          3362 1479  159    2065  366   69    1297 1113   90
0,1          3356 1509  135    2032  407   61    1324 1102   74
5,7          3352 1490  158    2082  358   60    1270 1132   98
9,7          3350 1473  177    2051  360   89    1299 1113   88
6,7          3349 1484  167    2051  381   68    1298 1103   99
1,3          3347 1490  163    2052  369   79    1295 1121   84
2,8          3346 1525  129    2066  375   59    1280 1150   70
3,4          3346 1468  186    2093  340   67    1253 1128  119
7,4          3344 1501  155    2070  367   63    1274 1134   92
7,5          3343 1508  149    2100  339   61    1243 1169   88
4,3          3337 1504  159    2139  303   58    1198 1201  101
8,7          3336 1492  172    2037  386   77    1299 1106   95
4,6          3300 1544  156    2048  374   78    1252 1170   78
1,0          3299 1517  184    2018  395   87    1281 1122   97
3,2          3296 1539  165    2072  357   71    1224 1182   94
4,0          3293 1521  186    2039  382   79    1254 1139  107
6,1          3293 1535  172    2104  327   69    1189 1208  103
9,6          3284 1566  150    2108  323   69    1176 1243   81
3,6          3280 1552  168    2079  354   67    1201 1198  101
6,0          3279 1566  155    2088  353   59    1191 1213   96
5,1          3272 1549  179    2095  340   65    1177 1209  114
8,5          3272 1557  171    2067  373   60    1205 1184  111
3,8          3268 1569  163    1969  470   61    1299 1099  102
2,2          3265 1563  172    2054  370   76    1211 1193   96
5,6          3260 1557  183    2032  391   77    1228 1166  106
1,5          3258 1556  186    2006  411   83    1252 1145  103
1,1          3257 1574  169    2098  336   66    1159 1238  103
5,0          3257 1592  151    2037  400   63    1220 1192   88
3,3          3256 1591  153    2027  403   70    1229 1188   83
7,3          3252 1585  163    2066  363   71    1186 1222   92
8,4          3251 1583  166    2057  364   79    1194 1219   87
7,7          3248 1608  144    2070  371   59    1178 1237   85
0,2          3245 1568  187    2055  368   77    1190 1200  110
2,1          3244 1585  171    2058  369   73    1186 1216   98
3,5          3219 1607  174    2078  357   65    1141 1250  109
5,5          3210 1650  140    2050  392   58    1160 1258   82
3,1          3192 1652  156    2019  417   64    1173 1235   92
5,9          3192 1644  164    2034  395   71    1158 1249   93
0,5          3189 1624  187    2082  351   67    1107 1273  120
9,3          3189 1649  162    2047  396   57    1142 1253  105
8,0          3183 1654  163    2027  407   66    1156 1247   97
2,5          3182 1633  185    2061  368   71    1121 1265  114
8,9          3177 1652  171    2020  409   71    1157 1243  100
0,8          3176 1656  168    2042  390   68    1134 1266  100
0,6          3170 1653  177    2030  398   72    1140 1255  105
9,1          3170 1648  182    2044  375   81    1126 1273  101
6,9          3167 1679  154    2060  370   70    1107 1309   84
6,8          3163 1678  159    2099  351   50    1064 1327  109
5,8          3154 1688  158    2067  368   65    1087 1320   93
4,9          3136 1676  188    2010  418   72    1126 1258  116
7,2          3135 1720  145    2068  363   69    1067 1357   76
2,7          3134 1704  162    2071  372   57    1063 1332  105
7,1          3132 1702  166    2089  337   74    1043 1365   92
8,8          3125 1691  184    2091  329   80    1034 1362  104
2,0          3115 1713  172    2002  410   88    1113 1303   84
2,9          3108 1706  186    1988  422   90    1120 1284   96
6,5          3101 1730  169    2097  339   64    1004 1391  105
9,9          3092 1746  162    1976  440   84    1116 1306   78
0,3          3091 1739  170    2080  352   68    1011 1387  102
8,6          3083 1746  171    2021  405   74    1062 1341   97
6,4          3073 1772  155    2103  334   63     970 1438   92
5,2          3069 1752  179    2078  352   70     991 1400  109
2,4          3024 1818  158    2062  374   64     962 1444   94
6,3          3017 1815  168    2091  344   65     926 1471  103
9,5          2960 1890  150    2121  329   50     839 1561  100
5,3          2948 1893  159    2125  300   75     823 1593   84
6,2          2937 1893  170    2094  335   71     843 1558   99
8,1          2932 1888  180    2092  338   70     840 1550  110
4,8          2929 1905  166    1990  439   71     939 1466   95
4,7          2916 1924  160    2057  382   61     859 1542   99
100


Team A Total Wins: 328686
Ties: 16461

50x50 vs 2k

Team A: 
Overall:           all             as Black          as White     
                W    L    T       W    L    T       W    L    T  
size: 100
1,9          3805 1055  140    2182  259   59    1623  796   81
8,3          3713 1130  157    2183  253   64    1530  877   93
0,4          3708 1160  132    2185  262   53    1523  898   79
5,4          3698 1146  156    2159  272   69    1539  874   87
4,1          3696 1160  144    2177  273   50    1519  887   94
2,3          3678 1175  147    2175  270   55    1503  905   92
1,6          3671 1180  149    2135  295   70    1536  885   79
3,7          3661 1193  146    2130  307   63    1531  886   83
0,0          3645 1218  137    2155  285   60    1490  933   77
2,6          3636 1211  153    2161  270   69    1475  941   84
4,4          3628 1220  152    2196  252   52    1432  968  100
7,8          3614 1242  144    2141  296   63    1473  946   81
0,9          3601 1230  169    2149  278   73    1452  952   96
4,2          3596 1247  157    2164  274   62    1432  973   95
1,7          3569 1233  198    2124  292   84    1445  941  114
7,0          3558 1300  142    2161  286   53    1397 1014   89
9,8          3553 1327  120    2180  275   45    1373 1052   75
8,2          3550 1293  157    2167  286   47    1383 1007  110
9,4          3549 1273  178    2136  290   74    1413  983  104
6,6          3533 1321  146    2152  296   52    1381 1025   94
9,2          3525 1309  166    2163  282   55    1362 1027  111
4,5          3504 1346  150    2171  281   48    1333 1065  102
7,9          3504 1346  150    2143  289   68    1361 1057   82
0,1          3489 1386  125    2165  284   51    1324 1102   74
1,8          3481 1371  148    2162  281   57    1319 1090   91
3,9          3478 1369  153    2116  331   53    1362 1038  100
1,2          3474 1372  154    2165  282   53    1309 1090  101
3,8          3467 1367  166    2168  268   64    1299 1099  102
1,4          3460 1391  149    2150  293   57    1310 1098   92
3,0          3455 1355  190    2160  285   55    1295 1070  135
8,7          3453 1394  153    2154  288   58    1299 1106   95
5,7          3449 1384  167    2179  252   69    1270 1132   98
6,7          3447 1399  154    2149  296   55    1298 1103   99
7,4          3446 1401  153    2172  267   61    1274 1134   92
1,3          3438 1406  156    2143  285   72    1295 1121   84
1,0          3427 1422  151    2146  300   54    1281 1122   97
9,7          3427 1408  165    2128  295   77    1299 1113   88
5,0          3425 1428  147    2205  236   59    1220 1192   88
4,6          3423 1450  127    2171  280   49    1252 1170   78
7,6          3423 1416  161    2157  278   65    1266 1138   96
3,2          3421 1416  163    2197  234   69    1224 1182   94
9,0          3418 1433  149    2121  320   59    1297 1113   90
5,6          3417 1419  164    2189  253   58    1228 1166  106
1,5          3416 1419  165    2164  274   62    1252 1145  103
2,8          3411 1451  138    2131  301   68    1280 1150   70
0,7          3407 1452  141    2135  300   65    1272 1152   76
3,6          3404 1433  163    2203  235   62    1201 1198  101
2,1          3385 1470  145    2199  254   47    1186 1216   98
3,4          3381 1417  202    2128  289   83    1253 1128  119
2,2          3380 1467  153    2169  274   57    1211 1193   96
8,5          3374 1453  173    2169  269   62    1205 1184  111
3,3          3373 1483  144    2144  295   61    1229 1188   83
4,3          3362 1471  167    2164  270   66    1198 1201  101
7,5          3361 1489  150    2118  320   62    1243 1169   88
0,2          3359 1470  171    2169  270   61    1190 1200  110
6,1          3359 1475  166    2170  267   63    1189 1208  103
5,1          3356 1469  175    2179  260   61    1177 1209  114
7,3          3355 1485  160    2169  263   68    1186 1222   92
4,0          3354 1472  174    2100  333   67    1254 1139  107
8,4          3353 1501  146    2159  282   59    1194 1219   87
6,0          3346 1498  156    2155  285   60    1191 1213   96
7,7          3337 1531  132    2159  294   47    1178 1237   85
5,5          3320 1553  127    2160  295   45    1160 1258   82
9,1          3320 1517  163    2194  244   62    1126 1273  101
3,1          3319 1504  177    2146  269   85    1173 1235   92
5,9          3319 1520  161    2161  271   68    1158 1249   93
4,9          3313 1510  177    2187  252   61    1126 1258  116
8,9          3313 1525  162    2156  282   62    1157 1243  100
1,1          3310 1521  169    2151  283   66    1159 1238  103
2,5          3304 1528  168    2183  263   54    1121 1265  114
8,0          3300 1536  164    2144  289   67    1156 1247   97
9,6          3294 1554  152    2118  311   71    1176 1243   81
9,3          3291 1544  165    2149  291   60    1142 1253  105
0,8          3287 1543  170    2153  277   70    1134 1266  100
0,6          3282 1557  161    2142  302   56    1140 1255  105
6,9          3278 1578  144    2171  269   60    1107 1309   84
0,5          3271 1542  187    2164  269   67    1107 1273  120
2,9          3271 1567  162    2151  283   66    1120 1284   96
9,9          3268 1577  155    2152  271   77    1116 1306   78
2,0          3263 1593  144    2150  290   60    1113 1303   84
2,7          3262 1579  159    2199  247   54    1063 1332  105
3,5          3262 1567  171    2121  317   62    1141 1250  109
5,8          3261 1589  150    2174  269   57    1087 1320   93
7,2          3241 1627  132    2174  270   56    1067 1357   76
8,6          3240 1607  153    2178  266   56    1062 1341   97
6,8          3226 1606  168    2162  279   59    1064 1327  109
7,1          3190 1651  159    2147  286   67    1043 1365   92
0,3          3152 1684  164    2141  297   62    1011 1387  102
5,2          3150 1683  167    2159  283   58     991 1400  109
8,8          3145 1685  170    2111  323   66    1034 1362  104
6,5          3144 1672  184    2140  281   79    1004 1391  105
6,3          3121 1718  161    2195  247   58     926 1471  103
6,4          3103 1740  157    2133  302   65     970 1438   92
2,4          3100 1734  166    2138  290   72     962 1444   94
6,2          3048 1813  139    2205  255   40     843 1558   99
4,8          3043 1805  152    2104  339   57     939 1466   95
4,7          3036 1812  152    2177  270   53     859 1542   99
8,1          2990 1847  163    2150  297   53     840 1550  110
5,3          2984 1857  159    2161  264   75     823 1593   84
9,5          2974 1870  156    2135  309   56     839 1561  100
100


Team A Total Wins: 338181
Ties: 15696

50x50 vs 3k

Team A: 
Overall:           all             as Black          as White     
                W    L    T       W    L    T       W    L    T  
size: 100
1,9          3750 1105  145    2127  309   64    1623  796   81
4,1          3699 1156  145    2180  269   51    1519  887   94
1,6          3697 1180  123    2161  295   44    1536  885   79
2,3          3696 1137  167    2193  232   75    1503  905   92
0,4          3692 1178  130    2169  280   51    1523  898   79
5,4          3682 1161  157    2143  287   70    1539  874   87
8,3          3662 1170  168    2132  293   75    1530  877   93
2,6          3655 1207  138    2180  266   54    1475  941   84
7,8          3640 1220  140    2167  274   59    1473  946   81
3,7          3638 1214  148    2107  328   65    1531  886   83
0,0          3626 1230  144    2136  297   67    1490  933   77
1,7          3601 1222  177    2156  281   63    1445  941  114
4,2          3584 1264  152    2152  291   57    1432  973   95
9,4          3572 1259  169    2159  276   65    1413  983  104
4,4          3568 1271  161    2136  303   61    1432  968  100
7,0          3568 1280  152    2171  266   63    1397 1014   89
0,9          3556 1286  158    2104  334   62    1452  952   96
9,8          3512 1347  141    2139  295   66    1373 1052   75
4,5          3496 1342  162    2163  277   60    1333 1065  102
1,4          3495 1367  138    2185  269   46    1310 1098   92
7,9          3492 1368  140    2131  311   58    1361 1057   82
8,2          3484 1340  176    2101  333   66    1383 1007  110
6,6          3481 1353  166    2100  328   72    1381 1025   94
8,7          3465 1372  163    2166  266   68    1299 1106   95
9,2          3465 1354  181    2103  327   70    1362 1027  111
1,8          3456 1378  166    2137  288   75    1319 1090   91
9,7          3453 1391  156    2154  278   68    1299 1113   88
1,3          3449 1402  149    2154  281   65    1295 1121   84
2,8          3444 1423  133    2164  273   63    1280 1150   70
9,0          3437 1401  162    2140  288   72    1297 1113   90
3,8          3434 1389  177    2135  290   75    1299 1099  102
3,9          3432 1392  176    2070  354   76    1362 1038  100
3,4          3428 1388  184    2175  260   65    1253 1128  119
0,7          3424 1438  138    2152  286   62    1272 1152   76
3,6          3417 1425  158    2216  227   57    1201 1198  101
3,0          3414 1386  200    2119  316   65    1295 1070  135
5,7          3412 1427  161    2142  295   63    1270 1132   98
7,4          3408 1436  156    2134  302   64    1274 1134   92
7,6          3408 1427  165    2142  289   69    1266 1138   96
6,7          3404 1420  176    2106  317   77    1298 1103   99
5,6          3403 1449  148    2175  283   42    1228 1166  106
4,0          3402 1430  168    2148  291   61    1254 1139  107
7,7          3402 1463  135    2224  226   50    1178 1237   85
1,5          3401 1428  171    2149  283   68    1252 1145  103
4,3          3394 1434  172    2196  233   71    1198 1201  101
3,2          3387 1459  154    2163  277   60    1224 1182   94
7,5          3387 1456  157    2144  287   69    1243 1169   88
4,6          3386 1475  139    2134  305   61    1252 1170   78
1,2          3384 1443  173    2075  353   72    1309 1090  101
3,3          3383 1475  142    2154  287   59    1229 1188   83
0,1          3378 1475  147    2054  373   73    1324 1102   74
7,3          3377 1473  150    2191  251   58    1186 1222   92
1,0          3372 1475  153    2091  353   56    1281 1122   97
5,0          3372 1474  154    2152  282   66    1220 1192   88
5,1          3359 1459  182    2182  250   68    1177 1209  114
6,1          3351 1483  166    2162  275   63    1189 1208  103
8,5          3351 1476  173    2146  292   62    1205 1184  111
8,4          3346 1512  142    2152  293   55    1194 1219   87
2,2          3342 1502  156    2131  309   60    1211 1193   96
3,1          3342 1504  154    2169  269   62    1173 1235   92
8,9          3337 1504  159    2180  261   59    1157 1243  100
9,6          3329 1516  155    2153  273   74    1176 1243   81
6,0          3328 1512  160    2137  299   64    1191 1213   96
5,5          3319 1546  135    2159  288   53    1160 1258   82
3,5          3313 1513  174    2172  263   65    1141 1250  109
8,0          3313 1530  157    2157  283   60    1156 1247   97
9,9          3308 1565  127    2192  259   49    1116 1306   78
0,8          3296 1543  161    2162  277   61    1134 1266  100
4,9          3287 1525  188    2161  267   72    1126 1258  116
5,9          3282 1548  170    2124  299   77    1158 1249   93
0,6          3281 1554  165    2141  299   60    1140 1255  105
5,8          3275 1558  167    2188  238   74    1087 1320   93
1,1          3271 1540  189    2112  302   86    1159 1238  103
2,7          3270 1566  164    2207  234   59    1063 1332  105
0,2          3266 1556  178    2076  356   68    1190 1200  110
6,9          3264 1590  146    2157  281   62    1107 1309   84
0,5          3253 1567  180    2146  294   60    1107 1273  120
2,5          3247 1574  179    2126  309   65    1121 1265  114
2,1          3246 1586  168    2060  370   70    1186 1216   98
9,3          3246 1573  181    2104  320   76    1142 1253  105
8,6          3240 1599  161    2178  258   64    1062 1341   97
2,9          3236 1597  167    2116  313   71    1120 1284   96
2,0          3231 1625  144    2118  322   60    1113 1303   84
9,1          3226 1606  168    2100  333   67    1126 1273  101
7,2          3218 1636  146    2151  279   70    1067 1357   76
8,8          3193 1646  161    2159  284   57    1034 1362  104
7,1          3177 1671  152    2134  306   60    1043 1365   92
6,5          3167 1664  169    2163  273   64    1004 1391  105
5,2          3153 1682  165    2162  282   56     991 1400  109
6,8          3148 1672  180    2084  345   71    1064 1327  109
6,4          3128 1720  152    2158  282   60     970 1438   92
0,3          3118 1702  180    2107  315   78    1011 1387  102
2,4          3113 1737  150    2151  293   56     962 1444   94
6,3          3108 1729  163    2182  258   60     926 1471  103
4,8          3069 1776  155    2130  310   60     939 1466   95
4,7          3036 1800  164    2177  258   65     859 1542   99
9,5          3023 1827  150    2184  266   50     839 1561  100
5,3          2977 1894  129    2154  301   45     823 1593   84
8,1          2967 1859  174    2127  309   64     840 1550  110
6,2          2961 1879  160    2118  321   61     843 1558   99
100


Team A Total Wins: 336935
Ties: 15927

50x50 vs 4k

50x50 vs 4k

Team A: 
Overall:           all             as Black          as White     
                W    L    T       W    L    T       W    L    T  
size: 100
1,9          3753 1106  141    2130  310   60    1623  796   81
5,4          3689 1162  149    2150  288   62    1539  874   87
8,3          3678 1165  157    2148  288   64    1530  877   93
0,0          3677 1185  138    2187  252   61    1490  933   77
4,1          3675 1161  164    2156  274   70    1519  887   94
0,4          3671 1188  141    2148  290   62    1523  898   79
2,3          3669 1172  159    2166  267   67    1503  905   92
1,6          3666 1186  148    2130  301   69    1536  885   79
3,7          3656 1185  159    2125  299   76    1531  886   83
7,8          3651 1203  146    2178  257   65    1473  946   81
2,6          3639 1221  140    2164  280   56    1475  941   84
0,9          3594 1238  168    2142  286   72    1452  952   96
1,7          3568 1251  181    2123  310   67    1445  941  114
8,2          3567 1265  168    2184  258   58    1383 1007  110
9,4          3562 1269  169    2149  286   65    1413  983  104
4,2          3554 1279  167    2122  306   72    1432  973   95
6,6          3549 1295  156    2168  270   62    1381 1025   94
7,0          3536 1314  150    2139  300   61    1397 1014   89
4,4          3521 1306  173    2089  338   73    1432  968  100
3,9          3495 1331  174    2133  293   74    1362 1038  100
4,5          3493 1349  158    2160  284   56    1333 1065  102
0,1          3491 1363  146    2167  261   72    1324 1102   74
9,8          3491 1366  143    2118  314   68    1373 1052   75
9,2          3486 1338  176    2124  311   65    1362 1027  111
7,9          3479 1380  141    2118  323   59    1361 1057   82
3,8          3456 1364  180    2157  265   78    1299 1099  102
1,3          3454 1405  141    2159  284   57    1295 1121   84
9,0          3441 1406  153    2144  293   63    1297 1113   90
9,7          3439 1412  149    2140  299   61    1299 1113   88
1,8          3437 1395  168    2118  305   77    1319 1090   91
1,4          3432 1398  170    2122  300   78    1310 1098   92
1,0          3429 1392  179    2148  270   82    1281 1122   97
3,0          3419 1378  203    2124  308   68    1295 1070  135
8,7          3414 1433  153    2115  327   58    1299 1106   95
6,7          3409 1421  170    2111  318   71    1298 1103   99
7,6          3409 1425  166    2143  287   70    1266 1138   96
4,6          3394 1454  152    2142  284   74    1252 1170   78
3,4          3392 1418  190    2139  290   71    1253 1128  119
0,7          3385 1479  136    2113  327   60    1272 1152   76
5,7          3383 1443  174    2113  311   76    1270 1132   98
7,4          3383 1452  165    2109  318   73    1274 1134   92
1,5          3379 1446  175    2127  301   72    1252 1145  103
1,2          3376 1466  158    2067  376   57    1309 1090  101
3,2          3371 1459  170    2147  277   76    1224 1182   94
4,0          3367 1435  198    2113  296   91    1254 1139  107
7,5          3367 1479  154    2124  310   66    1243 1169   88
8,5          3365 1463  172    2160  279   61    1205 1184  111
2,8          3363 1481  156    2083  331   86    1280 1150   70
5,0          3354 1494  152    2134  302   64    1220 1192   88
2,2          3345 1493  162    2134  300   66    1211 1193   96
7,7          3344 1512  144    2166  275   59    1178 1237   85
2,1          3342 1491  167    2156  275   69    1186 1216   98
1,1          3341 1499  160    2182  261   57    1159 1238  103
3,3          3341 1501  158    2112  313   75    1229 1188   83
7,3          3331 1508  161    2145  286   69    1186 1222   92
3,1          3324 1517  159    2151  282   67    1173 1235   92
5,6          3322 1499  179    2094  333   73    1228 1166  106
0,2          3318 1502  180    2128  302   70    1190 1200  110
3,6          3315 1517  168    2114  319   67    1201 1198  101
8,4          3315 1524  161    2121  305   74    1194 1219   87
5,1          3309 1502  189    2132  293   75    1177 1209  114
6,1          3306 1529  165    2117  321   62    1189 1208  103
4,3          3295 1543  162    2097  342   61    1198 1201  101
0,8          3293 1535  172    2159  269   72    1134 1266  100
9,6          3286 1562  152    2110  319   71    1176 1243   81
8,0          3279 1545  176    2123  298   79    1156 1247   97
2,9          3275 1566  159    2155  282   63    1120 1284   96
8,9          3274 1554  172    2117  311   72    1157 1243  100
2,0          3273 1580  147    2160  277   63    1113 1303   84
6,0          3273 1557  170    2082  344   74    1191 1213   96
5,5          3268 1574  158    2108  316   76    1160 1258   82
9,9          3268 1576  156    2152  270   78    1116 1306   78
0,5          3267 1551  182    2160  278   62    1107 1273  120
0,6          3262 1575  163    2122  320   58    1140 1255  105
9,1          3249 1590  161    2123  317   60    1126 1273  101
2,5          3238 1569  193    2117  304   79    1121 1265  114
4,9          3232 1579  189    2106  321   73    1126 1258  116
3,5          3229 1579  192    2088  329   83    1141 1250  109
5,9          3227 1599  174    2069  350   81    1158 1249   93
5,8          3216 1634  150    2129  314   57    1087 1320   93
6,9          3215 1624  161    2108  315   77    1107 1309   84
7,2          3203 1653  144    2136  296   68    1067 1357   76
2,7          3193 1626  181    2130  294   76    1063 1332  105
8,6          3189 1642  169    2127  301   72    1062 1341   97
9,3          3178 1635  187    2036  382   82    1142 1253  105
7,1          3167 1658  175    2124  293   83    1043 1365   92
8,8          3160 1662  178    2126  300   74    1034 1362  104
2,4          3159 1685  156    2197  241   62     962 1444   94
6,8          3156 1668  176    2092  341   67    1064 1327  109
0,3          3152 1682  166    2141  295   64    1011 1387  102
5,2          3122 1703  175    2131  303   66     991 1400  109
6,5          3111 1715  174    2107  324   69    1004 1391  105
6,4          3096 1734  170    2126  296   78     970 1438   92
6,3          3067 1760  173    2141  289   70     926 1471  103
4,8          3040 1793  167    2101  327   72     939 1466   95
9,5          3011 1826  163    2172  265   63     839 1561  100
6,2          2982 1859  159    2139  301   60     843 1558   99
4,7          2981 1849  170    2122  307   71     859 1542   99
5,3          2961 1874  165    2138  281   81     823 1593   84
8,1          2958 1848  194    2118  298   84     840 1550  110
100


Team A Total Wins: 335486
Ties: 16480

50x50 vs 5k

Team A: 
Overall:           all             as Black          as White     
                W    L    T       W    L    T       W    L    T  
size: 100
1,9          3772 1078  150    2149  282   69    1623  796   81
1,6          3738 1121  141    2202  236   62    1536  885   79
5,4          3715 1139  146    2176  265   59    1539  874   87
8,3          3700 1140  160    2170  263   67    1530  877   93
3,7          3699 1147  154    2168  261   71    1531  886   83
4,1          3694 1154  152    2175  267   58    1519  887   94
0,4          3685 1170  145    2162  272   66    1523  898   79
0,0          3683 1172  145    2193  239   68    1490  933   77
2,3          3667 1179  154    2164  274   62    1503  905   92
2,6          3663 1193  144    2188  252   60    1475  941   84
1,7          3646 1178  176    2201  237   62    1445  941  114
7,8          3633 1227  140    2160  281   59    1473  946   81
4,4          3607 1233  160    2175  265   60    1432  968  100
0,9          3606 1235  159    2154  283   63    1452  952   96
4,2          3590 1234  176    2158  261   81    1432  973   95
9,4          3588 1242  170    2175  259   66    1413  983  104
7,0          3587 1263  150    2190  249   61    1397 1014   89
8,2          3565 1261  174    2182  254   64    1383 1007  110
9,8          3550 1317  133    2177  265   58    1373 1052   75
3,9          3541 1293  166    2179  255   66    1362 1038  100
6,6          3522 1322  156    2141  297   62    1381 1025   94
9,2          3518 1305  177    2156  278   66    1362 1027  111
0,1          3516 1356  128    2192  254   54    1324 1102   74
7,9          3508 1348  144    2147  291   62    1361 1057   82
1,4          3502 1342  156    2192  244   64    1310 1098   92
4,5          3495 1352  153    2162  287   51    1333 1065  102
3,8          3494 1342  164    2195  243   62    1299 1099  102
1,0          3492 1356  152    2211  234   55    1281 1122   97
1,3          3488 1368  144    2193  247   60    1295 1121   84
1,2          3485 1353  162    2176  263   61    1309 1090  101
9,7          3480 1367  153    2181  254   65    1299 1113   88
7,4          3471 1375  154    2197  241   62    1274 1134   92
1,8          3467 1370  163    2148  280   72    1319 1090   91
6,7          3464 1363  173    2166  260   74    1298 1103   99
8,7          3463 1380  157    2164  274   62    1299 1106   95
9,0          3460 1385  155    2163  272   65    1297 1113   90
3,0          3456 1333  211    2161  263   76    1295 1070  135
1,5          3449 1389  162    2197  244   59    1252 1145  103
0,7          3448 1420  132    2176  268   56    1272 1152   76
2,8          3435 1435  130    2155  285   60    1280 1150   70
7,6          3430 1398  172    2164  260   76    1266 1138   96
5,7          3421 1412  167    2151  280   69    1270 1132   98
3,3          3419 1428  153    2190  240   70    1229 1188   83
4,0          3418 1394  188    2164  255   81    1254 1139  107
4,3          3412 1415  173    2214  214   72    1198 1201  101
5,6          3405 1434  161    2177  268   55    1228 1166  106
3,2          3399 1431  170    2175  249   76    1224 1182   94
3,4          3395 1406  199    2142  278   80    1253 1128  119
5,0          3384 1463  153    2164  271   65    1220 1192   88
4,6          3381 1471  148    2129  301   70    1252 1170   78
8,4          3378 1488  134    2184  269   47    1194 1219   87
3,6          3376 1455  169    2175  257   68    1201 1198  101
8,5          3375 1451  174    2170  267   63    1205 1184  111
5,1          3366 1461  173    2189  252   59    1177 1209  114
0,2          3365 1470  165    2175  270   55    1190 1200  110
7,5          3362 1474  164    2119  305   76    1243 1169   88
2,2          3358 1482  160    2147  289   64    1211 1193   96
9,6          3358 1502  140    2182  259   59    1176 1243   81
6,0          3348 1491  161    2157  278   65    1191 1213   96
2,1          3346 1483  171    2160  267   73    1186 1216   98
0,6          3341 1496  163    2201  241   58    1140 1255  105
7,3          3339 1501  160    2153  279   68    1186 1222   92
3,1          3338 1509  153    2165  274   61    1173 1235   92
8,0          3337 1507  156    2181  260   59    1156 1247   97
6,1          3335 1496  169    2146  288   66    1189 1208  103
8,9          3332 1500  168    2175  257   68    1157 1243  100
0,8          3329 1486  185    2195  220   85    1134 1266  100
7,7          3329 1517  154    2151  280   69    1178 1237   85
3,5          3322 1510  168    2181  260   59    1141 1250  109
1,1          3313 1526  161    2154  288   58    1159 1238  103
5,5          3313 1543  144    2153  285   62    1160 1258   82
9,9          3312 1554  134    2196  248   56    1116 1306   78
0,5          3296 1527  177    2189  254   57    1107 1273  120
2,5          3296 1534  170    2175  269   56    1121 1265  114
9,3          3295 1534  171    2153  281   66    1142 1253  105
4,9          3293 1538  169    2167  280   53    1126 1258  116
5,9          3291 1539  170    2133  290   77    1158 1249   93
2,9          3266 1574  160    2146  290   64    1120 1284   96
8,6          3263 1586  151    2201  245   54    1062 1341   97
6,9          3262 1583  155    2155  274   71    1107 1309   84
7,1          3261 1588  151    2218  223   59    1043 1365   92
9,1          3258 1564  178    2132  291   77    1126 1273  101
7,2          3255 1604  141    2188  247   65    1067 1357   76
2,0          3254 1585  161    2141  282   77    1113 1303   84
5,8          3226 1615  159    2139  295   66    1087 1320   93
8,8          3223 1606  171    2189  244   67    1034 1362  104
2,7          3210 1599  191    2147  267   86    1063 1332  105
6,8          3203 1608  189    2139  281   80    1064 1327  109
5,2          3193 1639  168    2202  239   59     991 1400  109
6,5          3186 1649  165    2182  258   60    1004 1391  105
0,3          3166 1665  169    2155  278   67    1011 1387  102
2,4          3163 1695  142    2201  251   48     962 1444   94
6,4          3163 1685  152    2193  247   60     970 1438   92
4,8          3102 1741  157    2163  275   62     939 1466   95
6,3          3089 1749  162    2163  278   59     926 1471  103
4,7          3021 1819  160    2162  277   61     859 1542   99
5,3          3015 1854  131    2192  261   47     823 1593   84
8,1          3009 1822  169    2169  272   59     840 1550  110
6,2          3008 1838  154    2165  280   55     843 1558   99
9,5          3008 1827  165    2169  266   65     839 1561  100
100


Team A Total Wins: 339453
Ties: 15989

50x50 vs 6k

Team A: 
Overall:           all             as Black          as White     
                W    L    T       W    L    T       W    L    T  
size: 100
1,9          3724 1118  158    2101  322   77    1623  796   81
1,6          3690 1163  147    2154  278   68    1536  885   79
5,4          3680 1167  153    2141  293   66    1539  874   87
0,4          3675 1180  145    2152  282   66    1523  898   79
8,3          3664 1164  172    2134  287   79    1530  877   93
4,1          3642 1192  166    2123  305   72    1519  887   94
3,7          3634 1223  143    2103  337   60    1531  886   83
0,0          3632 1234  134    2142  301   57    1490  933   77
2,3          3630 1210  160    2127  305   68    1503  905   92
7,8          3627 1225  148    2154  279   67    1473  946   81
2,6          3610 1227  163    2135  286   79    1475  941   84
0,9          3602 1235  163    2150  283   67    1452  952   96
4,4          3599 1230  171    2167  262   71    1432  968  100
1,7          3592 1234  174    2147  293   60    1445  941  114
4,2          3586 1267  147    2154  294   52    1432  973   95
7,0          3568 1280  152    2171  266   63    1397 1014   89
9,4          3551 1286  163    2138  303   59    1413  983  104
6,6          3545 1295  160    2164  270   66    1381 1025   94
8,2          3521 1309  170    2138  302   60    1383 1007  110
4,5          3517 1333  150    2184  268   48    1333 1065  102
9,8          3497 1348  155    2124  296   80    1373 1052   75
3,9          3493 1332  175    2131  294   75    1362 1038  100
9,2          3489 1331  180    2127  304   69    1362 1027  111
7,9          3485 1347  168    2124  290   86    1361 1057   82
9,0          3459 1386  155    2162  273   65    1297 1113   90
1,4          3453 1380  167    2143  282   75    1310 1098   92
8,7          3452 1387  161    2153  281   66    1299 1106   95
3,8          3447 1383  170    2148  284   68    1299 1099  102
9,7          3447 1387  166    2148  274   78    1299 1113   88
1,8          3435 1404  161    2116  314   70    1319 1090   91
0,7          3430 1432  138    2158  280   62    1272 1152   76
6,7          3426 1405  169    2128  302   70    1298 1103   99
1,3          3425 1424  151    2130  303   67    1295 1121   84
1,2          3417 1398  185    2108  308   84    1309 1090  101
7,4          3417 1422  161    2143  288   69    1274 1134   92
2,8          3413 1448  139    2133  298   69    1280 1150   70
7,6          3413 1420  167    2147  282   71    1266 1138   96
0,1          3409 1439  152    2085  337   78    1324 1102   74
1,0          3405 1433  162    2124  311   65    1281 1122   97
3,4          3403 1418  179    2150  290   60    1253 1128  119
5,7          3403 1430  167    2133  298   69    1270 1132   98
4,0          3400 1420  180    2146  281   73    1254 1139  107
3,3          3397 1461  142    2168  273   59    1229 1188   83
3,0          3392 1404  204    2097  334   69    1295 1070  135
8,5          3385 1446  169    2180  262   58    1205 1184  111
4,6          3381 1469  150    2129  299   72    1252 1170   78
4,3          3378 1457  165    2180  256   64    1198 1201  101
7,5          3378 1465  157    2135  296   69    1243 1169   88
1,5          3374 1453  173    2122  308   70    1252 1145  103
5,0          3374 1479  147    2154  287   59    1220 1192   88
5,6          3371 1452  177    2143  286   71    1228 1166  106
8,4          3366 1494  140    2172  275   53    1194 1219   87
2,1          3357 1482  161    2171  266   63    1186 1216   98
3,6          3355 1491  154    2154  293   53    1201 1198  101
3,2          3350 1493  157    2126  311   63    1224 1182   94
5,1          3349 1481  170    2172  272   56    1177 1209  114
6,1          3343 1482  175    2154  274   72    1189 1208  103
5,9          3327 1503  170    2169  254   77    1158 1249   93
6,0          3322 1523  155    2131  310   59    1191 1213   96
7,3          3316 1530  154    2130  308   62    1186 1222   92
9,6          3312 1527  161    2136  284   80    1176 1243   81
2,2          3311 1513  176    2100  320   80    1211 1193   96
5,5          3306 1543  151    2146  285   69    1160 1258   82
0,2          3300 1513  187    2110  313   77    1190 1200  110
8,9          3297 1539  164    2140  296   64    1157 1243  100
7,7          3296 1554  150    2118  317   65    1178 1237   85
4,9          3295 1526  179    2169  268   63    1126 1258  116
1,1          3294 1533  173    2135  295   70    1159 1238  103
0,6          3288 1540  172    2148  285   67    1140 1255  105
3,5          3282 1533  185    2141  283   76    1141 1250  109
3,1          3280 1568  152    2107  333   60    1173 1235   92
8,0          3278 1551  171    2122  304   74    1156 1247   97
9,9          3274 1580  146    2158  274   68    1116 1306   78
9,1          3266 1578  156    2140  305   55    1126 1273  101
0,8          3263 1572  165    2129  306   65    1134 1266  100
0,5          3246 1565  189    2139  292   69    1107 1273  120
6,9          3246 1604  150    2139  295   66    1107 1309   84
2,5          3240 1570  190    2119  305   76    1121 1265  114
9,3          3237 1595  168    2095  342   63    1142 1253  105
5,8          3230 1611  159    2143  291   66    1087 1320   93
2,9          3219 1612  169    2099  328   73    1120 1284   96
2,0          3213 1631  156    2100  328   72    1113 1303   84
8,6          3213 1623  164    2151  282   67    1062 1341   97
8,8          3211 1619  170    2177  257   66    1034 1362  104
6,8          3209 1611  180    2145  284   71    1064 1327  109
7,2          3208 1651  141    2141  294   65    1067 1357   76
7,1          3196 1643  161    2153  278   69    1043 1365   92
2,7          3173 1660  167    2110  328   62    1063 1332  105
6,5          3155 1669  176    2151  278   71    1004 1391  105
0,3          3114 1715  171    2103  328   69    1011 1387  102
5,2          3114 1711  175    2123  311   66     991 1400  109
2,4          3107 1732  161    2145  288   67     962 1444   94
6,4          3074 1751  175    2104  313   83     970 1438   92
4,8          3070 1750  180    2131  284   85     939 1466   95
6,3          3066 1759  175    2140  288   72     926 1471  103
8,1          2999 1828  173    2159  278   63     840 1550  110
4,7          2994 1844  162    2135  302   63     859 1542   99
6,2          2982 1853  165    2139  295   66     843 1558   99
9,5          2968 1866  166    2129  305   66     839 1561  100
5,3          2967 1897  136    2144  304   52     823 1593   84
100


Team A Total Wins: 336215
Ties: 16334

50x50 vs 7k

Team A: 
Overall:           all             as Black          as White     
                W    L    T       W    L    T       W    L    T  
size: 100
1,9          3783 1067  150    2160  271   69    1623  796   81
5,4          3713 1134  153    2174  260   66    1539  874   87
0,4          3700 1158  142    2177  260   63    1523  898   79
3,7          3695 1168  137    2164  282   54    1531  886   83
4,1          3690 1157  153    2171  270   59    1519  887   94
8,3          3678 1170  152    2148  293   59    1530  877   93
1,6          3659 1191  150    2123  306   71    1536  885   79
2,3          3645 1194  161    2142  289   69    1503  905   92
0,0          3623 1243  134    2133  310   57    1490  933   77
2,6          3622 1228  150    2147  287   66    1475  941   84
7,8          3599 1245  156    2126  299   75    1473  946   81
4,2          3590 1254  156    2158  281   61    1432  973   95
6,6          3588 1263  149    2207  238   55    1381 1025   94
0,9          3585 1248  167    2133  296   71    1452  952   96
4,4          3580 1252  168    2148  284   68    1432  968  100
1,7          3543 1276  181    2098  335   67    1445  941  114
9,4          3542 1274  184    2129  291   80    1413  983  104
7,0          3541 1313  146    2144  299   57    1397 1014   89
9,8          3526 1339  135    2153  287   60    1373 1052   75
8,2          3523 1304  173    2140  297   63    1383 1007  110
3,9          3521 1334  145    2159  296   45    1362 1038  100
7,9          3510 1349  141    2149  292   59    1361 1057   82
4,5          3492 1341  167    2159  276   65    1333 1065  102
9,2          3487 1332  181    2125  305   70    1362 1027  111
9,7          3480 1372  148    2181  259   60    1299 1113   88
0,1          3470 1393  137    2146  291   63    1324 1102   74
9,0          3470 1393  137    2173  280   47    1297 1113   90
1,3          3462 1396  142    2167  275   58    1295 1121   84
8,7          3455 1395  150    2156  289   55    1299 1106   95
1,4          3452 1389  159    2142  291   67    1310 1098   92
7,4          3449 1388  163    2175  254   71    1274 1134   92
3,8          3447 1378  175    2148  279   73    1299 1099  102
6,7          3447 1388  165    2149  285   66    1298 1103   99
3,0          3446 1358  196    2151  288   61    1295 1070  135
5,7          3436 1421  143    2166  289   45    1270 1132   98
7,5          3433 1423  144    2190  254   56    1243 1169   88
7,6          3433 1409  158    2167  271   62    1266 1138   96
2,8          3431 1429  140    2151  279   70    1280 1150   70
4,6          3428 1430  142    2176  260   64    1252 1170   78
1,2          3420 1400  180    2111  310   79    1309 1090  101
1,8          3412 1413  175    2093  323   84    1319 1090   91
0,7          3403 1448  149    2131  296   73    1272 1152   76
3,3          3403 1459  138    2174  271   55    1229 1188   83
4,0          3402 1432  166    2148  293   59    1254 1139  107
3,4          3392 1434  174    2139  306   55    1253 1128  119
5,6          3392 1444  164    2164  278   58    1228 1166  106
1,0          3390 1449  161    2109  327   64    1281 1122   97
1,5          3389 1446  165    2137  301   62    1252 1145  103
8,5          3369 1461  170    2164  277   59    1205 1184  111
3,2          3361 1472  167    2137  290   73    1224 1182   94
3,6          3361 1480  159    2160  282   58    1201 1198  101
5,0          3358 1470  172    2138  278   84    1220 1192   88
6,1          3357 1473  170    2168  265   67    1189 1208  103
6,0          3356 1484  160    2165  271   64    1191 1213   96
4,3          3353 1485  162    2155  284   61    1198 1201  101
0,2          3350 1466  184    2160  266   74    1190 1200  110
2,2          3347 1488  165    2136  295   69    1211 1193   96
7,3          3345 1500  155    2159  278   63    1186 1222   92
7,7          3342 1513  145    2164  276   60    1178 1237   85
8,4          3337 1499  164    2143  280   77    1194 1219   87
8,0          3335 1503  162    2179  256   65    1156 1247   97
2,1          3333 1511  156    2147  295   58    1186 1216   98
5,1          3333 1489  178    2156  280   64    1177 1209  114
1,1          3332 1495  173    2173  257   70    1159 1238  103
5,5          3329 1526  145    2169  268   63    1160 1258   82
9,6          3326 1525  149    2150  282   68    1176 1243   81
3,1          3325 1517  158    2152  282   66    1173 1235   92
5,9          3316 1536  148    2158  287   55    1158 1249   93
0,6          3314 1528  158    2174  273   53    1140 1255  105
2,0          3296 1561  143    2183  258   59    1113 1303   84
3,5          3288 1543  169    2147  293   60    1141 1250  109
8,9          3287 1540  173    2130  297   73    1157 1243  100
2,5          3280 1540  180    2159  275   66    1121 1265  114
9,9          3274 1602  124    2158  296   46    1116 1306   78
7,2          3268 1604  128    2201  247   52    1067 1357   76
9,1          3267 1569  164    2141  296   63    1126 1273  101
2,9          3265 1575  160    2145  291   64    1120 1284   96
4,9          3261 1547  192    2135  289   76    1126 1258  116
0,8          3257 1576  167    2123  310   67    1134 1266  100
9,3          3253 1575  172    2111  322   67    1142 1253  105
0,5          3238 1575  187    2131  302   67    1107 1273  120
6,8          3238 1596  166    2174  269   57    1064 1327  109
6,9          3224 1617  159    2117  308   75    1107 1309   84
8,6          3218 1606  176    2156  265   79    1062 1341   97
2,7          3213 1632  155    2150  300   50    1063 1332  105
7,1          3213 1634  153    2170  269   61    1043 1365   92
5,8          3208 1642  150    2121  322   57    1087 1320   93
8,8          3177 1650  173    2143  288   69    1034 1362  104
6,5          3174 1662  164    2170  271   59    1004 1391  105
6,4          3145 1708  147    2175  270   55     970 1438   92
5,2          3127 1682  191    2136  282   82     991 1400  109
2,4          3125 1712  163    2163  268   69     962 1444   94
0,3          3113 1714  173    2102  327   71    1011 1387  102
4,8          3110 1740  150    2171  274   55     939 1466   95
6,3          3098 1737  165    2172  266   62     926 1471  103
4,7          3038 1796  166    2179  254   67     859 1542   99
5,3          3021 1827  152    2198  234   68     823 1593   84
9,5          3000 1832  168    2161  271   68     839 1561  100
8,1          2979 1862  159    2139  312   49     840 1550  110
6,2          2960 1876  164    2117  318   65     843 1558   99
100


Team A Total Wins: 337571
Ties: 15955

50x50 vs 8k

Team A: 
Overall:           all             as Black          as White     
                W    L    T       W    L    T       W    L    T  
size: 100
1,9          3803 1045  152    2180  249   71    1623  796   81
3,7          3728 1119  153    2197  233   70    1531  886   83
5,4          3700 1145  155    2161  271   68    1539  874   87
0,4          3697 1161  142    2174  263   63    1523  898   79
1,6          3697 1153  150    2161  268   71    1536  885   79
8,3          3697 1151  152    2167  274   59    1530  877   93
2,6          3668 1186  146    2193  245   62    1475  941   84
4,1          3661 1166  173    2142  279   79    1519  887   94
0,0          3654 1192  154    2164  259   77    1490  933   77
2,3          3645 1203  152    2142  298   60    1503  905   92
7,8          3640 1202  158    2167  256   77    1473  946   81
1,7          3624 1191  185    2179  250   71    1445  941  114
4,4          3599 1236  165    2167  268   65    1432  968  100
0,9          3592 1248  160    2140  296   64    1452  952   96
4,2          3580 1246  174    2148  273   79    1432  973   95
6,6          3573 1282  145    2192  257   51    1381 1025   94
7,0          3559 1284  157    2162  270   68    1397 1014   89
8,2          3536 1294  170    2153  287   60    1383 1007  110
9,2          3528 1300  172    2166  273   61    1362 1027  111
9,4          3526 1294  180    2113  311   76    1413  983  104
7,9          3519 1345  136    2158  288   54    1361 1057   82
9,8          3517 1336  147    2144  284   72    1373 1052   75
1,8          3507 1327  166    2188  237   75    1319 1090   91
3,9          3503 1316  181    2141  278   81    1362 1038  100
0,1          3501 1369  130    2177  267   56    1324 1102   74
4,5          3496 1330  174    2163  265   72    1333 1065  102
1,4          3477 1371  152    2167  273   60    1310 1098   92
1,2          3462 1349  189    2153  259   88    1309 1090  101
3,8          3455 1371  174    2156  272   72    1299 1099  102
0,7          3447 1405  148    2175  253   72    1272 1152   76
9,0          3447 1415  138    2150  302   48    1297 1113   90
1,3          3445 1412  143    2150  291   59    1295 1121   84
6,7          3443 1408  149    2145  305   50    1298 1103   99
4,6          3441 1420  139    2189  250   61    1252 1170   78
1,0          3439 1412  149    2158  290   52    1281 1122   97
9,7          3437 1403  160    2138  290   72    1299 1113   88
5,7          3435 1408  157    2165  276   59    1270 1132   98
2,8          3434 1424  142    2154  274   72    1280 1150   70
7,4          3423 1404  173    2149  270   81    1274 1134   92
8,7          3423 1398  179    2124  292   84    1299 1106   95
5,6          3420 1418  162    2192  252   56    1228 1166  106
3,0          3418 1380  202    2123  310   67    1295 1070  135
1,5          3416 1405  179    2164  260   76    1252 1145  103
3,4          3407 1419  174    2154  291   55    1253 1128  119
4,0          3398 1438  164    2144  299   57    1254 1139  107
7,5          3386 1460  154    2143  291   66    1243 1169   88
7,6          3381 1457  162    2115  319   66    1266 1138   96
8,4          3380 1474  146    2186  255   59    1194 1219   87
3,2          3379 1455  166    2155  273   72    1224 1182   94
5,0          3378 1470  152    2158  278   64    1220 1192   88
9,6          3367 1490  143    2191  247   62    1176 1243   81
3,3          3366 1482  152    2137  294   69    1229 1188   83
6,1          3359 1466  175    2170  258   72    1189 1208  103
2,2          3352 1488  160    2141  295   64    1211 1193   96
3,6          3339 1485  176    2138  287   75    1201 1198  101
8,5          3335 1479  186    2130  295   75    1205 1184  111
5,1          3334 1484  182    2157  275   68    1177 1209  114
0,8          3333 1508  159    2199  242   59    1134 1266  100
8,0          3333 1502  165    2177  255   68    1156 1247   97
7,7          3328 1516  156    2150  279   71    1178 1237   85
5,9          3327 1510  163    2169  261   70    1158 1249   93
0,6          3324 1509  167    2184  254   62    1140 1255  105
5,5          3317 1529  154    2157  271   72    1160 1258   82
6,0          3315 1507  178    2124  294   82    1191 1213   96
0,2          3310 1505  185    2120  305   75    1190 1200  110
3,1          3309 1535  156    2136  300   64    1173 1235   92
2,1          3301 1540  159    2115  324   61    1186 1216   98
7,3          3299 1528  173    2113  306   81    1186 1222   92
8,9          3294 1532  174    2137  289   74    1157 1243  100
9,3          3288 1529  183    2146  276   78    1142 1253  105
9,9          3274 1588  138    2158  282   60    1116 1306   78
4,9          3273 1542  185    2147  284   69    1126 1258  116
9,1          3273 1561  166    2147  288   65    1126 1273  101
4,3          3270 1548  182    2072  347   81    1198 1201  101
2,5          3269 1561  170    2148  296   56    1121 1265  114
3,5          3266 1556  178    2125  306   69    1141 1250  109
0,5          3263 1550  187    2156  277   67    1107 1273  120
7,2          3263 1594  143    2196  237   67    1067 1357   76
6,9          3254 1613  133    2147  304   49    1107 1309   84
1,1          3250 1555  195    2091  317   92    1159 1238  103
5,8          3243 1608  149    2156  288   56    1087 1320   93
2,0          3238 1596  166    2125  293   82    1113 1303   84
2,9          3238 1592  170    2118  308   74    1120 1284   96
2,7          3224 1623  153    2161  291   48    1063 1332  105
0,3          3192 1635  173    2181  248   71    1011 1387  102
8,6          3186 1650  164    2124  309   67    1062 1341   97
6,5          3178 1648  174    2174  257   69    1004 1391  105
6,8          3176 1636  188    2112  309   79    1064 1327  109
5,2          3174 1645  181    2183  245   72     991 1400  109
7,1          3166 1681  153    2123  316   61    1043 1365   92
6,4          3153 1686  161    2183  248   69     970 1438   92
8,8          3148 1682  170    2114  320   66    1034 1362  104
2,4          3123 1711  166    2161  267   72     962 1444   94
4,8          3087 1746  167    2148  280   72     939 1466   95
6,3          3073 1752  175    2147  281   72     926 1471  103
4,7          3033 1798  169    2174  256   70     859 1542   99
6,2          2998 1838  164    2155  280   65     843 1558   99
5,3          2986 1877  137    2163  284   53     823 1593   84
9,5          2971 1870  159    2132  309   59     839 1561  100
8,1          2964 1859  177    2124  309   67     840 1550  110
100


Team A Total Wins: 337657
Ties: 16321

50x50 vs 9k

Team A: 
Overall:           all             as Black          as White     
                W    L    T       W    L    T       W    L    T  
size: 100
1,9          3774 1075  151    2151  279   70    1623  796   81
4,1          3720 1128  152    2201  241   58    1519  887   94
5,4          3712 1137  151    2173  263   64    1539  874   87
3,7          3695 1140  165    2164  254   82    1531  886   83
8,3          3692 1148  160    2162  271   67    1530  877   93
0,4          3690 1157  153    2167  259   74    1523  898   79
1,6          3689 1154  157    2153  269   78    1536  885   79
2,3          3680 1171  149    2177  266   57    1503  905   92
7,8          3657 1196  147    2184  250   66    1473  946   81
0,9          3633 1209  158    2181  257   62    1452  952   96
0,0          3626 1224  150    2136  291   73    1490  933   77
1,7          3612 1214  174    2167  273   60    1445  941  114
4,2          3596 1252  152    2164  279   57    1432  973   95
2,6          3595 1250  155    2120  309   71    1475  941   84
9,4          3587 1253  160    2174  270   56    1413  983  104
8,2          3580 1257  163    2197  250   53    1383 1007  110
7,0          3562 1286  152    2165  272   63    1397 1014   89
4,4          3551 1265  184    2119  297   84    1432  968  100
9,8          3549 1316  135    2176  264   60    1373 1052   75
7,9          3546 1312  142    2185  255   60    1361 1057   82
6,6          3538 1298  164    2157  273   70    1381 1025   94
3,9          3513 1320  167    2151  282   67    1362 1038  100
9,2          3508 1315  177    2146  288   66    1362 1027  111
4,5          3507 1323  170    2174  258   68    1333 1065  102
0,1          3488 1362  150    2164  260   76    1324 1102   74
1,8          3487 1355  158    2168  265   67    1319 1090   91
1,4          3481 1362  157    2171  264   65    1310 1098   92
1,3          3470 1371  159    2175  250   75    1295 1121   84
3,8          3467 1358  175    2168  259   73    1299 1099  102
2,8          3461 1406  133    2181  256   63    1280 1150   70
9,0          3461 1360  179    2164  247   89    1297 1113   90
7,4          3460 1385  155    2186  251   63    1274 1134   92
8,7          3454 1382  164    2155  276   69    1299 1106   95
3,0          3451 1342  207    2156  272   72    1295 1070  135
6,7          3451 1389  160    2153  286   61    1298 1103   99
9,7          3449 1389  162    2150  276   74    1299 1113   88
4,6          3442 1418  140    2190  248   62    1252 1170   78
0,7          3439 1411  150    2167  259   74    1272 1152   76
1,2          3432 1398  170    2123  308   69    1309 1090  101
5,7          3431 1399  170    2161  267   72    1270 1132   98
1,5          3429 1396  175    2177  251   72    1252 1145  103
7,6          3423 1416  161    2157  278   65    1266 1138   96
5,6          3418 1414  168    2190  248   62    1228 1166  106
1,0          3410 1417  173    2129  295   76    1281 1122   97
3,3          3402 1454  144    2173  266   61    1229 1188   83
4,0          3399 1435  166    2145  296   59    1254 1139  107
7,5          3398 1438  164    2155  269   76    1243 1169   88
3,4          3392 1427  181    2139  299   62    1253 1128  119
8,5          3391 1434  175    2186  250   64    1205 1184  111
3,2          3388 1449  163    2164  267   69    1224 1182   94
2,2          3386 1447  167    2175  254   71    1211 1193   96
5,0          3379 1477  144    2159  285   56    1220 1192   88
2,1          3377 1468  155    2191  252   57    1186 1216   98
5,5          3375 1481  144    2215  223   62    1160 1258   82
7,3          3369 1491  140    2183  269   48    1186 1222   92
0,2          3366 1462  172    2176  262   62    1190 1200  110
4,3          3365 1462  173    2167  261   72    1198 1201  101
6,1          3365 1464  171    2176  256   68    1189 1208  103
7,7          3362 1481  157    2184  244   72    1178 1237   85
8,4          3360 1489  151    2166  270   64    1194 1219   87
6,0          3356 1494  150    2165  281   54    1191 1213   96
8,0          3356 1481  163    2200  234   66    1156 1247   97
9,6          3347 1512  141    2171  269   60    1176 1243   81
3,6          3343 1483  174    2142  285   73    1201 1198  101
5,1          3343 1470  187    2166  261   73    1177 1209  114
3,1          3328 1512  160    2155  277   68    1173 1235   92
0,8          3322 1518  160    2188  252   60    1134 1266  100
3,5          3322 1503  175    2181  253   66    1141 1250  109
5,9          3318 1537  145    2160  288   52    1158 1249   93
1,1          3316 1503  181    2157  265   78    1159 1238  103
9,1          3311 1533  156    2185  260   55    1126 1273  101
4,9          3306 1507  187    2180  249   71    1126 1258  116
8,9          3306 1528  166    2149  285   66    1157 1243  100
0,6          3296 1537  167    2156  282   62    1140 1255  105
0,5          3287 1525  188    2180  252   68    1107 1273  120
2,5          3276 1547  177    2155  282   63    1121 1265  114
9,3          3274 1549  177    2132  296   72    1142 1253  105
9,9          3273 1579  148    2157  273   70    1116 1306   78
2,9          3265 1563  172    2145  279   76    1120 1284   96
6,9          3260 1576  164    2153  267   80    1107 1309   84
6,8          3250 1570  180    2186  243   71    1064 1327  109
8,6          3245 1602  153    2183  261   56    1062 1341   97
2,0          3244 1616  140    2131  313   56    1113 1303   84
5,8          3229 1599  172    2142  279   79    1087 1320   93
7,2          3216 1643  141    2149  286   65    1067 1357   76
6,5          3205 1631  164    2201  240   59    1004 1391  105
2,7          3202 1616  182    2139  284   77    1063 1332  105
7,1          3200 1639  161    2157  274   69    1043 1365   92
0,3          3185 1642  173    2174  255   71    1011 1387  102
6,4          3165 1673  162    2195  235   70     970 1438   92
5,2          3159 1655  186    2168  255   77     991 1400  109
2,4          3152 1678  170    2190  234   76     962 1444   94
8,8          3142 1675  183    2108  313   79    1034 1362  104
4,8          3101 1735  164    2162  269   69     939 1466   95
6,3          3068 1756  176    2142  285   73     926 1471  103
9,5          3025 1798  177    2186  237   77     839 1561  100
4,7          3024 1815  161    2165  273   62     859 1542   99
8,1          3014 1803  183    2174  253   73     840 1550  110
5,3          3002 1865  133    2179  272   49     823 1593   84
6,2          2957 1874  169    2114  316   70     843 1558   99
100


Team A Total Wins: 338880
Ties: 16289

50x50 vs 10k

Team A: 
Overall:           all             as Black          as White     
                W    L    T       W    L    T       W    L    T  
size: 100
1,9          3785 1073  142    2162  277   61    1623  796   81
3,7          3726 1123  151    2195  237   68    1531  886   83
5,4          3723 1139  138    2184  265   51    1539  874   87
4,1          3712 1123  165    2193  236   71    1519  887   94
1,6          3702 1154  144    2166  269   65    1536  885   79
8,3          3699 1135  166    2169  258   73    1530  877   93
2,3          3691 1137  172    2188  232   80    1503  905   92
0,4          3683 1180  137    2160  282   58    1523  898   79
0,0          3676 1176  148    2186  243   71    1490  933   77
7,8          3671 1184  145    2198  238   64    1473  946   81
2,6          3647 1208  145    2172  267   61    1475  941   84
1,7          3633 1195  172    2188  254   58    1445  941  114
0,9          3609 1226  165    2157  274   69    1452  952   96
4,4          3605 1236  159    2173  268   59    1432  968  100
9,4          3598 1224  178    2185  241   74    1413  983  104
4,2          3594 1240  166    2162  267   71    1432  973   95
8,2          3563 1251  186    2180  244   76    1383 1007  110
7,0          3559 1286  155    2162  272   66    1397 1014   89
6,6          3549 1285  166    2168  260   72    1381 1025   94
7,9          3547 1296  157    2186  239   75    1361 1057   82
9,8          3538 1329  133    2165  277   58    1373 1052   75
9,2          3526 1305  169    2164  278   58    1362 1027  111
3,9          3524 1311  165    2162  273   65    1362 1038  100
4,5          3522 1316  162    2189  251   60    1333 1065  102
1,8          3509 1347  144    2190  257   53    1319 1090   91
0,1          3495 1372  133    2171  270   59    1324 1102   74
3,8          3487 1344  169    2188  245   67    1299 1099  102
8,7          3484 1355  161    2185  249   66    1299 1106   95
1,4          3483 1362  155    2173  264   63    1310 1098   92
9,0          3479 1371  150    2182  258   60    1297 1113   90
0,7          3475 1389  136    2203  237   60    1272 1152   76
1,2          3465 1371  164    2156  281   63    1309 1090  101
1,0          3464 1374  162    2183  252   65    1281 1122   97
7,4          3456 1394  150    2182  260   58    1274 1134   92
1,3          3455 1385  160    2160  264   76    1295 1121   84
9,7          3448 1396  156    2149  283   68    1299 1113   88
6,7          3439 1397  164    2141  294   65    1298 1103   99
3,4          3437 1390  173    2184  262   54    1253 1128  119
3,0          3435 1353  212    2140  283   77    1295 1070  135
1,5          3432 1394  174    2180  249   71    1252 1145  103
2,8          3429 1422  149    2149  272   79    1280 1150   70
5,7          3420 1409  171    2150  277   73    1270 1132   98
7,6          3418 1422  160    2152  284   64    1266 1138   96
7,5          3408 1428  164    2165  259   76    1243 1169   88
7,7          3406 1446  148    2228  209   63    1178 1237   85
3,2          3404 1433  163    2180  251   69    1224 1182   94
4,6          3402 1448  150    2150  278   72    1252 1170   78
3,3          3393 1459  148    2164  271   65    1229 1188   83
4,0          3377 1451  172    2123  312   65    1254 1139  107
6,0          3374 1473  153    2183  260   57    1191 1213   96
6,1          3370 1458  172    2181  250   69    1189 1208  103
5,6          3368 1454  178    2140  288   72    1228 1166  106
8,5          3367 1465  168    2162  281   57    1205 1184  111
5,0          3365 1472  163    2145  280   75    1220 1192   88
4,3          3363 1474  163    2165  273   62    1198 1201  101
0,2          3359 1468  173    2169  268   63    1190 1200  110
3,6          3358 1478  164    2157  280   63    1201 1198  101
2,1          3356 1481  163    2170  265   65    1186 1216   98
2,2          3353 1494  153    2142  301   57    1211 1193   96
5,1          3350 1475  175    2173  266   61    1177 1209  114
3,1          3349 1495  156    2176  260   64    1173 1235   92
1,1          3344 1489  167    2185  251   64    1159 1238  103
7,3          3342 1502  156    2156  280   64    1186 1222   92
8,4          3339 1514  147    2145  295   60    1194 1219   87
8,0          3333 1503  164    2177  256   67    1156 1247   97
9,6          3333 1517  150    2157  274   69    1176 1243   81
9,3          3330 1508  162    2188  255   57    1142 1253  105
8,9          3329 1503  168    2172  260   68    1157 1243  100
9,9          3324 1539  137    2208  233   59    1116 1306   78
5,9          3317 1528  155    2159  279   62    1158 1249   93
0,8          3301 1544  155    2167  278   55    1134 1266  100
2,0          3301 1557  142    2188  254   58    1113 1303   84
5,5          3300 1539  161    2140  281   79    1160 1258   82
2,5          3294 1540  166    2173  275   52    1121 1265  114
0,5          3293 1516  191    2186  243   71    1107 1273  120
4,9          3293 1527  180    2167  269   64    1126 1258  116
6,9          3293 1568  139    2186  259   55    1107 1309   84
0,6          3282 1541  177    2142  286   72    1140 1255  105
2,9          3281 1552  167    2161  268   71    1120 1284   96
3,5          3280 1545  175    2139  295   66    1141 1250  109
6,8          3271 1561  168    2207  234   59    1064 1327  109
9,1          3270 1557  173    2144  284   72    1126 1273  101
8,6          3260 1589  151    2198  248   54    1062 1341   97
2,7          3249 1591  160    2186  259   55    1063 1332  105
7,1          3249 1605  146    2206  240   54    1043 1365   92
5,8          3246 1606  148    2159  286   55    1087 1320   93
7,2          3234 1620  146    2167  263   70    1067 1357   76
6,5          3192 1646  162    2188  255   57    1004 1391  105
8,8          3188 1659  153    2154  297   49    1034 1362  104
0,3          3146 1671  183    2135  284   81    1011 1387  102
6,4          3145 1699  156    2175  261   64     970 1438   92
5,2          3129 1689  182    2138  289   73     991 1400  109
4,8          3123 1724  153    2184  258   58     939 1466   95
6,3          3112 1720  168    2186  249   65     926 1471  103
2,4          3107 1727  166    2145  283   72     962 1444   94
4,7          3047 1782  171    2188  240   72     859 1542   99
8,1          3026 1813  161    2186  263   51     840 1550  110
9,5          3003 1823  174    2164  262   74     839 1561  100
6,2          3001 1829  170    2158  271   71     843 1558   99
5,3          2970 1881  149    2147  288   65     823 1593   84
100


Team A Total Wins: 339391
Ties: 16054
