50x50 vs 0k

Team A: 
Overall:           all             as Black          as White     
                W    L    T       W    L    T       W    L    T  
size: 100
1,9          3171 1658  171    1548  862   90    1623  796   81
0,4          2934 1908  158    1411 1010   79    1523  898   79
4,4          2867 1932  201    1435  964  101    1432  968  100
1,6          2862 1980  158    1326 1095   79    1536  885   79
2,3          2826 2000  174    1323 1095   82    1503  905   92
8,7          2792 2034  174    1493  928   79    1299 1106   95
9,2          2773 2028  199    1411 1001   88    1362 1027  111
1,7          2769 2024  207    1324 1083   93    1445  941  114
6,6          2714 2115  171    1333 1090   77    1381 1025   94
3,4          2703 2088  209    1450  960   90    1253 1128  119
3,9          2694 2112  194    1332 1074   94    1362 1038  100
7,0          2679 2127  194    1282 1113  105    1397 1014   89
0,9          2637 2183  180    1185 1231   84    1452  952   96
5,4          2628 2173  199    1089 1299  112    1539  874   87
4,0          2590 2216  194    1336 1077   87    1254 1139  107
3,7          2589 2243  168    1058 1357   85    1531  886   83
3,8          2575 2214  211    1276 1115  109    1299 1099  102
8,0          2569 2239  192    1413  992   95    1156 1247   97
1,4          2568 2229  203    1258 1131  111    1310 1098   92
2,9          2567 2252  181    1447  968   85    1120 1284   96
3,1          2567 2250  183    1394 1015   91    1173 1235   92
7,8          2563 2276  161    1090 1330   80    1473  946   81
5,1          2556 2240  204    1379 1031   90    1177 1209  114
6,7          2555 2247  198    1257 1144   99    1298 1103   99
9,4          2547 2274  179    1134 1291   75    1413  983  104
8,3          2537 2278  185    1007 1401   92    1530  877   93
4,2          2535 2288  177    1103 1315   82    1432  973   95
8,2          2520 2292  188    1137 1285   78    1383 1007  110
3,3          2517 2318  165    1288 1130   82    1229 1188   83
4,5          2512 2285  203    1179 1220  101    1333 1065  102
4,1          2510 2317  173     991 1430   79    1519  887   94
0,7          2507 2331  162    1235 1179   86    1272 1152   76
2,6          2489 2318  193    1014 1377  109    1475  941   84
3,5          2489 2317  194    1348 1067   85    1141 1250  109
6,3          2472 2323  205    1546  852  102     926 1471  103
0,5          2467 2316  217    1360 1043   97    1107 1273  120
1,0          2460 2346  194    1179 1224   97    1281 1122   97
2,1          2439 2357  204    1253 1141  106    1186 1216   98
2,0          2436 2398  166    1323 1095   82    1113 1303   84
5,6          2433 2377  190    1205 1211   84    1228 1166  106
1,5          2419 2390  191    1167 1245   88    1252 1145  103
7,6          2414 2396  190    1148 1258   94    1266 1138   96
4,6          2411 2412  177    1159 1242   99    1252 1170   78
7,4          2396 2416  188    1122 1282   96    1274 1134   92
1,3          2392 2443  165    1097 1322   81    1295 1121   84
5,9          2390 2413  197    1232 1164  104    1158 1249   93
6,1          2386 2421  193    1197 1213   90    1189 1208  103
2,7          2375 2410  215    1312 1078  110    1063 1332  105
0,0          2370 2462  168     880 1529   91    1490  933   77
7,7          2360 2452  188    1182 1215  103    1178 1237   85
3,6          2348 2452  200    1147 1254   99    1201 1198  101
3,2          2347 2474  179    1123 1292   85    1224 1182   94
7,9          2346 2481  173     985 1424   91    1361 1057   82
6,9          2345 2473  182    1238 1164   98    1107 1309   84
8,9          2344 2453  203    1187 1210  103    1157 1243  100
5,8          2338 2458  204    1251 1138  111    1087 1320   93
7,2          2323 2515  162    1256 1158   86    1067 1357   76
7,5          2320 2494  186    1077 1325   98    1243 1169   88
0,3          2316 2498  186    1305 1111   84    1011 1387  102
8,6          2311 2504  185    1249 1163   88    1062 1341   97
5,7          2309 2502  189    1039 1370   91    1270 1132   98
4,9          2294 2508  198    1168 1250   82    1126 1258  116
2,2          2291 2521  188    1080 1328   92    1211 1193   96
4,3          2287 2508  205    1089 1307  104    1198 1201  101
9,8          2277 2568  155     904 1516   80    1373 1052   75
2,8          2271 2559  170     991 1409  100    1280 1150   70
1,2          2267 2517  216     958 1427  115    1309 1090  101
5,0          2263 2546  191    1043 1354  103    1220 1192   88
9,3          2261 2540  199    1119 1287   94    1142 1253  105
5,5          2258 2566  176    1098 1308   94    1160 1258   82
9,0          2249 2584  167     952 1471   77    1297 1113   90
4,7          2233 2583  184    1374 1041   85     859 1542   99
2,5          2231 2548  221    1110 1283  107    1121 1265  114
9,9          2188 2629  183    1072 1323  105    1116 1306   78
7,1          2175 2637  188    1132 1272   96    1043 1365   92
7,3          2166 2658  176     980 1436   84    1186 1222   92
3,0          2164 2618  218     869 1548   83    1295 1070  135
5,2          2155 2641  204    1164 1241   95     991 1400  109
4,8          2154 2652  194    1215 1186   99     939 1466   95
8,8          2151 2638  211    1117 1276  107    1034 1362  104
0,2          2149 2648  203     959 1448   93    1190 1200  110
9,5          2134 2697  169    1295 1136   69     839 1561  100
0,6          2131 2658  211     991 1403  106    1140 1255  105
0,8          2125 2683  192     991 1417   92    1134 1266  100
8,5          2122 2692  186     917 1508   75    1205 1184  111
1,8          2119 2715  166     800 1625   75    1319 1090   91
1,1          2117 2693  190     958 1455   87    1159 1238  103
9,7          2114 2708  178     815 1595   90    1299 1113   88
6,0          2111 2703  186     920 1490   90    1191 1213   96
6,8          2106 2707  187    1042 1380   78    1064 1327  109
6,5          2095 2688  217    1091 1297  112    1004 1391  105
9,1          2064 2758  178     938 1485   77    1126 1273  101
8,4          2058 2765  177     864 1546   90    1194 1219   87
5,3          2034 2779  187    1211 1186  103     823 1593   84
6,2          1991 2838  171    1148 1280   72     843 1558   99
9,6          1989 2849  162     813 1606   81    1176 1243   81
2,4          1972 2835  193    1010 1391   99     962 1444   94
0,1          1913 2932  155     589 1830   81    1324 1102   74
8,1          1883 2921  196    1043 1371   86     840 1550  110
6,4          1851 2955  194     881 1517  102     970 1438   92
100


Team A Total Wins: 237591
Ties: 18742


50x50 vs 1k

Team A: 
Overall:           all             as Black          as White     
                W    L    T       W    L    T       W    L    T  
size: 100
1,9          3463 1381  156    1840  585   75    1623  796   81
3,7          3455 1403  142    1924  517   59    1531  886   83
7,8          3427 1426  147    1954  480   66    1473  946   81
2,3          3407 1433  160    1904  528   68    1503  905   92
8,3          3399 1434  167    1869  557   74    1530  877   93
5,4          3394 1434  172    1855  560   85    1539  874   87
1,7          3350 1473  177    1905  532   63    1445  941  114
1,6          3348 1501  151    1812  616   72    1536  885   79
4,1          3342 1499  159    1823  612   65    1519  887   94
4,2          3300 1536  164    1868  563   69    1432  973   95
0,4          3295 1553  152    1772  655   73    1523  898   79
0,0          3290 1560  150    1800  627   73    1490  933   77
6,6          3253 1594  153    1872  569   59    1381 1025   94
1,3          3238 1614  148    1943  493   64    1295 1121   84
3,4          3237 1593  170    1984  465   51    1253 1128  119
4,5          3236 1597  167    1903  532   65    1333 1065  102
0,9          3235 1599  166    1783  647   70    1452  952   96
3,0          3233 1557  210    1938  487   75    1295 1070  135
4,4          3224 1607  169    1792  639   69    1432  968  100
7,9          3222 1633  145    1861  576   63    1361 1057   82
1,4          3218 1618  164    1908  520   72    1310 1098   92
8,2          3217 1603  180    1834  596   70    1383 1007  110
1,8          3216 1626  158    1897  536   67    1319 1090   91
1,2          3214 1626  160    1905  536   59    1309 1090  101
6,7          3209 1634  157    1911  531   58    1298 1103   99
2,6          3201 1641  158    1726  700   74    1475  941   84
0,1          3195 1674  131    1871  572   57    1324 1102   74
5,7          3189 1655  156    1919  523   58    1270 1132   98
7,6          3183 1656  161    1917  518   65    1266 1138   96
9,8          3180 1681  139    1807  629   64    1373 1052   75
2,8          3177 1690  133    1897  540   63    1280 1150   70
7,5          3174 1674  152    1931  505   64    1243 1169   88
7,0          3165 1676  159    1768  662   70    1397 1014   89
3,3          3162 1680  158    1933  492   75    1229 1188   83
0,7          3161 1693  146    1889  541   70    1272 1152   76
7,4          3159 1682  159    1885  548   67    1274 1134   92
9,4          3152 1665  183    1739  682   79    1413  983  104
1,0          3148 1677  175    1867  555   78    1281 1122   97
9,7          3137 1703  160    1838  590   72    1299 1113   88
9,0          3136 1701  163    1839  588   73    1297 1113   90
3,8          3135 1705  160    1836  606   58    1299 1099  102
3,2          3106 1733  161    1882  551   67    1224 1182   94
8,7          3106 1727  167    1807  621   72    1299 1106   95
3,5          3104 1715  181    1963  465   72    1141 1250  109
7,3          3101 1751  148    1915  529   56    1186 1222   92
4,6          3098 1757  145    1846  587   67    1252 1170   78
3,6          3092 1745  163    1891  547   62    1201 1198  101
4,0          3079 1735  186    1825  596   79    1254 1139  107
5,5          3069 1778  153    1909  520   71    1160 1258   82
2,2          3064 1771  165    1853  578   69    1211 1193   96
4,3          3062 1764  174    1864  563   73    1198 1201  101
5,1          3060 1772  168    1883  563   54    1177 1209  114
1,5          3056 1777  167    1804  632   64    1252 1145  103
3,9          3053 1768  179    1691  730   79    1362 1038  100
0,6          3052 1776  172    1912  521   67    1140 1255  105
9,6          3051 1813  136    1875  570   55    1176 1243   81
8,9          3050 1773  177    1893  530   77    1157 1243  100
5,0          3046 1790  164    1826  598   76    1220 1192   88
2,1          3045 1780  175    1859  564   77    1186 1216   98
4,9          3042 1779  179    1916  521   63    1126 1258  116
8,4          3041 1788  171    1847  569   84    1194 1219   87
5,8          3035 1811  154    1948  491   61    1087 1320   93
5,9          3028 1811  161    1870  562   68    1158 1249   93
1,1          3026 1809  165    1867  571   62    1159 1238  103
5,6          3025 1798  177    1797  632   71    1228 1166  106
7,7          3015 1828  157    1837  591   72    1178 1237   85
6,9          3014 1822  164    1907  513   80    1107 1309   84
9,2          3003 1802  195    1641  775   84    1362 1027  111
6,1          2993 1810  197    1804  602   94    1189 1208  103
8,5          2986 1831  183    1781  647   72    1205 1184  111
0,2          2982 1833  185    1792  633   75    1190 1200  110
9,1          2981 1855  164    1855  582   63    1126 1273  101
3,1          2970 1855  175    1797  620   83    1173 1235   92
2,9          2966 1870  164    1846  586   68    1120 1284   96
0,8          2964 1875  161    1830  609   61    1134 1266  100
0,5          2962 1853  185    1855  580   65    1107 1273  120
6,0          2960 1873  167    1769  660   71    1191 1213   96
7,2          2957 1895  148    1890  538   72    1067 1357   76
8,0          2934 1894  172    1778  647   75    1156 1247   97
6,8          2902 1930  168    1838  603   59    1064 1327  109
2,7          2901 1932  167    1838  600   62    1063 1332  105
2,5          2877 1918  205    1756  653   91    1121 1265  114
7,1          2876 1961  163    1833  596   71    1043 1365   92
9,9          2876 1966  158    1760  660   80    1116 1306   78
8,6          2872 1957  171    1810  616   74    1062 1341   97
2,0          2864 1957  179    1751  654   95    1113 1303   84
9,3          2861 1948  191    1719  695   86    1142 1253  105
5,2          2839 1985  176    1848  585   67     991 1400  109
8,8          2833 1985  182    1799  623   78    1034 1362  104
2,4          2827 2018  155    1865  574   61     962 1444   94
4,8          2822 2003  175    1883  537   80     939 1466   95
6,3          2817 2017  166    1891  546   63     926 1471  103
0,3          2816 2010  174    1805  623   72    1011 1387  102
4,7          2790 2058  152    1931  516   53     859 1542   99
6,4          2699 2125  176    1729  687   84     970 1438   92
6,5          2697 2119  184    1693  728   79    1004 1391  105
8,1          2692 2117  191    1852  567   81     840 1550  110
6,2          2680 2144  176    1837  586   77     843 1558   99
9,5          2663 2167  170    1824  606   70     839 1561  100
5,3          2659 2175  166    1836  582   82     823 1593   84
100


Team A Total Wins: 307117
Ties: 16587

50x50 vs 2k

Team A: 
Overall:           all             as Black          as White     
                W    L    T       W    L    T       W    L    T  
size: 100
3,7          3523 1326  151    1992  440   68    1531  886   83
4,1          3511 1323  166    1992  436   72    1519  887   94
2,3          3509 1340  151    2006  435   59    1503  905   92
5,4          3509 1347  144    1970  473   57    1539  874   87
8,3          3493 1353  154    1963  476   61    1530  877   93
1,9          3491 1359  150    1868  563   69    1623  796   81
1,6          3465 1385  150    1929  500   71    1536  885   79
1,7          3454 1368  178    2009  427   64    1445  941  114
7,8          3451 1408  141    1978  462   60    1473  946   81
0,0          3421 1428  151    1931  495   74    1490  933   77
4,2          3374 1450  176    1942  477   81    1432  973   95
9,2          3374 1462  164    2012  435   53    1362 1027  111
2,6          3370 1448  182    1895  507   98    1475  941   84
3,9          3362 1465  173    2000  427   73    1362 1038  100
6,6          3352 1486  162    1971  461   68    1381 1025   94
4,4          3348 1475  177    1916  507   77    1432  968  100
0,4          3346 1506  148    1823  608   69    1523  898   79
7,9          3343 1505  152    1982  448   70    1361 1057   82
7,0          3335 1520  145    1938  506   56    1397 1014   89
9,4          3332 1496  172    1919  513   68    1413  983  104
4,5          3328 1508  164    1995  443   62    1333 1065  102
0,9          3317 1509  174    1865  557   78    1452  952   96
0,7          3292 1566  142    2020  414   66    1272 1152   76
0,1          3289 1571  140    1965  469   66    1324 1102   74
1,8          3287 1540  173    1968  450   82    1319 1090   91
3,3          3283 1582  135    2054  394   52    1229 1188   83
8,2          3280 1548  172    1897  541   62    1383 1007  110
9,8          3280 1564  156    1907  512   81    1373 1052   75
7,5          3279 1559  162    2036  390   74    1243 1169   88
6,7          3276 1549  175    1978  446   76    1298 1103   99
9,7          3266 1583  151    1967  470   63    1299 1113   88
3,2          3254 1581  165    2030  399   71    1224 1182   94
5,7          3246 1594  160    1976  462   62    1270 1132   98
4,3          3234 1597  169    2036  396   68    1198 1201  101
5,0          3231 1612  157    2011  420   69    1220 1192   88
7,6          3230 1616  154    1964  478   58    1266 1138   96
1,0          3229 1595  176    1948  473   79    1281 1122   97
1,4          3225 1620  155    1915  522   63    1310 1098   92
3,4          3216 1600  184    1963  472   65    1253 1128  119
7,4          3214 1625  161    1940  491   69    1274 1134   92
1,3          3208 1652  140    1913  531   56    1295 1121   84
8,5          3206 1617  177    2001  433   66    1205 1184  111
1,2          3196 1627  177    1887  537   76    1309 1090  101
3,8          3191 1633  176    1892  534   74    1299 1099  102
4,0          3190 1613  197    1936  474   90    1254 1139  107
8,7          3189 1649  162    1890  543   67    1299 1106   95
5,6          3186 1644  170    1958  478   64    1228 1166  106
6,1          3183 1651  166    1994  443   63    1189 1208  103
2,8          3178 1670  152    1898  520   82    1280 1150   70
1,5          3173 1648  179    1921  503   76    1252 1145  103
3,0          3173 1611  216    1878  541   81    1295 1070  135
9,0          3171 1651  178    1874  538   88    1297 1113   90
5,1          3168 1661  171    1991  452   57    1177 1209  114
5,9          3165 1684  151    2007  435   58    1158 1249   93
7,7          3159 1680  161    1981  443   76    1178 1237   85
4,6          3156 1688  156    1904  518   78    1252 1170   78
3,1          3155 1685  160    1982  450   68    1173 1235   92
8,9          3153 1677  170    1996  434   70    1157 1243  100
6,0          3145 1685  170    1954  472   74    1191 1213   96
8,4          3145 1703  152    1951  484   65    1194 1219   87
2,1          3142 1685  173    1956  469   75    1186 1216   98
3,6          3135 1694  171    1934  496   70    1201 1198  101
3,5          3131 1700  169    1990  450   60    1141 1250  109
5,5          3128 1727  145    1968  469   63    1160 1258   82
2,2          3119 1705  176    1908  512   80    1211 1193   96
1,1          3103 1729  168    1944  491   65    1159 1238  103
7,3          3102 1734  164    1916  512   72    1186 1222   92
6,9          3100 1753  147    1993  444   63    1107 1309   84
4,9          3097 1727  176    1971  469   60    1126 1258  116
2,0          3087 1768  145    1974  465   61    1113 1303   84
8,0          3086 1742  172    1930  495   75    1156 1247   97
0,2          3081 1730  189    1891  530   79    1190 1200  110
9,3          3081 1749  170    1939  496   65    1142 1253  105
7,2          3072 1771  157    2005  414   81    1067 1357   76
9,6          3070 1779  151    1894  536   70    1176 1243   81
5,8          3058 1780  162    1971  460   69    1087 1320   93
0,8          3057 1773  170    1923  507   70    1134 1266  100
9,1          3055 1778  167    1929  505   66    1126 1273  101
0,5          3050 1750  200    1943  477   80    1107 1273  120
0,6          3045 1781  174    1905  526   69    1140 1255  105
9,9          3029 1816  155    1913  510   77    1116 1306   78
2,9          3025 1807  168    1905  523   72    1120 1284   96
6,8          3002 1825  173    1938  498   64    1064 1327  109
8,8          3002 1826  172    1968  464   68    1034 1362  104
0,3          2987 1850  163    1976  463   61    1011 1387  102
5,2          2982 1843  175    1991  443   66     991 1400  109
6,5          2965 1872  163    1961  481   58    1004 1391  105
7,1          2965 1876  159    1922  511   67    1043 1365   92
8,6          2960 1864  176    1898  523   79    1062 1341   97
4,8          2956 1889  155    2017  423   60     939 1466   95
6,4          2954 1885  161    1984  447   69     970 1438   92
2,5          2951 1858  191    1830  593   77    1121 1265  114
2,7          2934 1890  176    1871  558   71    1063 1332  105
2,4          2917 1921  162    1955  477   68     962 1444   94
6,3          2841 2001  158    1915  530   55     926 1471  103
4,7          2814 2016  170    1955  474   71     859 1542   99
9,5          2814 2019  167    1975  458   67     839 1561  100
6,2          2803 2056  141    1960  498   42     843 1558   99
5,3          2785 2063  152    1962  470   68     823 1593   84
8,1          2704 2106  190    1864  556   80     840 1550  110
100


Team A Total Wins: 317298
Ties: 16466

50x50 vs 3k

Team A: 
Overall:           all             as Black          as White     
                W    L    T       W    L    T       W    L    T  
size: 100
1,9          3501 1345  154    1878  549   73    1623  796   81
4,1          3488 1357  155    1969  470   61    1519  887   94
0,4          3459 1382  159    1936  484   80    1523  898   79
0,0          3458 1406  136    1968  473   59    1490  933   77
2,3          3454 1387  159    1951  482   67    1503  905   92
5,4          3440 1406  154    1901  532   67    1539  874   87
1,6          3415 1432  153    1879  547   74    1536  885   79
3,7          3395 1445  160    1864  559   77    1531  886   83
7,8          3394 1451  155    1921  505   74    1473  946   81
2,6          3389 1466  145    1914  525   61    1475  941   84
4,2          3385 1446  169    1953  473   74    1432  973   95
8,3          3343 1501  156    1813  624   63    1530  877   93
1,7          3333 1485  182    1888  544   68    1445  941  114
4,4          3333 1484  183    1901  516   83    1432  968  100
0,9          3324 1519  157    1872  567   61    1452  952   96
3,9          3317 1523  160    1955  485   60    1362 1038  100
8,2          3313 1506  181    1930  499   71    1383 1007  110
6,6          3306 1521  173    1925  496   79    1381 1025   94
4,5          3288 1540  172    1955  475   70    1333 1065  102
1,0          3286 1537  177    2005  415   80    1281 1122   97
9,4          3277 1552  171    1864  569   67    1413  983  104
9,8          3253 1596  151    1880  544   76    1373 1052   75
3,0          3241 1564  195    1946  494   60    1295 1070  135
9,0          3225 1622  153    1928  509   63    1297 1113   90
9,2          3224 1596  180    1862  569   69    1362 1027  111
7,0          3219 1612  169    1822  598   80    1397 1014   89
1,3          3213 1639  148    1918  518   64    1295 1121   84
0,1          3206 1651  143    1882  549   69    1324 1102   74
4,0          3200 1630  170    1946  491   63    1254 1139  107
1,2          3189 1646  165    1880  556   64    1309 1090  101
1,5          3181 1646  173    1929  501   70    1252 1145  103
8,7          3179 1661  160    1880  555   65    1299 1106   95
1,8          3173 1661  166    1854  571   75    1319 1090   91
7,4          3167 1663  170    1893  529   78    1274 1134   92
4,6          3161 1679  160    1909  509   82    1252 1170   78
6,7          3161 1660  179    1863  557   80    1298 1103   99
5,0          3160 1681  159    1940  489   71    1220 1192   88
3,2          3158 1684  158    1934  502   64    1224 1182   94
7,3          3156 1677  167    1970  455   75    1186 1222   92
3,8          3149 1658  193    1850  559   91    1299 1099  102
4,3          3147 1683  170    1949  482   69    1198 1201  101
3,3          3139 1705  156    1910  517   73    1229 1188   83
6,1          3138 1690  172    1949  482   69    1189 1208  103
2,8          3137 1728  135    1857  578   65    1280 1150   70
5,6          3137 1692  171    1909  526   65    1228 1166  106
8,0          3135 1707  158    1979  460   61    1156 1247   97
0,2          3128 1705  167    1938  505   57    1190 1200  110
3,6          3127 1704  169    1926  506   68    1201 1198  101
7,9          3124 1692  184    1763  635  102    1361 1057   82
1,4          3120 1720  160    1810  622   68    1310 1098   92
5,1          3119 1698  183    1942  489   69    1177 1209  114
9,1          3116 1727  157    1990  454   56    1126 1273  101
7,5          3112 1720  168    1869  551   80    1243 1169   88
7,7          3112 1730  158    1934  493   73    1178 1237   85
2,2          3111 1726  163    1900  533   67    1211 1193   96
9,7          3111 1744  145    1812  631   57    1299 1113   88
5,5          3104 1744  152    1944  486   70    1160 1258   82
3,5          3094 1731  175    1953  481   66    1141 1250  109
3,4          3089 1712  199    1836  584   80    1253 1128  119
0,7          3083 1763  154    1811  611   78    1272 1152   76
9,9          3081 1769  150    1965  463   72    1116 1306   78
4,9          3069 1735  196    1943  477   80    1126 1258  116
9,6          3069 1776  155    1893  533   74    1176 1243   81
5,7          3068 1754  178    1798  622   80    1270 1132   98
7,6          3066 1753  181    1800  615   85    1266 1138   96
3,1          3063 1763  174    1890  528   82    1173 1235   92
7,1          3055 1790  155    2012  425   63    1043 1365   92
9,3          3051 1778  171    1909  525   66    1142 1253  105
2,9          3039 1803  158    1919  519   62    1120 1284   96
2,5          3031 1784  185    1910  519   71    1121 1265  114
2,1          3023 1797  180    1837  581   82    1186 1216   98
6,8          3023 1807  170    1959  480   61    1064 1327  109
0,8          3022 1802  176    1888  536   76    1134 1266  100
8,5          3022 1789  189    1817  605   78    1205 1184  111
8,4          3018 1807  175    1824  588   88    1194 1219   87
0,5          3013 1795  192    1906  522   72    1107 1273  120
6,0          3002 1832  166    1811  619   70    1191 1213   96
6,9          2982 1865  153    1875  556   69    1107 1309   84
0,6          2974 1842  184    1834  587   79    1140 1255  105
8,9          2974 1846  180    1817  603   80    1157 1243  100
6,5          2967 1873  160    1963  482   55    1004 1391  105
2,7          2958 1878  164    1895  546   59    1063 1332  105
5,9          2947 1883  170    1789  634   77    1158 1249   93
7,2          2942 1912  146    1875  555   70    1067 1357   76
1,1          2941 1876  183    1782  638   80    1159 1238  103
5,8          2924 1898  178    1837  578   85    1087 1320   93
5,2          2912 1894  194    1921  494   85     991 1400  109
2,0          2904 1939  157    1791  636   73    1113 1303   84
2,4          2897 1942  161    1935  498   67     962 1444   94
8,8          2893 1937  170    1859  575   66    1034 1362  104
8,6          2856 1957  187    1794  616   90    1062 1341   97
0,3          2826 1978  196    1815  591   94    1011 1387  102
6,3          2810 2030  160    1884  559   57     926 1471  103
6,4          2805 2032  163    1835  594   71     970 1438   92
8,1          2786 2029  185    1946  479   75     840 1550  110
4,8          2767 2058  175    1828  592   80     939 1466   95
4,7          2738 2076  186    1879  534   87     859 1542   99
9,5          2690 2142  168    1851  581   68     839 1561  100
6,2          2658 2158  184    1815  600   85     843 1558   99
5,3          2642 2211  147    1819  618   63     823 1593   84
100


Team A Total Wins: 311404
Ties: 16768

50x50 vs 4k

Team A: 
Overall:           all             as Black          as White     
                W    L    T       W    L    T       W    L    T  
size: 100
1,9          3580 1272  148    1957  476   67    1623  796   81
3,7          3564 1295  141    2033  409   58    1531  886   83
4,1          3556 1289  155    2037  402   61    1519  887   94
1,6          3544 1320  136    2008  435   57    1536  885   79
5,4          3504 1348  148    1965  474   61    1539  874   87
0,0          3476 1385  139    1986  452   62    1490  933   77
1,7          3451 1374  175    2006  433   61    1445  941  114
2,6          3441 1400  159    1966  459   75    1475  941   84
4,2          3427 1428  145    1995  455   50    1432  973   95
2,3          3422 1412  166    1919  507   74    1503  905   92
0,9          3405 1432  163    1953  480   67    1452  952   96
7,9          3401 1452  147    2040  395   65    1361 1057   82
8,3          3401 1434  165    1871  557   72    1530  877   93
7,0          3391 1464  145    1994  450   56    1397 1014   89
4,4          3374 1445  181    1942  477   81    1432  968  100
7,8          3365 1469  166    1892  523   85    1473  946   81
9,8          3364 1512  124    1991  460   49    1373 1052   75
3,9          3362 1471  167    2000  433   67    1362 1038  100
0,1          3345 1514  141    2021  412   67    1324 1102   74
9,2          3344 1468  188    1982  441   77    1362 1027  111
8,7          3342 1512  146    2043  406   51    1299 1106   95
4,5          3341 1503  156    2008  438   54    1333 1065  102
1,4          3335 1516  149    2025  418   57    1310 1098   92
8,2          3335 1486  179    1952  479   69    1383 1007  110
0,4          3333 1517  150    1810  619   71    1523  898   79
3,0          3327 1487  186    2032  417   51    1295 1070  135
1,8          3325 1535  140    2006  445   49    1319 1090   91
0,7          3315 1546  139    2043  394   63    1272 1152   76
6,6          3301 1538  161    1920  513   67    1381 1025   94
9,0          3293 1542  165    1996  429   75    1297 1113   90
6,7          3285 1546  169    1987  443   70    1298 1103   99
5,0          3272 1580  148    2052  388   60    1220 1192   88
1,0          3271 1571  158    1990  449   61    1281 1122   97
9,4          3263 1560  177    1850  577   73    1413  983  104
5,7          3259 1591  150    1989  459   52    1270 1132   98
3,8          3258 1586  156    1959  487   54    1299 1099  102
4,6          3255 1600  145    2003  430   67    1252 1170   78
2,8          3247 1613  140    1967  463   70    1280 1150   70
7,4          3236 1600  164    1962  466   72    1274 1134   92
9,7          3231 1637  132    1932  524   44    1299 1113   88
1,3          3225 1624  151    1930  503   67    1295 1121   84
4,0          3225 1597  178    1971  458   71    1254 1139  107
3,4          3223 1591  186    1970  463   67    1253 1128  119
8,9          3214 1619  167    2057  376   67    1157 1243  100
1,1          3212 1632  156    2053  394   53    1159 1238  103
3,2          3212 1640  148    1988  458   54    1224 1182   94
5,9          3208 1642  150    2050  393   57    1158 1249   93
3,6          3204 1638  158    2003  440   57    1201 1198  101
9,9          3190 1684  126    2074  378   48    1116 1306   78
8,0          3183 1658  159    2027  411   62    1156 1247   97
1,2          3181 1622  197    1872  532   96    1309 1090  101
5,1          3180 1664  156    2003  455   42    1177 1209  114
7,7          3170 1682  148    1992  445   63    1178 1237   85
1,5          3164 1650  186    1912  505   83    1252 1145  103
3,1          3162 1686  152    1989  451   60    1173 1235   92
2,1          3161 1687  152    1975  471   54    1186 1216   98
7,3          3160 1685  155    1974  463   63    1186 1222   92
0,8          3159 1679  162    2025  413   62    1134 1266  100
3,3          3158 1698  144    1929  510   61    1229 1188   83
0,6          3150 1680  170    2010  425   65    1140 1255  105
6,0          3146 1691  163    1955  478   67    1191 1213   96
7,5          3144 1703  153    1901  534   65    1243 1169   88
2,0          3143 1712  145    2030  409   61    1113 1303   84
5,5          3125 1728  147    1965  470   65    1160 1258   82
7,2          3114 1753  133    2047  396   57    1067 1357   76
3,5          3113 1710  177    1972  460   68    1141 1250  109
9,6          3113 1732  155    1937  489   74    1176 1243   81
0,2          3112 1714  174    1922  514   64    1190 1200  110
9,1          3109 1732  159    1983  459   58    1126 1273  101
2,2          3106 1716  178    1895  523   82    1211 1193   96
8,8          3106 1734  160    2072  372   56    1034 1362  104
5,6          3101 1736  163    1873  570   57    1228 1166  106
6,1          3100 1726  174    1911  518   71    1189 1208  103
5,8          3091 1747  162    2004  427   69    1087 1320   93
4,9          3075 1746  179    1949  488   63    1126 1258  116
7,1          3066 1783  151    2023  418   59    1043 1365   92
0,5          3060 1765  175    1953  492   55    1107 1273  120
9,3          3057 1771  172    1915  518   67    1142 1253  105
4,3          3053 1765  182    1855  564   81    1198 1201  101
2,7          3046 1781  173    1983  449   68    1063 1332  105
2,5          3043 1778  179    1922  513   65    1121 1265  114
6,9          3036 1807  157    1929  498   73    1107 1309   84
2,9          3017 1808  175    1897  524   79    1120 1284   96
8,5          3014 1793  193    1809  609   82    1205 1184  111
7,6          2998 1813  189    1732  675   93    1266 1138   96
8,4          2994 1844  162    1800  625   75    1194 1219   87
6,5          2986 1843  171    1982  452   66    1004 1391  105
5,2          2980 1853  167    1989  453   58     991 1400  109
6,8          2968 1854  178    1904  527   69    1064 1327  109
6,4          2961 1897  142    1991  459   50     970 1438   92
4,8          2943 1903  154    2004  437   59     939 1466   95
6,3          2942 1890  168    2016  419   65     926 1471  103
8,6          2890 1921  189    1828  580   92    1062 1341   97
8,1          2871 1955  174    2031  405   64     840 1550  110
0,3          2817 2009  174    1806  622   72    1011 1387  102
9,5          2804 2029  167    1965  468   67     839 1561  100
6,2          2785 2057  158    1942  499   59     843 1558   99
2,4          2746 2077  177    1784  633   83     962 1444   94
5,3          2714 2137  149    1891  544   65     823 1593   84
4,7          2092 2702  206    1233 1160  107     859 1542   99
100


Team A Total Wins: 317863
Ties: 16114

50x50 vs 5k

Team A: 
Overall:           all             as Black          as White     
                W    L    T       W    L    T       W    L    T  
size: 100
1,9          3634 1221  145    2011  425   64    1623  796   81
5,4          3590 1266  144    2051  392   57    1539  874   87
2,3          3584 1277  139    2081  372   47    1503  905   92
8,3          3573 1275  152    2043  398   59    1530  877   93
1,6          3570 1297  133    2034  412   54    1536  885   79
3,7          3562 1291  147    2031  405   64    1531  886   83
4,1          3517 1333  150    1998  446   56    1519  887   94
0,0          3514 1350  136    2024  417   59    1490  933   77
0,4          3513 1350  137    1990  452   58    1523  898   79
2,6          3505 1341  154    2030  400   70    1475  941   84
0,9          3495 1356  149    2043  404   53    1452  952   96
1,7          3490 1325  185    2045  384   71    1445  941  114
4,2          3463 1387  150    2031  414   55    1432  973   95
7,8          3448 1418  134    1975  472   53    1473  946   81
4,4          3444 1389  167    2012  421   67    1432  968  100
8,2          3434 1406  160    2051  399   50    1383 1007  110
7,0          3426 1426  148    2029  412   59    1397 1014   89
9,2          3399 1431  170    2037  404   59    1362 1027  111
0,1          3393 1476  131    2069  374   57    1324 1102   74
7,9          3378 1473  149    2017  416   67    1361 1057   82
9,4          3373 1463  164    1960  480   60    1413  983  104
4,5          3369 1479  152    2036  414   50    1333 1065  102
1,0          3366 1485  149    2085  363   52    1281 1122   97
1,4          3365 1474  161    2055  376   69    1310 1098   92
3,9          3358 1490  152    1996  452   52    1362 1038  100
1,8          3356 1489  155    2037  399   64    1319 1090   91
6,6          3343 1501  156    1962  476   62    1381 1025   94
9,8          3338 1524  138    1965  472   63    1373 1052   75
1,2          3326 1509  165    2017  419   64    1309 1090  101
3,8          3326 1501  173    2027  402   71    1299 1099  102
1,3          3319 1542  139    2024  421   55    1295 1121   84
2,8          3319 1554  127    2039  404   57    1280 1150   70
7,4          3315 1545  140    2041  411   48    1274 1134   92
5,7          3310 1541  149    2040  409   51    1270 1132   98
9,0          3309 1531  160    2012  418   70    1297 1113   90
3,0          3304 1516  180    2009  446   45    1295 1070  135
1,5          3294 1545  161    2042  400   58    1252 1145  103
3,3          3294 1579  127    2065  391   44    1229 1188   83
3,4          3289 1540  171    2036  412   52    1253 1128  119
5,6          3284 1565  151    2056  399   45    1228 1166  106
2,2          3267 1588  145    2056  395   49    1211 1193   96
6,7          3263 1556  181    1965  453   82    1298 1103   99
4,6          3260 1599  141    2008  429   63    1252 1170   78
8,5          3255 1570  175    2050  386   64    1205 1184  111
9,7          3255 1591  154    1956  478   66    1299 1113   88
6,1          3251 1588  161    2062  380   58    1189 1208  103
7,5          3248 1585  167    2005  416   79    1243 1169   88
4,3          3235 1606  159    2037  405   58    1198 1201  101
3,6          3232 1606  162    2031  408   61    1201 1198  101
2,1          3231 1603  166    2045  387   68    1186 1216   98
4,0          3229 1605  166    1975  466   59    1254 1139  107
7,3          3229 1620  151    2043  398   59    1186 1222   92
8,7          3228 1604  168    1929  498   73    1299 1106   95
7,6          3227 1611  162    1961  473   66    1266 1138   96
4,9          3221 1611  168    2095  353   52    1126 1258  116
3,1          3220 1631  149    2047  396   57    1173 1235   92
0,7          3208 1651  141    1936  499   65    1272 1152   76
5,0          3207 1636  157    1987  444   69    1220 1192   88
1,1          3197 1640  163    2038  402   60    1159 1238  103
2,9          3191 1657  152    2071  373   56    1120 1284   96
5,9          3185 1656  159    2027  407   66    1158 1249   93
8,4          3185 1656  159    1991  437   72    1194 1219   87
0,2          3183 1630  187    1993  430   77    1190 1200  110
9,1          3182 1656  162    2056  383   61    1126 1273  101
3,2          3181 1667  152    1957  485   58    1224 1182   94
2,0          3179 1686  135    2066  383   51    1113 1303   84
9,3          3178 1650  172    2036  397   67    1142 1253  105
5,1          3165 1667  168    1988  458   54    1177 1209  114
6,0          3165 1662  173    1974  449   77    1191 1213   96
8,0          3150 1689  161    1994  442   64    1156 1247   97
5,5          3149 1705  146    1989  447   64    1160 1258   82
9,9          3145 1705  150    2029  399   72    1116 1306   78
8,9          3143 1686  171    1986  443   71    1157 1243  100
9,6          3142 1711  147    1966  468   66    1176 1243   81
0,8          3134 1704  162    2000  438   62    1134 1266  100
3,5          3133 1692  175    1992  442   66    1141 1250  109
2,5          3124 1695  181    2003  430   67    1121 1265  114
7,7          3123 1720  157    1945  483   72    1178 1237   85
0,6          3120 1715  165    1980  460   60    1140 1255  105
5,8          3108 1738  154    2021  418   61    1087 1320   93
2,7          3095 1737  168    2032  405   63    1063 1332  105
0,5          3083 1732  185    1976  459   65    1107 1273  120
7,2          3061 1801  138    1994  444   62    1067 1357   76
6,9          3047 1788  165    1940  479   81    1107 1309   84
6,5          3039 1797  164    2035  406   59    1004 1391  105
7,1          3023 1829  148    1980  464   56    1043 1365   92
5,2          3022 1810  168    2031  410   59     991 1400  109
8,8          3021 1803  176    1987  441   72    1034 1362  104
0,3          3020 1818  162    2009  431   60    1011 1387  102
6,3          3004 1831  165    2078  360   62     926 1471  103
6,8          3000 1817  183    1936  490   74    1064 1327  109
8,6          3000 1845  155    1938  504   58    1062 1341   97
6,4          2997 1847  156    2027  409   64     970 1438   92
4,8          2985 1852  163    2046  386   68     939 1466   95
2,4          2977 1856  167    2015  412   73     962 1444   94
5,3          2903 1967  130    2080  374   46     823 1593   84
4,7          2885 1957  158    2026  415   59     859 1542   99
9,5          2852 1990  158    2013  429   58     839 1561  100
6,2          2843 2008  149    2000  450   50     843 1558   99
8,1          2817 2013  170    1977  463   60     840 1550  110
100


Team A Total Wins: 323891
Ties: 15702

50x50 vs 6k

Team A: 
Overall:           all             as Black          as White     
                W    L    T       W    L    T       W    L    T  
size: 100
0,4          3604 1272  124    2081  374   45    1523  898   79
1,9          3590 1263  147    1967  467   66    1623  796   81
4,1          3583 1267  150    2064  380   56    1519  887   94
3,7          3556 1302  142    2025  416   59    1531  886   83
2,3          3551 1303  146    2048  398   54    1503  905   92
7,8          3551 1311  138    2078  365   57    1473  946   81
5,4          3530 1324  146    1991  450   59    1539  874   87
1,6          3524 1338  138    1988  453   59    1536  885   79
2,6          3509 1363  128    2034  422   44    1475  941   84
1,7          3499 1313  188    2054  372   74    1445  941  114
0,0          3498 1366  136    2008  433   59    1490  933   77
0,9          3496 1346  158    2044  394   62    1452  952   96
4,4          3491 1357  152    2059  389   52    1432  968  100
8,3          3491 1348  161    1961  471   68    1530  877   93
4,2          3469 1394  137    2037  421   42    1432  973   95
3,9          3430 1420  150    2068  382   50    1362 1038  100
9,4          3429 1417  154    2016  434   50    1413  983  104
9,8          3428 1431  141    2055  379   66    1373 1052   75
1,2          3410 1430  160    2101  340   59    1309 1090  101
7,0          3402 1451  147    2005  437   58    1397 1014   89
9,2          3401 1448  151    2039  421   40    1362 1027  111
8,7          3398 1458  144    2099  352   49    1299 1106   95
6,6          3396 1447  157    2015  422   63    1381 1025   94
8,2          3395 1413  192    2012  406   82    1383 1007  110
6,7          3378 1458  164    2080  355   65    1298 1103   99
9,7          3377 1473  150    2078  360   62    1299 1113   88
7,9          3376 1484  140    2015  427   58    1361 1057   82
4,0          3367 1470  163    2113  331   56    1254 1139  107
0,1          3366 1501  133    2042  399   59    1324 1102   74
3,8          3365 1462  173    2066  363   71    1299 1099  102
1,4          3357 1498  145    2047  400   53    1310 1098   92
3,0          3355 1450  195    2060  380   60    1295 1070  135
1,3          3337 1522  141    2042  401   57    1295 1121   84
4,5          3335 1501  164    2002  436   62    1333 1065  102
1,8          3334 1504  162    2015  414   71    1319 1090   91
9,0          3330 1515  155    2033  402   65    1297 1113   90
3,2          3323 1534  143    2099  352   49    1224 1182   94
1,0          3313 1528  159    2032  406   62    1281 1122   97
5,7          3299 1550  151    2029  418   53    1270 1132   98
2,8          3297 1585  118    2017  435   48    1280 1150   70
3,4          3295 1510  195    2042  382   76    1253 1128  119
0,7          3293 1564  143    2021  412   67    1272 1152   76
8,5          3278 1549  173    2073  365   62    1205 1184  111
7,5          3277 1571  152    2034  402   64    1243 1169   88
4,6          3275 1580  145    2023  410   67    1252 1170   78
5,1          3273 1560  167    2096  351   53    1177 1209  114
2,2          3269 1574  157    2058  381   61    1211 1193   96
1,5          3267 1576  157    2015  431   54    1252 1145  103
7,4          3256 1577  167    1982  443   75    1274 1134   92
7,6          3255 1582  163    1989  444   67    1266 1138   96
3,3          3252 1600  148    2023  412   65    1229 1188   83
5,0          3250 1597  153    2030  405   65    1220 1192   88
7,3          3248 1592  160    2062  370   68    1186 1222   92
5,9          3246 1607  147    2088  358   54    1158 1249   93
2,1          3244 1605  151    2058  389   53    1186 1216   98
4,3          3236 1605  159    2038  404   58    1198 1201  101
5,6          3220 1606  174    1992  440   68    1228 1166  106
7,7          3220 1641  139    2042  404   54    1178 1237   85
6,1          3215 1621  164    2026  413   61    1189 1208  103
6,0          3212 1639  149    2021  426   53    1191 1213   96
3,6          3210 1625  165    2009  427   64    1201 1198  101
0,6          3206 1639  155    2066  384   50    1140 1255  105
8,9          3205 1642  153    2048  399   53    1157 1243  100
9,6          3199 1671  130    2023  428   49    1176 1243   81
3,1          3198 1640  162    2025  405   70    1173 1235   92
3,5          3197 1636  167    2056  386   58    1141 1250  109
0,5          3192 1643  165    2085  370   45    1107 1273  120
0,2          3191 1634  175    2001  434   65    1190 1200  110
4,9          3184 1652  164    2058  394   48    1126 1258  116
8,0          3182 1644  174    2026  397   77    1156 1247   97
2,0          3178 1688  134    2065  385   50    1113 1303   84
9,9          3166 1699  135    2050  393   57    1116 1306   78
2,5          3165 1664  171    2044  399   57    1121 1265  114
0,8          3156 1685  159    2022  419   59    1134 1266  100
9,3          3155 1679  166    2013  426   61    1142 1253  105
1,1          3154 1674  172    1995  436   69    1159 1238  103
8,4          3151 1686  163    1957  467   76    1194 1219   87
8,6          3140 1703  157    2078  362   60    1062 1341   97
9,1          3137 1706  157    2011  433   56    1126 1273  101
2,9          3133 1712  155    2013  428   59    1120 1284   96
8,8          3126 1716  158    2092  354   54    1034 1362  104
6,8          3125 1714  161    2061  387   52    1064 1327  109
5,5          3117 1739  144    1957  481   62    1160 1258   82
5,8          3107 1742  151    2020  422   58    1087 1320   93
2,7          3100 1732  168    2037  400   63    1063 1332  105
6,9          3093 1757  150    1986  448   66    1107 1309   84
7,2          3078 1787  135    2011  430   59    1067 1357   76
0,3          3053 1786  161    2042  399   59    1011 1387  102
7,1          3037 1800  163    1994  435   71    1043 1365   92
5,2          3016 1822  162    2025  422   53     991 1400  109
4,8          2997 1856  147    2058  390   52     939 1466   95
6,4          2985 1858  157    2015  420   65     970 1438   92
6,5          2975 1843  182    1971  452   77    1004 1391  105
6,3          2960 1880  160    2034  409   57     926 1471  103
2,4          2953 1891  156    1991  447   62     962 1444   94
9,5          2912 1930  158    2073  369   58     839 1561  100
4,7          2890 1958  152    2031  416   53     859 1542   99
6,2          2878 1976  146    2035  418   47     843 1558   99
8,1          2877 1959  164    2037  409   54     840 1550  110
5,3          2788 2061  151    1965  468   67     823 1593   84
100


Team A Total Wins: 325787
Ties: 15511

50x50 vs 7k

Team A: 
Overall:           all             as Black          as White     
                W    L    T       W    L    T       W    L    T  
size: 100
1,6          3507 1342  151    1971  457   72    1536  885   79
1,9          3482 1372  146    1859  576   65    1623  796   81
5,4          3440 1406  154    1901  532   67    1539  874   87
3,7          3438 1403  159    1907  517   76    1531  886   83
8,3          3437 1408  155    1907  531   62    1530  877   93
0,4          3436 1424  140    1913  526   61    1523  898   79
0,0          3428 1432  140    1938  499   63    1490  933   77
4,1          3420 1425  155    1901  538   61    1519  887   94
2,3          3414 1418  168    1911  513   76    1503  905   92
2,6          3383 1444  173    1908  503   89    1475  941   84
1,7          3379 1428  193    1934  487   79    1445  941  114
7,8          3379 1465  156    1906  519   75    1473  946   81
0,9          3354 1482  164    1902  530   68    1452  952   96
8,2          3345 1482  173    1962  475   63    1383 1007  110
7,0          3339 1503  158    1942  489   69    1397 1014   89
4,4          3338 1503  159    1906  535   59    1432  968  100
4,2          3331 1501  168    1899  528   73    1432  973   95
7,9          3322 1520  158    1961  463   76    1361 1057   82
9,8          3308 1547  145    1935  495   70    1373 1052   75
9,2          3292 1533  175    1930  506   64    1362 1027  111
2,8          3284 1589  127    2004  439   57    1280 1150   70
3,9          3268 1552  180    1906  514   80    1362 1038  100
0,1          3266 1605  129    1942  503   55    1324 1102   74
9,4          3265 1562  173    1852  579   69    1413  983  104
6,6          3248 1576  176    1867  551   82    1381 1025   94
3,0          3236 1563  201    1941  493   66    1295 1070  135
1,8          3235 1601  164    1916  511   73    1319 1090   91
1,4          3204 1633  163    1894  535   71    1310 1098   92
8,7          3196 1627  177    1897  521   82    1299 1106   95
1,0          3195 1648  157    1914  526   60    1281 1122   97
3,8          3194 1638  168    1895  539   66    1299 1099  102
4,5          3190 1638  172    1857  573   70    1333 1065  102
3,3          3182 1669  149    1953  481   66    1229 1188   83
0,2          3172 1653  175    1982  453   65    1190 1200  110
1,3          3170 1663  167    1875  542   83    1295 1121   84
7,4          3170 1669  161    1896  535   69    1274 1134   92
9,7          3170 1659  171    1871  546   83    1299 1113   88
1,2          3169 1669  162    1860  579   61    1309 1090  101
2,2          3165 1664  171    1954  471   75    1211 1193   96
0,7          3159 1683  158    1887  531   82    1272 1152   76
9,0          3147 1689  164    1850  576   74    1297 1113   90
5,7          3141 1676  183    1871  544   85    1270 1132   98
7,6          3137 1705  158    1871  567   62    1266 1138   96
6,0          3136 1703  161    1945  490   65    1191 1213   96
4,6          3134 1705  161    1882  535   83    1252 1170   78
8,4          3134 1723  143    1940  504   56    1194 1219   87
2,1          3132 1710  158    1946  494   60    1186 1216   98
7,3          3130 1706  164    1944  484   72    1186 1222   92
8,9          3122 1720  158    1965  477   58    1157 1243  100
3,6          3119 1704  177    1918  506   76    1201 1198  101
3,4          3113 1699  188    1860  571   69    1253 1128  119
4,0          3107 1722  171    1853  583   64    1254 1139  107
5,5          3105 1730  165    1945  472   83    1160 1258   82
6,7          3103 1713  184    1805  610   85    1298 1103   99
8,5          3099 1722  179    1894  538   68    1205 1184  111
7,5          3097 1731  172    1854  562   84    1243 1169   88
9,3          3087 1750  163    1945  497   58    1142 1253  105
5,0          3083 1762  155    1863  570   67    1220 1192   88
8,0          3081 1755  164    1925  508   67    1156 1247   97
4,3          3077 1742  181    1879  541   80    1198 1201  101
1,5          3075 1753  172    1823  608   69    1252 1145  103
3,2          3074 1751  175    1850  569   81    1224 1182   94
6,1          3073 1734  193    1884  526   90    1189 1208  103
5,6          3070 1746  184    1842  580   78    1228 1166  106
5,1          3069 1749  182    1892  540   68    1177 1209  114
9,6          3068 1791  141    1892  548   60    1176 1243   81
7,7          3057 1774  169    1879  537   84    1178 1237   85
5,9          3053 1781  166    1895  532   73    1158 1249   93
1,1          3050 1767  183    1891  529   80    1159 1238  103
3,1          3036 1795  169    1863  560   77    1173 1235   92
4,9          3034 1773  193    1908  515   77    1126 1258  116
2,9          3033 1802  165    1913  518   69    1120 1284   96
2,0          3025 1823  152    1912  520   68    1113 1303   84
9,9          3017 1832  151    1901  526   73    1116 1306   78
0,8          3007 1815  178    1873  549   78    1134 1266  100
7,2          3004 1860  136    1937  503   60    1067 1357   76
2,5          3000 1803  197    1879  538   83    1121 1265  114
3,5          2996 1815  189    1855  565   80    1141 1250  109
5,8          2978 1857  165    1891  537   72    1087 1320   93
6,9          2978 1873  149    1871  564   65    1107 1309   84
0,6          2975 1836  189    1835  581   84    1140 1255  105
0,5          2950 1851  199    1843  578   79    1107 1273  120
2,7          2950 1881  169    1887  549   64    1063 1332  105
8,6          2946 1889  165    1884  548   68    1062 1341   97
5,2          2944 1878  178    1953  478   69     991 1400  109
7,1          2935 1902  163    1892  537   71    1043 1365   92
8,8          2916 1910  174    1882  548   70    1034 1362  104
9,1          2913 1915  172    1787  642   71    1126 1273  101
6,5          2898 1919  183    1894  528   78    1004 1391  105
6,8          2894 1929  177    1830  602   68    1064 1327  109
0,3          2882 1942  176    1871  555   74    1011 1387  102
4,8          2869 1968  163    1930  502   68     939 1466   95
6,4          2867 1970  163    1897  532   71     970 1438   92
6,3          2863 1972  165    1937  501   62     926 1471  103
2,4          2758 2064  178    1796  620   84     962 1444   94
6,2          2752 2064  184    1909  506   85     843 1558   99
8,1          2748 2073  179    1908  523   69     840 1550  110
5,3          2744 2111  145    1921  518   61     823 1593   84
4,7          2740 2083  177    1881  541   78     859 1542   99
9,5          2687 2125  188    1848  564   88     839 1561  100
100


Team A Total Wins: 312122
Ties: 16736

50x50 vs 8k

Team A: 
Overall:           all             as Black          as White     
                W    L    T       W    L    T       W    L    T  
size: 100
0,4          3493 1364  143    1970  466   64    1523  898   79
1,9          3475 1349  176    1852  553   95    1623  796   81
8,3          3448 1379  173    1918  502   80    1530  877   93
1,6          3431 1413  156    1895  528   77    1536  885   79
7,8          3410 1433  157    1937  487   76    1473  946   81
4,1          3386 1450  164    1867  563   70    1519  887   94
5,4          3386 1441  173    1847  567   86    1539  874   87
3,7          3377 1472  151    1846  586   68    1531  886   83
7,0          3350 1491  159    1953  477   70    1397 1014   89
0,0          3340 1499  161    1850  566   84    1490  933   77
1,7          3316 1503  181    1871  562   67    1445  941  114
0,9          3304 1535  161    1852  583   65    1452  952   96
4,4          3303 1518  179    1871  550   79    1432  968  100
6,6          3284 1557  159    1903  532   65    1381 1025   94
2,3          3278 1549  173    1775  644   81    1503  905   92
9,8          3276 1584  140    1903  532   65    1373 1052   75
1,3          3264 1583  153    1969  462   69    1295 1121   84
2,6          3252 1557  191    1777  616  107    1475  941   84
7,9          3247 1593  160    1886  536   78    1361 1057   82
9,2          3231 1575  194    1869  548   83    1362 1027  111
9,4          3223 1583  194    1810  600   90    1413  983  104
3,9          3221 1601  178    1859  563   78    1362 1038  100
8,2          3217 1593  190    1834  586   80    1383 1007  110
8,7          3216 1621  163    1917  515   68    1299 1106   95
9,0          3215 1621  164    1918  508   74    1297 1113   90
4,2          3214 1599  187    1782  626   92    1432  973   95
0,1          3213 1642  145    1889  540   71    1324 1102   74
1,4          3213 1620  167    1903  522   75    1310 1098   92
1,2          3204 1620  176    1895  530   75    1309 1090  101
1,8          3202 1635  163    1883  545   72    1319 1090   91
3,8          3197 1622  181    1898  523   79    1299 1099  102
3,0          3195 1591  214    1900  521   79    1295 1070  135
3,4          3187 1625  188    1934  497   69    1253 1128  119
7,3          3174 1678  148    1988  456   56    1186 1222   92
9,7          3172 1665  163    1873  552   75    1299 1113   88
1,0          3170 1654  176    1889  532   79    1281 1122   97
0,7          3167 1686  147    1895  534   71    1272 1152   76
4,5          3158 1667  175    1825  602   73    1333 1065  102
6,7          3158 1674  168    1860  571   69    1298 1103   99
2,8          3156 1712  132    1876  562   62    1280 1150   70
2,2          3155 1689  156    1944  496   60    1211 1193   96
1,5          3153 1669  178    1901  524   75    1252 1145  103
3,2          3143 1696  161    1919  514   67    1224 1182   94
7,4          3143 1685  172    1869  551   80    1274 1134   92
7,5          3130 1703  167    1887  534   79    1243 1169   88
6,0          3126 1694  180    1935  481   84    1191 1213   96
3,3          3125 1726  149    1896  538   66    1229 1188   83
5,7          3120 1692  188    1850  560   90    1270 1132   98
7,6          3119 1720  161    1853  582   65    1266 1138   96
6,1          3106 1710  184    1917  502   81    1189 1208  103
5,6          3099 1720  181    1871  554   75    1228 1166  106
2,0          3097 1748  155    1984  445   71    1113 1303   84
4,3          3088 1733  179    1890  532   78    1198 1201  101
4,0          3083 1735  182    1829  596   75    1254 1139  107
8,4          3083 1742  175    1889  523   88    1194 1219   87
0,6          3077 1764  159    1937  509   54    1140 1255  105
0,2          3075 1737  188    1885  537   78    1190 1200  110
9,9          3069 1777  154    1953  471   76    1116 1306   78
8,0          3067 1761  172    1911  514   75    1156 1247   97
4,6          3064 1785  151    1812  615   73    1252 1170   78
2,1          3059 1774  167    1873  558   69    1186 1216   98
9,1          3056 1769  175    1930  496   74    1126 1273  101
3,1          3041 1787  172    1868  552   80    1173 1235   92
7,7          3040 1786  174    1862  549   89    1178 1237   85
8,5          3034 1781  185    1829  597   74    1205 1184  111
9,3          3034 1779  187    1892  526   82    1142 1253  105
5,5          3032 1808  160    1872  550   78    1160 1258   82
4,9          3027 1774  199    1901  516   83    1126 1258  116
0,5          3022 1786  192    1915  513   72    1107 1273  120
8,9          3018 1808  174    1861  565   74    1157 1243  100
0,8          3011 1815  174    1877  549   74    1134 1266  100
9,6          3010 1837  153    1834  594   72    1176 1243   81
1,1          2998 1831  171    1839  593   68    1159 1238  103
2,5          2997 1820  183    1876  555   69    1121 1265  114
2,9          2986 1859  155    1866  575   59    1120 1284   96
5,1          2986 1821  193    1809  612   79    1177 1209  114
3,6          2985 1826  189    1784  628   88    1201 1198  101
7,1          2983 1855  162    1940  490   70    1043 1365   92
5,0          2982 1825  193    1762  633  105    1220 1192   88
6,9          2979 1866  155    1872  557   71    1107 1309   84
8,6          2969 1853  178    1907  512   81    1062 1341   97
7,2          2967 1874  159    1900  517   83    1067 1357   76
5,9          2954 1862  184    1796  613   91    1158 1249   93
2,7          2946 1861  193    1883  529   88    1063 1332  105
6,8          2936 1869  195    1872  542   86    1064 1327  109
3,5          2930 1880  190    1789  630   81    1141 1250  109
5,8          2921 1897  182    1834  577   89    1087 1320   93
8,8          2913 1910  177    1879  548   73    1034 1362  104
0,3          2885 1946  169    1874  559   67    1011 1387  102
5,2          2868 1961  171    1877  561   62     991 1400  109
2,4          2854 1980  166    1892  536   72     962 1444   94
6,4          2854 1974  172    1884  536   80     970 1438   92
6,5          2829 1994  177    1825  603   72    1004 1391  105
6,3          2826 1996  178    1900  525   75     926 1471  103
4,8          2796 2026  178    1857  560   83     939 1466   95
8,1          2780 2034  186    1940  484   76     840 1550  110
9,5          2764 2064  172    1925  503   72     839 1561  100
6,2          2758 2074  168    1915  516   69     843 1558   99
4,7          2754 2079  167    1895  537   68     859 1542   99
5,3          2653 2163  184    1830  570  100     823 1593   84
100


Team A Total Wins: 310282
Ties: 17174

50x50 vs 9k

Team A: 
Overall:           all             as Black          as White     
                W    L    T       W    L    T       W    L    T  
size: 100
1,9          3646 1204  150    2023  408   69    1623  796   81
1,6          3549 1310  141    2013  425   62    1536  885   79
2,3          3539 1303  158    2036  398   66    1503  905   92
7,8          3504 1351  145    2031  405   64    1473  946   81
4,1          3501 1352  147    1982  465   53    1519  887   94
3,7          3499 1350  151    1968  464   68    1531  886   83
8,3          3476 1370  154    1946  493   61    1530  877   93
4,2          3471 1370  159    2039  397   64    1432  973   95
4,4          3463 1374  163    2031  406   63    1432  968  100
0,4          3456 1402  142    1933  504   63    1523  898   79
5,4          3452 1403  145    1913  529   58    1539  874   87
2,6          3447 1400  153    1972  459   69    1475  941   84
1,7          3428 1384  188    1983  443   74    1445  941  114
0,0          3424 1422  154    1934  489   77    1490  933   77
0,9          3424 1411  165    1972  459   69    1452  952   96
9,8          3408 1447  145    2035  395   70    1373 1052   75
8,2          3360 1474  166    1977  467   56    1383 1007  110
9,4          3359 1460  181    1946  477   77    1413  983  104
4,5          3343 1483  174    2010  418   72    1333 1065  102
9,2          3334 1484  182    1972  457   71    1362 1027  111
6,6          3327 1513  160    1946  488   66    1381 1025   94
6,7          3324 1514  162    2026  411   63    1298 1103   99
7,0          3323 1515  162    1926  501   73    1397 1014   89
3,9          3322 1508  170    1960  470   70    1362 1038  100
1,8          3316 1532  152    1997  442   61    1319 1090   91
2,8          3308 1548  144    2028  398   74    1280 1150   70
3,8          3307 1530  163    2008  431   61    1299 1099  102
7,9          3294 1549  157    1933  492   75    1361 1057   82
1,0          3289 1546  165    2008  424   68    1281 1122   97
3,0          3288 1513  199    1993  443   64    1295 1070  135
0,7          3279 1578  143    2007  426   67    1272 1152   76
7,4          3277 1579  144    2003  445   52    1274 1134   92
9,7          3277 1565  158    1978  452   70    1299 1113   88
3,4          3267 1553  180    2014  425   61    1253 1128  119
9,0          3266 1578  156    1969  465   66    1297 1113   90
1,2          3260 1576  164    1951  486   63    1309 1090  101
0,1          3259 1603  138    1935  501   64    1324 1102   74
3,3          3257 1601  142    2028  413   59    1229 1188   83
7,6          3256 1585  159    1990  447   63    1266 1138   96
7,5          3255 1592  153    2012  423   65    1243 1169   88
8,7          3247 1600  153    1948  494   58    1299 1106   95
1,3          3240 1603  157    1945  482   73    1295 1121   84
1,4          3239 1594  167    1929  496   75    1310 1098   92
5,6          3233 1593  174    2005  427   68    1228 1166  106
5,0          3229 1619  152    2009  427   64    1220 1192   88
5,7          3224 1602  174    1954  470   76    1270 1132   98
0,2          3214 1607  179    2024  407   69    1190 1200  110
4,6          3211 1659  130    1959  489   52    1252 1170   78
8,9          3203 1649  148    2046  406   48    1157 1243  100
4,0          3198 1614  188    1944  475   81    1254 1139  107
1,5          3197 1625  178    1945  480   75    1252 1145  103
3,2          3190 1658  152    1966  476   58    1224 1182   94
6,0          3190 1655  155    1999  442   59    1191 1213   96
8,5          3187 1647  166    1982  463   55    1205 1184  111
9,6          3178 1682  140    2002  439   59    1176 1243   81
8,4          3177 1673  150    1983  454   63    1194 1219   87
2,2          3172 1677  151    1961  484   55    1211 1193   96
3,6          3172 1675  153    1971  477   52    1201 1198  101
7,7          3172 1677  151    1994  440   66    1178 1237   85
7,3          3168 1675  157    1982  453   65    1186 1222   92
1,1          3163 1671  166    2004  433   63    1159 1238  103
2,1          3161 1682  157    1975  466   59    1186 1216   98
2,9          3155 1688  157    2035  404   61    1120 1284   96
5,5          3152 1708  140    1992  450   58    1160 1258   82
5,9          3146 1694  160    1988  445   67    1158 1249   93
0,8          3145 1695  160    2011  429   60    1134 1266  100
5,1          3143 1673  184    1966  464   70    1177 1209  114
4,3          3133 1693  174    1935  492   73    1198 1201  101
3,1          3126 1712  162    1953  477   70    1173 1235   92
4,9          3126 1701  173    2000  443   57    1126 1258  116
6,1          3118 1708  174    1929  500   71    1189 1208  103
2,0          3116 1733  151    2003  430   67    1113 1303   84
9,1          3114 1711  175    1988  438   74    1126 1273  101
9,9          3114 1737  149    1998  431   71    1116 1306   78
2,5          3111 1719  170    1990  454   56    1121 1265  114
8,0          3105 1723  172    1949  476   75    1156 1247   97
0,5          3092 1723  185    1985  450   65    1107 1273  120
9,3          3086 1738  176    1944  485   71    1142 1253  105
0,6          3084 1736  180    1944  481   75    1140 1255  105
2,7          3082 1751  167    2019  419   62    1063 1332  105
5,8          3080 1774  146    1993  454   53    1087 1320   93
6,8          3072 1756  172    2008  429   63    1064 1327  109
3,5          3067 1747  186    1926  497   77    1141 1250  109
8,8          3063 1769  168    2029  407   64    1034 1362  104
6,9          3040 1809  151    1933  500   67    1107 1309   84
8,6          3025 1811  164    1963  470   67    1062 1341   97
7,1          3016 1837  147    1973  472   55    1043 1365   92
6,5          3013 1824  163    2009  433   58    1004 1391  105
0,3          2984 1843  173    1973  456   71    1011 1387  102
7,2          2962 1891  147    1895  534   71    1067 1357   76
6,4          2960 1887  153    1990  449   61     970 1438   92
5,2          2942 1886  172    1951  486   63     991 1400  109
2,4          2932 1905  163    1970  461   69     962 1444   94
6,3          2904 1920  176    1978  449   73     926 1471  103
4,8          2894 1944  162    1955  478   67     939 1466   95
4,7          2863 1964  173    2004  422   74     859 1542   99
9,5          2828 2003  169    1989  442   69     839 1561  100
6,2          2814 2026  160    1971  468   61     843 1558   99
8,1          2791 2042  167    1951  492   57     840 1550  110
5,3          2769 2071  160    1946  478   76     823 1593   84
100


Team A Total Wins: 320366
Ties: 16113

50x50 vs 10k

Team A: 
Overall:           all             as Black          as White     
                W    L    T       W    L    T       W    L    T  
size: 100
1,9          3497 1340  163    1874  544   82    1623  796   81
1,6          3483 1379  138    1947  494   59    1536  885   79
8,3          3461 1372  167    1931  495   74    1530  877   93
4,1          3456 1383  161    1937  496   67    1519  887   94
5,4          3455 1396  149    1916  522   62    1539  874   87
0,0          3452 1408  140    1962  475   63    1490  933   77
2,6          3443 1411  146    1968  470   62    1475  941   84
0,4          3435 1413  152    1912  515   73    1523  898   79
7,8          3398 1435  167    1925  489   86    1473  946   81
4,2          3395 1441  164    1963  468   69    1432  973   95
2,3          3383 1451  166    1880  546   74    1503  905   92
9,4          3375 1454  171    1962  471   67    1413  983  104
4,4          3353 1468  179    1921  500   79    1432  968  100
1,7          3350 1460  190    1905  519   76    1445  941  114
3,7          3321 1524  155    1790  638   72    1531  886   83
0,9          3312 1504  184    1860  552   88    1452  952   96
6,6          3305 1519  176    1924  494   82    1381 1025   94
9,8          3305 1555  140    1932  503   65    1373 1052   75
7,0          3289 1538  173    1892  524   84    1397 1014   89
3,9          3271 1557  172    1909  519   72    1362 1038  100
8,7          3260 1564  176    1961  458   81    1299 1106   95
1,8          3256 1584  160    1937  494   69    1319 1090   91
4,5          3256 1579  165    1923  514   63    1333 1065  102
8,2          3256 1564  180    1873  557   70    1383 1007  110
9,2          3253 1552  195    1891  525   84    1362 1027  111
9,0          3242 1601  157    1945  488   67    1297 1113   90
0,1          3240 1616  144    1916  514   70    1324 1102   74
7,4          3240 1596  164    1966  462   72    1274 1134   92
3,3          3239 1621  140    2010  433   57    1229 1188   83
7,9          3235 1605  160    1874  548   78    1361 1057   82
7,6          3230 1594  176    1964  456   80    1266 1138   96
3,8          3225 1594  181    1926  495   79    1299 1099  102
0,7          3219 1647  134    1947  495   58    1272 1152   76
1,0          3215 1618  167    1934  496   70    1281 1122   97
1,2          3215 1612  173    1906  522   72    1309 1090  101
1,3          3215 1634  151    1920  513   67    1295 1121   84
3,4          3212 1594  194    1959  466   75    1253 1128  119
5,6          3212 1608  180    1984  442   74    1228 1166  106
5,7          3207 1612  181    1937  480   83    1270 1132   98
1,5          3202 1640  158    1950  495   55    1252 1145  103
6,7          3200 1628  172    1902  525   73    1298 1103   99
1,4          3197 1624  179    1887  526   87    1310 1098   92
9,7          3197 1650  153    1898  537   65    1299 1113   88
4,6          3189 1667  144    1937  497   66    1252 1170   78
2,2          3185 1641  174    1974  448   78    1211 1193   96
3,0          3176 1614  210    1881  544   75    1295 1070  135
4,0          3172 1638  190    1918  499   83    1254 1139  107
8,5          3172 1654  174    1967  470   63    1205 1184  111
3,5          3164 1657  179    2023  407   70    1141 1250  109
5,5          3159 1699  142    1999  441   60    1160 1258   82
2,8          3158 1684  158    1878  534   88    1280 1150   70
4,3          3154 1685  161    1956  484   60    1198 1201  101
6,0          3144 1692  164    1953  479   68    1191 1213   96
7,5          3131 1703  166    1888  534   78    1243 1169   88
3,6          3125 1705  170    1924  507   69    1201 1198  101
8,4          3125 1721  154    1931  502   67    1194 1219   87
3,1          3124 1720  156    1951  485   64    1173 1235   92
8,0          3123 1717  160    1967  470   63    1156 1247   97
5,1          3118 1694  188    1941  485   74    1177 1209  114
7,3          3116 1730  154    1930  508   62    1186 1222   92
6,1          3112 1702  186    1923  494   83    1189 1208  103
0,6          3111 1715  174    1971  460   69    1140 1255  105
3,2          3090 1737  173    1866  555   79    1224 1182   94
9,9          3088 1766  146    1972  460   68    1116 1306   78
5,0          3074 1763  163    1854  571   75    1220 1192   88
8,9          3068 1764  168    1911  521   68    1157 1243  100
2,1          3067 1768  165    1881  552   67    1186 1216   98
7,7          3066 1776  158    1888  539   73    1178 1237   85
9,1          3065 1768  167    1939  495   66    1126 1273  101
2,5          3060 1766  174    1939  501   60    1121 1265  114
0,2          3058 1753  189    1868  553   79    1190 1200  110
2,9          3046 1799  155    1926  515   59    1120 1284   96
4,9          3046 1753  201    1920  495   85    1126 1258  116
2,0          3044 1813  143    1931  510   59    1113 1303   84
5,9          3039 1798  163    1881  549   70    1158 1249   93
9,6          3026 1824  150    1850  581   69    1176 1243   81
7,2          3024 1823  153    1957  466   77    1067 1357   76
8,6          3020 1804  176    1958  463   79    1062 1341   97
1,1          3018 1791  191    1859  553   88    1159 1238  103
6,9          3018 1830  152    1911  521   68    1107 1309   84
9,3          3012 1812  176    1870  559   71    1142 1253  105
2,4          3011 1840  149    2049  396   55     962 1444   94
0,5          3001 1791  208    1894  518   88    1107 1273  120
0,8          2998 1814  188    1864  548   88    1134 1266  100
6,8          2984 1837  179    1920  510   70    1064 1327  109
7,1          2984 1870  146    1941  505   54    1043 1365   92
6,5          2983 1844  173    1979  453   68    1004 1391  105
2,7          2967 1878  155    1904  546   50    1063 1332  105
8,8          2962 1859  179    1928  497   75    1034 1362  104
0,3          2961 1864  175    1950  477   73    1011 1387  102
6,4          2951 1888  161    1981  450   69     970 1438   92
5,8          2936 1889  175    1849  569   82    1087 1320   93
5,2          2890 1941  169    1899  541   60     991 1400  109
4,8          2854 1970  176    1915  504   81     939 1466   95
6,3          2841 1983  176    1915  512   73     926 1471  103
8,1          2816 1997  187    1976  447   77     840 1550  110
6,2          2812 2022  166    1969  464   67     843 1558   99
4,7          2797 2030  173    1938  488   74     859 1542   99
9,5          2772 2040  188    1933  479   88     839 1561  100
5,3          2757 2104  139    1934  511   55     823 1593   84
100


Team A Total Wins: 314926
Ties: 16722
