
0 0 0 : -0.62849811447248705 , 0 0 1 :  0.05978846040544494 , 0 0 2 : -0.01378630242021116 , 0 0 3 : -0.12747400818740670 , 0 0 4 : -0.57051755048824360 , 0 0 5 :  0.75392171775639139 , 0 0 6 : -0.47453421609221691 , 0 0 7 :  0.78532895016732107 , 
0 0 8 :  0.99421217059447065 , 0 0 9 :  0.22298371383127930 , 0 010 : -0.79775403709977588 , 0 011 : -0.33190411530989417 , 0 012 :  0.14592053841143870 , 0 013 :  0.18485207352081875 , 0 014 : -0.61644286178818108 , 0 015 : -0.23705843753975744 , 
0 016 :  0.49386602802847795 , 0 017 :  0.85893183055284050 , 0 018 : -0.79229038245616967 , 0 019 : -0.65714072466694784 , 0 020 : -0.28103040264967383 , 0 021 :  0.03625340575177847 , 0 022 :  0.63744065381467374 , 0 023 : -0.54697327667240669 , 
0 024 :  0.05399221044685329 , 0 025 :  0.44669156961454615 , 0 026 :  0.72386470610455833 , 0 027 : -0.02723993641661477 , 0 028 :  0.13197252812421534 , 0 029 : -0.60903732134450106 , 0 030 :  0.99966977117567779 , 0 031 :  0.32482129583359759 , 
0 032 :  0.35353419061449087 , 0 033 :  0.06836470918188091 , 0 034 :  0.70219367914935282 , 0 035 : -0.19425741824985363 , 0 036 :  0.42307399558977876 , 0 037 : -0.65891783994572140 , 0 038 :  0.59258927898136404 , 0 039 :  0.85215412678762992 , 
0 040 :  0.80230483822631871 , 0 041 :  0.20253047123669202 , 0 042 :  0.53069460230446164 , 0 043 :  0.71580360024972056 , 0 044 :  0.88409727899548474 , 0 045 :  0.32290652688728017 , 0 046 :  0.06609190724142450 , 0 047 : -0.69424174292676233 , 
0 048 :  0.64210751822316436 , 0 049 : -0.56372053342113293 , 0 050 : -0.71818951271390052 , 0 051 : -0.92563190633693337 , 0 052 : -0.31608573501747367 , 0 053 : -0.41519238213784637 , 0 054 :  0.05630833751350098 , 0 055 : -0.71253682892422043 , 
0 056 :  0.44047048056520077 , 0 057 : -0.29655209290634471 , 0 058 :  0.03413707904244637 , 0 059 : -0.59557735342326446 , 0 060 :  0.18000758307986314 , 0 061 :  0.45284270329998932 , 0 062 : -0.40883258190417315 , 0 063 : -0.06159116470329052 , 
0 064 :  0.78291209311360122 , 


