
0 0 0 : -0.44495410911969568 , 0 0 1 : -0.47007993490904565 , 0 0 2 : -0.24736939382151207 , 0 0 3 :  0.71934794668077862 , 0 0 4 :  0.89083964977918173 , 0 0 5 :  0.86847401404216606 , 0 0 6 :  0.60277444431687444 , 0 0 7 :  0.01960234857145806 , 
0 0 8 :  0.75242613803242619 , 0 0 9 : -0.21226998149057383 , 0 010 : -0.01340931747733118 , 0 011 : -0.62753893790186333 , 0 012 :  0.39064047690045112 , 0 013 : -0.10149500523763476 , 0 014 :  0.74927650100983512 , 0 015 : -0.04808617338914711 , 
0 016 : -0.99759650649390952 , 0 017 : -0.28337316367932275 , 0 018 : -0.76977382356756074 , 0 019 :  0.82945187894136263 , 0 020 :  0.58777781696420994 , 0 021 :  0.77800538427103560 , 0 022 :  0.69968471662126697 , 0 023 : -0.95305421480585550 , 
0 024 :  0.95825704278343216 , 0 025 :  0.30612123911554051 , 0 026 :  0.93140302688414367 , 0 027 :  0.50225738878466997 , 0 028 : -0.18200727700349281 , 0 029 :  0.50815387512936905 , 0 030 :  0.25370127440136919 , 0 031 : -0.10392979956415006 , 
0 032 : -0.13441127358675528 , 0 033 :  0.90784875438914114 , 0 034 :  0.78768031522057969 , 0 035 :  0.80527912536881818 , 0 036 :  0.87910901889163484 , 0 037 : -0.10473968512599342 , 0 038 :  0.50334262871339108 , 0 039 : -0.44063481243356822 , 
0 040 : -0.84347129419607636 , 0 041 :  0.50459089153660042 , 0 042 :  0.50796233234366506 , 0 043 :  0.77188431647228273 , 0 044 :  0.53102073424077623 , 0 045 :  0.28929499410525661 , 0 046 :  0.64835146053151760 , 0 047 :  0.23071562276720797 , 
0 048 : -0.79003426702229040 , 0 049 : -0.65082636133340488 , 0 050 :  0.89947318420720901 , 0 051 : -0.09928743452731865 , 0 052 : -0.63686044730099867 , 0 053 :  0.72108859509280354 , 0 054 :  0.09940814650589980 , 0 055 : -0.13834723696966991 , 
0 056 : -0.34965191890935038 , 0 057 : -0.06981185640665323 , 0 058 :  0.04436430802772022 , 0 059 :  0.62938927329582595 , 0 060 : -0.54099300156393693 , 0 061 :  0.20610900046588340 , 0 062 : -0.83953761441611574 , 0 063 :  0.07244072112834114 , 
0 064 :  0.98102202498401614 , 


