
0 0 0 :  0.36746846668770000 , 0 0 1 :  0.87737547321122855 , 0 0 2 : -0.23377622162633399 , 0 0 3 : -0.46395199115572122 , 0 0 4 :  0.12110709590888913 , 0 0 5 :  0.20886206729750245 , 0 0 6 :  0.14464657853573867 , 0 0 7 : -0.86148758412408066 , 
0 0 8 :  0.77931316745435497 , 0 0 9 :  0.39289125073370118 , 0 010 : -0.69782695299844577 , 0 011 : -0.55609978575077834 , 0 012 :  0.91822407204575096 , 0 013 :  0.75447244558225968 , 0 014 : -0.51761593414359541 , 0 015 : -0.49242025729847155 , 
0 016 :  0.10313272853527811 , 0 017 :  0.77530586057123996 , 0 018 : -0.61612701491272404 , 0 019 :  0.80343482773910968 , 0 020 :  0.28068350873919368 , 0 021 :  0.77791994799762965 , 0 022 :  0.40906190099616624 , 0 023 : -0.57782636470060156 , 
0 024 : -0.05995037269776238 , 0 025 :  0.50046565546675847 , 0 026 : -0.04275661988312221 , 0 027 :  0.33190356908920388 , 0 028 : -0.43801001805719453 , 0 029 :  0.60727590909566542 , 0 030 :  0.87602438166552432 , 0 031 :  0.31828310960823814 , 
0 032 :  0.30218756864880564 , 0 033 :  0.71547819008840163 , 0 034 :  0.81812580759549780 , 0 035 : -0.32129261052296154 , 0 036 :  0.22735083113766780 , 0 037 : -0.10780455875573892 , 0 038 :  0.77481388383303484 , 0 039 : -0.63113157247711515 , 
0 040 :  0.97004906738644892 , 0 041 : -0.37142089678506407 , 0 042 : -0.62122304300834563 , 0 043 : -0.06601645660866819 , 0 044 : -0.84139731286158659 , 0 045 : -0.84350155426352358 , 0 046 :  0.57512167076353060 , 0 047 : -0.38854983653340014 , 
0 048 :  0.24599398916866350 , 0 049 : -0.53645683710298353 , 0 050 : -0.90575046600110387 , 0 051 : -0.32224970977858158 , 0 052 : -0.32828640254600272 , 0 053 :  0.86258547094770965 , 0 054 : -0.68551293326798501 , 0 055 :  0.32684034962525610 , 
0 056 :  0.48806896362829438 , 0 057 :  0.77998037532902342 , 0 058 :  0.66982947693664086 , 0 059 :  0.38266454235774677 , 0 060 :  0.02513787244685826 , 0 061 :  0.59554821979047179 , 0 062 : -0.09205849752391619 , 0 063 :  0.23706794215229710 , 
0 064 :  0.96326131232234713 , 


