
0 0 0 :  0.37732177012475288 , 0 0 1 :  0.39750426933053146 , 0 0 2 :  0.88798666600509857 , 0 0 3 : -0.21598087447508280 , 0 0 4 : -0.36811597243329325 , 0 0 5 : -0.34388302608573951 , 0 0 6 :  0.20733346008105830 , 0 0 7 : -0.30484058023655813 , 
0 0 8 :  0.23771334124622556 , 0 0 9 : -0.12221809156342321 , 0 010 : -0.76497150946640013 , 0 011 : -0.40877900431341446 , 0 012 : -0.84853396464536612 , 0 013 : -0.33965522625467520 , 0 014 : -0.84323822233976709 , 0 015 :  0.42655037316798716 , 
0 016 :  0.38001458643936298 , 0 017 : -0.43736863436054840 , 0 018 :  0.15099733562720816 , 0 019 :  0.07670260038073295 , 0 020 : -0.03675390129757761 , 0 021 :  0.62338522943825703 , 0 022 :  0.74554859555584774 , 0 023 :  0.16970158748780451 , 
0 024 :  0.13448046200651698 , 0 025 :  0.01264443714760450 , 0 026 :  0.99845827184545732 , 0 027 :  0.56693342866698904 , 0 028 :  0.13602387538925925 , 0 029 :  0.66538854765956690 , 0 030 :  0.52783701965950292 , 0 031 :  0.32249759571743086 , 
0 032 : -0.43716292196752637 , 0 033 :  0.35546087583315600 , 0 034 :  0.30822000620338136 , 0 035 : -0.41858661240832257 , 0 036 :  0.79428340764450067 , 0 037 :  0.48615606757167545 , 0 038 :  0.92164075603785034 , 0 039 : -0.09144290308069573 , 
0 040 :  0.77741213085940675 , 0 041 :  0.36925251333473835 , 0 042 : -0.54941526080920144 , 0 043 :  0.15693612916252395 , 0 044 :  0.44495980601988722 , 0 045 :  0.31011095983447085 , 0 046 :  0.76574016491218477 , 0 047 : -0.51785164490242097 , 
0 048 :  0.26114304748417022 , 0 049 : -0.03574751877959236 , 0 050 : -0.90466256202415685 , 0 051 : -0.84798185892774813 , 0 052 :  0.59816435286689751 , 0 053 : -0.56506468847629832 , 0 054 :  0.15911246610764063 , 0 055 : -0.37128379539180723 , 
0 056 :  0.44054823948095934 , 0 057 :  0.04933628907861946 , 0 058 :  0.36632051429074280 , 0 059 :  0.85975539910595655 , 0 060 :  0.98090079612140579 , 0 061 : -0.90052238288359832 , 0 062 :  0.67271611451763480 , 0 063 :  0.22110555703803225 , 
0 064 :  0.96034933019445712 , 


