
0 0 0 :  0.56745445940990680 , 0 0 1 : -0.72097698446408709 , 0 0 2 : -0.73515998559778550 , 0 0 3 : -0.89525185287708964 , 0 0 4 :  0.71734135212252914 , 0 0 5 : -0.59751554466668311 , 0 0 6 :  0.88107787160253048 , 0 0 7 :  0.01986204088659121 , 
0 0 8 :  0.04926612696110556 , 0 0 9 :  0.88108672149529998 , 0 010 :  0.03303940223205807 , 0 011 :  0.97538480999664623 , 0 012 : -0.30706137013950446 , 0 013 :  0.46012477365328219 , 0 014 :  0.30119294826928200 , 0 015 : -0.46608381460704085 , 
0 016 : -0.38757741143348506 , 0 017 : -0.53821881233631574 , 0 018 :  0.15209030786160860 , 0 019 :  0.19849966708500855 , 0 020 : -0.78170644714576487 , 0 021 : -0.80042510842924242 , 0 022 : -0.14537815151055258 , 0 023 : -0.86333185753940223 , 
0 024 : -0.64822506748522868 , 0 025 : -0.15221498122076271 , 0 026 : -0.87699410965526203 , 0 027 :  0.58940826616688080 , 0 028 :  0.86317356157264369 , 0 029 :  0.85381329704719289 , 0 030 :  0.75036023918090400 , 0 031 :  0.98646116349215673 , 
0 032 : -0.27595236817186342 , 0 033 :  0.21702460395965009 , 0 034 : -0.00629338156724972 , 0 035 : -0.71271718792278194 , 0 036 :  0.23345645295151343 , 0 037 : -0.90740059591243072 , 0 038 :  0.14354252868496931 , 0 039 :  0.62803352979385929 , 
0 040 : -0.15070765984743259 , 0 041 :  0.84056541642200455 , 0 042 : -0.36158649360834921 , 0 043 : -0.71565822079575536 , 0 044 : -0.35312188153766183 , 0 045 :  0.02650217573461224 , 0 046 :  0.88936862856585930 , 0 047 :  0.95348149722138487 , 
0 048 :  0.53764331458958026 , 0 049 : -0.59336367230553355 , 0 050 :  0.22151370403427337 , 0 051 :  0.50358052016402621 , 0 052 :  0.50569445011471137 , 0 053 :  0.36108208511075102 , 0 054 : -0.18171356859696730 , 0 055 : -0.17607127557325702 , 
0 056 :  0.76936412591923220 , 0 057 :  0.56993093274996198 , 0 058 : -0.57041183233745951 , 0 059 : -0.91819710653191300 , 0 060 :  0.50699422345822409 , 0 061 : -0.73169368027322634 , 0 062 : -0.19994439240542444 , 0 063 :  0.71413181988249153 , 
0 064 :  0.97354165230576961 , 


