
0 0 0 : -0.02210668661729744 , 0 0 1 :  0.47984449075527696 , 0 0 2 : -0.26559860271662411 , 0 0 3 :  0.03354840680656414 , 0 0 4 : -0.38795583201011447 , 0 0 5 : -0.33296844285585381 , 0 0 6 :  0.13085803675039581 , 0 0 7 : -0.19096232400786239 , 
0 0 8 :  0.99421217059447065 , 0 0 9 :  0.33845161476100405 , 0 010 : -0.93608456614244939 , 0 011 : -0.63080426428038827 , 0 012 :  0.46202103582304949 , 0 013 :  0.43888120792754048 , 0 014 : -0.56745015669960996 , 0 015 : -0.73959877795521112 , 
0 016 :  0.39315915498563980 , 0 017 : -0.65355331388001947 , 0 018 :  0.59901080261869855 , 0 019 :  0.89956366452368142 , 0 020 :  0.16979157885992507 , 0 021 :  0.77326212440303621 , 0 022 :  0.62689131946623855 , 0 023 : -0.50520735164415431 , 
0 024 : -0.03425428412587116 , 0 025 : -0.09057529600829599 , 0 026 :  0.00815818692006086 , 0 027 : -0.98915463964881123 , 0 028 : -0.52068306157397248 , 0 029 :  0.05059293427066548 , 0 030 :  0.63947997458254913 , 0 031 : -0.47942976582768826 , 
0 032 : -0.06133194736267065 , 0 033 : -0.46874896924418813 , 0 034 : -0.73557855828459306 , 0 035 :  0.63876973774226831 , 0 036 :  0.45783027375947233 , 0 037 : -0.14250881091808379 , 0 038 :  0.91938971025840832 , 0 039 :  0.82958635773024814 , 
0 040 : -0.36730107914996385 , 0 041 :  0.92327199779603253 , 0 042 : -0.52116751601973899 , 0 043 :  0.55117181248551783 , 0 044 : -0.29586338451870875 , 0 045 : -0.87950301071605785 , 0 046 :  0.18636025543620821 , 0 047 : -0.92331378344600734 , 
0 048 :  0.42267193525222685 , 0 049 : -0.45252554000007245 , 0 050 :  0.92376545999374493 , 0 051 : -0.92317428343145846 , 0 052 : -0.48290497133643601 , 0 053 :  0.20489561893273872 , 0 054 : -0.72958073892145447 , 0 055 : -0.43458001196132040 , 
0 056 : -0.13008321548350305 , 0 057 :  0.79954108400248969 , 0 058 : -0.35607571124847781 , 0 059 :  0.96459906034385745 , 0 060 :  0.49514827481245077 , 0 061 : -0.78474095919390252 , 0 062 : -0.79351415754925192 , 0 063 : -0.42967796159427518 , 
0 064 : -0.56729031194340918 , 


