
0 0 0 : -0.23079677961338160 , 0 0 1 : -0.20686365347675217 , 0 0 2 :  0.38242517522649150 , 0 0 3 : -0.19292977880357290 , 0 0 4 :  0.81729490301445817 , 0 0 5 :  0.22199776546191319 , 0 0 6 :  0.23305947763522131 , 0 0 7 : -0.94667603398984113 , 
0 0 8 :  0.61042751493418013 , 0 0 9 : -0.46998741546179512 , 0 010 : -0.27736327204730515 , 0 011 : -0.93471244021072630 , 0 012 :  0.12024220643576337 , 0 013 : -0.91815243285063297 , 0 014 : -0.69081046836954096 , 0 015 : -0.24319052009060538 , 
0 016 : -0.24207198491416498 , 0 017 : -0.43968361031249331 , 0 018 :  0.89879490383844585 , 0 019 :  0.97452010120010013 , 0 020 : -0.97905843797095982 , 0 021 :  0.19342405311457070 , 0 022 : -0.16789760448406338 , 0 023 : -0.40536409775044963 , 
0 024 : -0.93000152936670999 , 0 025 :  0.48611304000304689 , 0 026 : -0.34198873738850871 , 0 027 :  0.30674814260878980 , 0 028 : -0.31558942390400424 , 0 029 : -0.19707988770542662 , 0 030 : -0.40753826843925672 , 0 031 : -0.67270189787852663 , 
0 032 :  0.89113267459493717 , 0 033 : -0.42919066614899348 , 0 034 :  0.71489643525094559 , 0 035 :  0.64859772270945726 , 0 036 : -0.08745646015156827 , 0 037 :  0.36917362472469623 , 0 038 : -0.26554343070161690 , 0 039 :  0.82037018510530246 , 
0 040 :  0.47497708791633003 , 0 041 :  0.22877610112949093 , 0 042 : -0.95759007239602045 , 0 043 :  0.58238267832546620 , 0 044 :  0.31830969467680420 , 0 045 : -0.09576957770426273 , 0 046 :  0.46586651982081428 , 0 047 : -0.21627328368661614 , 
0 048 :  0.41710262066549741 , 0 049 :  0.51072776155114530 , 0 050 : -0.68006776491183218 , 0 051 : -0.46085452868642962 , 0 052 :  0.99290353525099506 , 0 053 : -0.99136406462237425 , 0 054 : -0.87635550781914751 , 0 055 : -0.96826743565884765 , 
0 056 :  0.04166153308081512 , 0 057 :  0.65622452956448518 , 0 058 : -0.38212591520609612 , 0 059 : -0.42186787464742914 , 0 060 :  0.54856926368017178 , 0 061 :  0.06517682460377776 , 0 062 :  0.30109365717558828 , 0 063 : -0.36942296259543994 , 
0 064 :  0.25767428113970642 , 


