
0 0 0 : -0.73526146390254676 , 0 0 1 :  0.65117937682717075 , 0 0 2 :  0.13941010047654159 , 0 0 3 : -0.73098027181391612 , 0 0 4 :  0.19266535490409720 , 0 0 5 :  0.81592297545444359 , 0 0 6 :  0.13832688896838896 , 0 0 7 :  0.38139854296175696 , 
0 0 8 :  0.40274238372349291 , 0 0 9 : -0.97623672847460807 , 0 010 : -0.80049144187965027 , 0 011 : -0.77147488937316222 , 0 012 : -0.23597932617924144 , 0 013 : -0.35277970943263720 , 0 014 : -0.39139535156609273 , 0 015 : -0.26987117215519357 , 
0 016 : -0.05070570067069759 , 0 017 :  0.88876727078518236 , 0 018 : -0.87521770776958097 , 0 019 :  0.56603401739431269 , 0 020 : -0.03698531959065484 , 0 021 :  0.97857218933225243 , 0 022 :  0.74544429161839387 , 0 023 : -0.29144812901106110 , 
0 024 :  0.58309340690406664 , 0 025 : -0.47140819787579041 , 0 026 : -0.89236132329905471 , 0 027 : -0.19107661265464343 , 0 028 :  0.19885748214966500 , 0 029 :  0.21019503577155763 , 0 030 :  0.60280733630191874 , 0 031 : -0.10569310565744205 , 
0 032 :  0.53136035033099371 , 0 033 :  0.61908299458170446 , 0 034 :  0.47688544098142788 , 0 035 :  0.22144240104660504 , 0 036 :  0.83920454226397190 , 0 037 : -0.83607255473550057 , 0 038 :  0.20090621486348390 , 0 039 :  0.38304280833482873 , 
0 040 :  0.97141571062217269 , 0 041 :  0.26063443033985534 , 0 042 : -0.79919507019184299 , 0 043 :  0.70205779080374997 , 0 044 :  0.77331604099521234 , 0 045 : -0.58520031235422953 , 0 046 : -0.08818302261092840 , 0 047 : -0.15682212363780576 , 
0 048 : -0.29843788933867488 , 0 049 : -0.31278264024890151 , 0 050 : -0.82680822109189267 , 0 051 : -0.79199285283311871 , 0 052 :  0.45403883068544737 , 0 053 :  0.60127609763353884 , 0 054 : -0.40442897957024582 , 0 055 : -0.57928633390892592 , 
0 056 :  0.32867093166740191 , 0 057 :  0.91489185249195060 , 0 058 : -0.17485548843390097 , 0 059 :  0.42093257346233937 , 0 060 : -0.73626380913716916 , 0 061 :  0.98710510739456170 , 0 062 :  0.28353522312060708 , 0 063 :  0.45298647389420610 , 
0 064 :  0.96326131232234713 , 


