
0 0 0 : -0.65665986792028874 , 0 0 1 :  0.24768243601903434 , 0 0 2 :  0.04347950780926249 , 0 0 3 : -0.54950677675637727 , 0 0 4 :  0.66388289754459773 , 0 0 5 :  0.32112235358037167 , 0 0 6 : -0.13644342410212543 , 0 0 7 : -0.29695196789547429 , 
0 0 8 :  0.43627740276804072 , 0 0 9 :  0.13263429940335186 , 0 010 : -0.73145418881040725 , 0 011 : -0.27961436159890812 , 0 012 : -0.80614444837260268 , 0 013 :  0.61289994400595316 , 0 014 : -0.59213901292166626 , 0 015 : -0.71928268937360618 , 
0 016 : -0.19391370527162854 , 0 017 : -0.99558404180946947 , 0 018 : -0.63146878109847604 , 0 019 :  0.35844073135333171 , 0 020 : -0.17118996948524842 , 0 021 : -0.60421684831577205 , 0 022 :  0.96118078798110629 , 0 023 : -0.94284401225989867 , 
0 024 : -0.92461282570129855 , 0 025 :  0.81536664944857673 , 0 026 :  0.14104154898833557 , 0 027 :  0.31704550158094869 , 0 028 : -0.00245772116000658 , 0 029 : -0.10292827901566787 , 0 030 :  0.73456729470499205 , 0 031 : -0.59610263239410832 , 
0 032 :  0.94983496142077961 , 0 033 :  0.34435551396773917 , 0 034 :  0.46559092750101860 , 0 035 : -0.34967161964144167 , 0 036 :  0.30066475984671376 , 0 037 :  0.49968883837558742 , 0 038 :  0.06812015644652776 , 0 039 : -0.94790665244120487 , 
0 040 :  0.08794766901431031 , 0 041 :  0.16188998248516115 , 0 042 : -0.89354985854288094 , 0 043 : -0.49850642005843410 , 0 044 :  0.51868288988186184 , 0 045 :  0.29177653104615237 , 0 046 :  0.91488431483268939 , 0 047 : -0.12109041126495712 , 
0 048 :  0.35828594507569722 , 0 049 : -0.16517099187018860 , 0 050 : -0.40504063312198996 , 0 051 : -0.92230094406860930 , 0 052 :  0.48083094762676903 , 0 053 :  0.19015111596796247 , 0 054 :  0.26763956028392516 , 0 055 : -0.51169174840286924 , 
0 056 :  0.01046737842749217 , 0 057 : -0.02202206711378976 , 0 058 :  0.27862345952476536 , 0 059 :  0.12122071120944838 , 0 060 : -0.84107298815672893 , 0 061 :  0.01611476252605895 , 0 062 :  0.52386766556830500 , 0 063 :  0.52233585739617039 , 
0 064 :  0.67017438713003619 , 


