50x50 vs 0k

Team A: 
Overall:           all             as Black          as White     
                W    L    T       W    L    T       W    L    T  
size: 100
0,4          2906 1927  167    1383 1029   88    1523  898   79
2,6          2841 1991  168    1366 1050   84    1475  941   84
8,2          2816 2009  175    1433 1002   65    1383 1007  110
2,3          2771 2067  162    1268 1162   70    1503  905   92
1,9          2761 2066  173    1138 1270   92    1623  796   81
5,4          2734 2069  197    1195 1195  110    1539  874   87
0,1          2715 2123  162    1391 1021   88    1324 1102   74
1,6          2715 2106  179    1179 1221  100    1536  885   79
4,0          2710 2099  191    1456  960   84    1254 1139  107
9,8          2688 2168  144    1315 1116   69    1373 1052   75
7,0          2680 2143  177    1283 1129   88    1397 1014   89
2,8          2666 2168  166    1386 1018   96    1280 1150   70
4,4          2657 2145  198    1225 1177   98    1432  968  100
3,6          2656 2154  190    1455  956   89    1201 1198  101
1,4          2649 2156  195    1339 1058  103    1310 1098   92
3,0          2640 2114  246    1345 1044  111    1295 1070  135
0,0          2633 2185  182    1143 1252  105    1490  933   77
0,9          2621 2192  187    1169 1240   91    1452  952   96
3,7          2614 2201  185    1083 1315  102    1531  886   83
3,9          2599 2237  164    1237 1199   64    1362 1038  100
4,5          2598 2204  198    1265 1139   96    1333 1065  102
4,9          2587 2200  213    1461  942   97    1126 1258  116
0,2          2585 2214  201    1395 1014   91    1190 1200  110
7,8          2583 2242  175    1110 1296   94    1473  946   81
9,2          2581 2223  196    1219 1196   85    1362 1027  111
8,5          2577 2223  200    1372 1039   89    1205 1184  111
1,7          2571 2229  200    1126 1288   86    1445  941  114
5,8          2570 2230  200    1483  910  107    1087 1320   93
3,8          2554 2234  212    1255 1135  110    1299 1099  102
0,7          2543 2260  197    1271 1108  121    1272 1152   76
3,3          2539 2289  172    1310 1101   89    1229 1188   83
9,7          2519 2285  196    1220 1172  108    1299 1113   88
5,1          2516 2282  202    1339 1073   88    1177 1209  114
7,4          2512 2308  180    1238 1174   88    1274 1134   92
7,7          2486 2331  183    1308 1094   98    1178 1237   85
4,2          2482 2323  195    1050 1350  100    1432  973   95
3,5          2478 2313  209    1337 1063  100    1141 1250  109
0,6          2471 2338  191    1331 1083   86    1140 1255  105
0,8          2469 2330  201    1335 1064  101    1134 1266  100
8,3          2468 2335  197     938 1458  104    1530  877   93
6,1          2462 2341  197    1273 1133   94    1189 1208  103
5,0          2452 2356  192    1232 1164  104    1220 1192   88
8,0          2451 2357  192    1295 1110   95    1156 1247   97
4,1          2450 2348  202     931 1461  108    1519  887   94
6,6          2444 2359  197    1063 1334  103    1381 1025   94
7,9          2433 2375  192    1072 1318  110    1361 1057   82
9,4          2425 2390  185    1012 1407   81    1413  983  104
9,6          2415 2415  170    1239 1172   89    1176 1243   81
6,7          2413 2371  216    1115 1268  117    1298 1103   99
4,6          2395 2434  171    1143 1264   93    1252 1170   78
6,9          2390 2439  171    1283 1130   87    1107 1309   84
2,1          2369 2456  175    1183 1240   77    1186 1216   98
1,1          2360 2448  192    1201 1210   89    1159 1238  103
9,0          2360 2438  202    1063 1325  112    1297 1113   90
3,4          2358 2416  226    1105 1288  107    1253 1128  119
6,2          2357 2454  189    1514  896   90     843 1558   99
2,2          2351 2456  193    1140 1263   97    1211 1193   96
3,1          2335 2469  196    1162 1234  104    1173 1235   92
8,6          2327 2467  206    1265 1126  109    1062 1341   97
1,5          2325 2467  208    1073 1322  105    1252 1145  103
3,2          2321 2485  194    1097 1303  100    1224 1182   94
5,3          2318 2495  187    1495  902  103     823 1593   84
4,3          2316 2483  201    1118 1282  100    1198 1201  101
1,2          2309 2483  208    1000 1393  107    1309 1090  101
7,2          2302 2542  156    1235 1185   80    1067 1357   76
5,7          2300 2514  186    1030 1382   88    1270 1132   98
7,3          2297 2506  197    1111 1284  105    1186 1222   92
0,5          2294 2499  207    1187 1226   87    1107 1273  120
1,8          2283 2554  163     964 1464   72    1319 1090   91
8,7          2260 2531  209     961 1425  114    1299 1106   95
2,0          2250 2576  174    1137 1273   90    1113 1303   84
5,6          2250 2552  198    1022 1386   92    1228 1166  106
8,9          2229 2578  193    1072 1335   93    1157 1243  100
1,0          2216 2592  192     935 1470   95    1281 1122   97
6,8          2197 2589  214    1133 1262  105    1064 1327  109
5,5          2191 2632  177    1031 1374   95    1160 1258   82
5,9          2171 2640  189    1013 1391   96    1158 1249   93
7,6          2170 2639  191     904 1501   95    1266 1138   96
8,4          2154 2666  180     960 1447   93    1194 1219   87
2,5          2153 2640  207    1032 1375   93    1121 1265  114
6,5          2145 2664  191    1141 1273   86    1004 1391  105
7,5          2136 2679  185     893 1510   97    1243 1169   88
9,3          2132 2668  200     990 1415   95    1142 1253  105
9,9          2132 2707  161    1016 1401   83    1116 1306   78
1,3          2131 2683  186     836 1562  102    1295 1121   84
6,0          2110 2705  185     919 1492   89    1191 1213   96
2,4          2104 2695  201    1142 1251  107     962 1444   94
2,9          2100 2695  205     980 1411  109    1120 1284   96
4,7          2095 2713  192    1236 1171   93     859 1542   99
8,8          2090 2714  196    1056 1352   92    1034 1362  104
9,1          2084 2730  186     958 1457   85    1126 1273  101
0,3          2049 2726  225    1038 1339  123    1011 1387  102
5,2          2023 2767  210    1032 1367  101     991 1400  109
7,1          2005 2806  189     962 1441   97    1043 1365   92
6,3          2001 2813  186    1075 1342   83     926 1471  103
6,4          1961 2860  179     991 1422   87     970 1438   92
2,7          1956 2859  185     893 1527   80    1063 1332  105
8,1          1898 2895  207    1058 1345   97     840 1550  110
4,8          1802 2999  199     863 1533  104     939 1466   95
9,5          1782 3018  200     943 1457  100     839 1561  100
100


Team A Total Wins: 238350
Ties: 19089
50x50 vs 1k

Team A: 
Overall:           all             as Black          as White     
                W    L    T       W    L    T       W    L    T  
size: 100
1,9          3699 1149  152    2076  353   71    1623  796   81
5,4          3654 1204  142    2115  330   55    1539  874   87
0,4          3605 1248  147    2082  350   68    1523  898   79
4,1          3581 1265  154    2062  378   60    1519  887   94
8,3          3581 1262  157    2051  385   64    1530  877   93
3,7          3539 1315  146    2008  429   63    1531  886   83
1,6          3530 1316  154    1994  431   75    1536  885   79
6,6          3529 1335  136    2148  310   42    1381 1025   94
0,9          3515 1336  149    2063  384   53    1452  952   96
4,4          3506 1336  158    2074  368   58    1432  968  100
7,0          3493 1361  146    2096  347   57    1397 1014   89
0,0          3479 1363  158    1989  430   81    1490  933   77
2,3          3444 1390  166    1941  485   74    1503  905   92
9,4          3436 1396  168    2023  413   64    1413  983  104
2,6          3421 1439  140    1946  498   56    1475  941   84
1,7          3413 1416  171    1968  475   57    1445  941  114
7,9          3404 1457  139    2043  400   57    1361 1057   82
1,8          3402 1442  156    2083  352   65    1319 1090   91
4,5          3386 1458  156    2053  393   54    1333 1065  102
4,2          3383 1451  166    1951  478   71    1432  973   95
0,7          3379 1483  138    2107  331   62    1272 1152   76
7,6          3359 1481  160    2093  343   64    1266 1138   96
9,8          3354 1516  130    1981  464   55    1373 1052   75
1,4          3336 1514  150    2026  416   58    1310 1098   92
8,2          3324 1511  165    1941  504   55    1383 1007  110
1,2          3319 1505  176    2010  415   75    1309 1090  101
1,0          3312 1523  165    2031  401   68    1281 1122   97
5,0          3309 1541  150    2089  349   62    1220 1192   88
1,3          3303 1545  152    2008  424   68    1295 1121   84
4,6          3296 1556  148    2044  386   70    1252 1170   78
5,7          3294 1555  151    2024  423   53    1270 1132   98
1,5          3289 1546  165    2037  401   62    1252 1145  103
7,4          3289 1549  162    2015  415   70    1274 1134   92
8,7          3289 1537  174    1990  431   79    1299 1106   95
7,8          3286 1565  149    1813  619   68    1473  946   81
0,1          3267 1582  151    1943  480   77    1324 1102   74
8,4          3267 1586  147    2073  367   60    1194 1219   87
3,9          3260 1570  170    1898  532   70    1362 1038  100
3,5          3256 1574  170    2115  324   61    1141 1250  109
9,7          3253 1596  151    1954  483   63    1299 1113   88
9,2          3251 1570  179    1889  543   68    1362 1027  111
3,0          3245 1556  199    1950  486   64    1295 1070  135
7,7          3236 1625  139    2058  388   54    1178 1237   85
3,6          3232 1608  160    2031  410   59    1201 1198  101
5,6          3232 1600  168    2004  434   62    1228 1166  106
3,4          3231 1572  197    1978  444   78    1253 1128  119
2,8          3230 1624  146    1950  474   76    1280 1150   70
2,2          3228 1612  160    2017  419   64    1211 1193   96
6,1          3226 1613  161    2037  405   58    1189 1208  103
4,0          3225 1597  178    1971  458   71    1254 1139  107
2,9          3218 1624  158    2098  340   62    1120 1284   96
3,3          3218 1628  154    1989  440   71    1229 1188   83
6,7          3214 1620  166    1916  517   67    1298 1103   99
5,9          3211 1638  151    2053  389   58    1158 1249   93
8,5          3205 1616  179    2000  432   68    1205 1184  111
9,3          3194 1643  163    2052  390   58    1142 1253  105
3,8          3190 1628  182    1891  529   80    1299 1099  102
4,9          3189 1641  170    2063  383   54    1126 1258  116
5,5          3189 1661  150    2029  403   68    1160 1258   82
8,9          3185 1655  160    2028  412   60    1157 1243  100
1,1          3180 1646  174    2021  408   71    1159 1238  103
0,2          3179 1635  186    1989  435   76    1190 1200  110
3,1          3172 1678  150    1999  443   58    1173 1235   92
7,3          3170 1683  147    1984  461   55    1186 1222   92
9,9          3167 1678  155    2051  372   77    1116 1306   78
9,0          3157 1674  169    1860  561   79    1297 1113   90
9,6          3150 1713  137    1974  470   56    1176 1243   81
5,1          3143 1680  177    1966  471   63    1177 1209  114
6,9          3140 1708  152    2033  399   68    1107 1309   84
5,8          3129 1720  151    2042  400   58    1087 1320   93
0,6          3116 1706  178    1976  451   73    1140 1255  105
2,0          3116 1745  139    2003  442   55    1113 1303   84
8,0          3115 1718  167    1959  471   70    1156 1247   97
2,5          3111 1707  182    1990  442   68    1121 1265  114
6,8          3109 1729  162    2045  402   53    1064 1327  109
7,1          3104 1735  161    2061  370   69    1043 1365   92
0,5          3101 1711  188    1994  438   68    1107 1273  120
3,2          3100 1731  169    1876  549   75    1224 1182   94
2,7          3083 1752  165    2020  420   60    1063 1332  105
0,8          3077 1770  153    1943  504   53    1134 1266  100
8,8          3076 1756  168    2042  394   64    1034 1362  104
7,5          3074 1756  170    1831  587   82    1243 1169   88
8,6          3056 1788  156    1994  447   59    1062 1341   97
4,3          3055 1768  177    1857  567   76    1198 1201  101
9,1          3053 1777  170    1927  504   69    1126 1273  101
2,1          3048 1796  156    1862  580   58    1186 1216   98
6,0          3045 1808  147    1854  595   51    1191 1213   96
6,4          3024 1827  149    2054  389   57     970 1438   92
6,5          3024 1817  159    2020  426   54    1004 1391  105
0,3          3005 1845  150    1994  458   48    1011 1387  102
2,4          2975 1876  149    2013  432   55     962 1444   94
7,2          2969 1883  148    1902  526   72    1067 1357   76
6,3          2944 1882  174    2018  411   71     926 1471  103
4,8          2938 1901  161    1999  435   66     939 1466   95
9,5          2933 1901  166    2094  340   66     839 1561  100
5,2          2919 1916  165    1928  516   56     991 1400  109
5,3          2908 1955  137    2085  362   53     823 1593   84
4,7          2862 1981  157    2003  439   58     859 1542   99
6,2          2816 2025  159    1973  467   60     843 1558   99
8,1          2769 2049  182    1929  499   72     840 1550  110
100


Team A Total Wins: 322502
Ties: 15967

50x50 vs 2k

Team A: 
Overall:           all             as Black          as White     
                W    L    T       W    L    T       W    L    T  
size: 100
1,9          3733 1126  141    2110  330   60    1623  796   81
8,3          3671 1183  146    2141  306   53    1530  877   93
0,4          3658 1212  130    2135  314   51    1523  898   79
5,4          3646 1206  148    2107  332   61    1539  874   87
3,7          3636 1228  136    2105  342   53    1531  886   83
1,6          3626 1231  143    2090  346   64    1536  885   79
2,3          3615 1241  144    2112  336   52    1503  905   92
2,6          3589 1265  146    2114  324   62    1475  941   84
1,7          3561 1282  157    2116  341   43    1445  941  114
4,1          3561 1286  153    2042  399   59    1519  887   94
7,8          3561 1310  129    2088  364   48    1473  946   81
0,0          3545 1316  139    2055  383   62    1490  933   77
0,9          3540 1317  143    2088  365   47    1452  952   96
7,0          3535 1322  143    2138  308   54    1397 1014   89
9,8          3508 1372  120    2135  320   45    1373 1052   75
8,2          3498 1333  169    2115  326   59    1383 1007  110
3,9          3487 1360  153    2125  322   53    1362 1038  100
9,4          3486 1351  163    2073  368   59    1413  983  104
4,4          3471 1362  167    2039  394   67    1432  968  100
9,2          3470 1371  159    2108  344   48    1362 1027  111
4,2          3464 1380  156    2032  407   61    1432  973   95
9,7          3459 1398  143    2160  285   55    1299 1113   88
0,1          3458 1407  135    2134  305   61    1324 1102   74
7,9          3458 1412  130    2097  355   48    1361 1057   82
6,7          3454 1401  145    2156  298   46    1298 1103   99
6,6          3449 1412  139    2068  387   45    1381 1025   94
1,3          3434 1431  135    2139  310   51    1295 1121   84
3,0          3430 1387  183    2135  317   48    1295 1070  135
1,4          3417 1435  148    2107  337   56    1310 1098   92
1,8          3411 1442  147    2092  352   56    1319 1090   91
1,0          3409 1433  158    2128  311   61    1281 1122   97
8,7          3404 1442  154    2105  336   59    1299 1106   95
4,5          3400 1438  162    2067  373   60    1333 1065  102
5,7          3400 1452  148    2130  320   50    1270 1132   98
1,5          3386 1458  156    2134  313   53    1252 1145  103
9,0          3386 1457  157    2089  344   67    1297 1113   90
4,6          3385 1475  140    2133  305   62    1252 1170   78
1,2          3374 1457  169    2065  367   68    1309 1090  101
4,0          3374 1462  164    2120  323   57    1254 1139  107
7,4          3366 1490  144    2092  356   52    1274 1134   92
3,8          3355 1488  157    2056  389   55    1299 1099  102
7,5          3354 1510  136    2111  341   48    1243 1169   88
8,5          3352 1490  158    2147  306   47    1205 1184  111
3,3          3348 1509  143    2119  321   60    1229 1188   83
2,8          3342 1523  135    2062  373   65    1280 1150   70
7,6          3335 1515  150    2069  377   54    1266 1138   96
2,2          3330 1519  151    2119  326   55    1211 1193   96
3,2          3330 1531  139    2106  349   45    1224 1182   94
5,0          3327 1531  142    2107  339   54    1220 1192   88
5,6          3325 1521  154    2097  355   48    1228 1166  106
9,6          3314 1534  152    2138  291   71    1176 1243   81
3,6          3300 1535  165    2099  337   64    1201 1198  101
2,0          3298 1573  129    2185  270   45    1113 1303   84
0,7          3296 1562  142    2024  410   66    1272 1152   76
4,3          3286 1560  154    2088  359   53    1198 1201  101
0,8          3282 1580  138    2148  314   38    1134 1266  100
0,6          3280 1552  168    2140  297   63    1140 1255  105
0,2          3279 1543  178    2089  343   68    1190 1200  110
1,1          3270 1566  164    2111  328   61    1159 1238  103
7,3          3270 1574  156    2084  352   64    1186 1222   92
8,4          3269 1588  143    2075  369   56    1194 1219   87
3,4          3268 1551  181    2015  423   62    1253 1128  119
5,5          3268 1595  137    2108  337   55    1160 1258   82
6,0          3263 1593  144    2072  380   48    1191 1213   96
3,5          3260 1574  166    2119  324   57    1141 1250  109
3,1          3257 1596  147    2084  361   55    1173 1235   92
8,0          3253 1583  164    2097  336   67    1156 1247   97
0,5          3250 1577  173    2143  304   53    1107 1273  120
2,5          3245 1592  163    2124  327   49    1121 1265  114
2,9          3237 1618  145    2117  334   49    1120 1284   96
4,9          3236 1594  170    2110  336   54    1126 1258  116
9,3          3234 1598  168    2092  345   63    1142 1253  105
2,1          3230 1605  165    2044  389   67    1186 1216   98
8,9          3226 1608  166    2069  365   66    1157 1243  100
6,1          3223 1621  156    2034  413   53    1189 1208  103
5,1          3215 1628  157    2038  419   43    1177 1209  114
8,6          3213 1646  141    2151  305   44    1062 1341   97
6,8          3208 1637  155    2144  310   46    1064 1327  109
5,8          3207 1639  154    2120  319   61    1087 1320   93
7,7          3200 1656  144    2022  419   59    1178 1237   85
9,1          3200 1628  172    2074  355   71    1126 1273  101
2,7          3181 1664  155    2118  332   50    1063 1332  105
6,9          3172 1686  142    2065  377   58    1107 1309   84
7,2          3159 1711  130    2092  354   54    1067 1357   76
9,9          3149 1714  137    2033  408   59    1116 1306   78
6,5          3147 1703  150    2143  312   45    1004 1391  105
7,1          3137 1713  150    2094  348   58    1043 1365   92
5,9          3133 1713  154    1975  464   61    1158 1249   93
6,4          3108 1739  153    2138  301   61     970 1438   92
2,4          3089 1764  147    2127  320   53     962 1444   94
0,3          3078 1745  177    2067  358   75    1011 1387  102
5,2          3075 1755  170    2084  355   61     991 1400  109
4,8          3072 1783  145    2133  317   50     939 1466   95
8,8          3066 1762  172    2032  400   68    1034 1362  104
6,3          3049 1794  157    2123  323   54     926 1471  103
4,7          3010 1832  158    2151  290   59     859 1542   99
9,5          2993 1856  151    2154  295   51     839 1561  100
6,2          2914 1920  166    2071  362   67     843 1558   99
8,1          2890 1944  166    2050  394   56     840 1550  110
5,3          2886 1990  124    2063  397   40     823 1593   84
100


Team A Total Wins: 332258
Ties: 15168

50x50 vs 3k

Team A: 
Overall:           all             as Black          as White     
                W    L    T       W    L    T       W    L    T  
size: 100
1,9          3795 1070  135    2172  274   54    1623  796   81
4,1          3678 1171  151    2159  284   57    1519  887   94
5,4          3672 1190  138    2133  316   51    1539  874   87
3,7          3625 1221  154    2094  335   71    1531  886   83
8,3          3620 1226  154    2090  349   61    1530  877   93
0,4          3608 1246  146    2085  348   67    1523  898   79
0,9          3575 1267  158    2123  315   62    1452  952   96
0,0          3569 1288  143    2079  355   66    1490  933   77
4,2          3567 1265  168    2135  292   73    1432  973   95
7,8          3567 1285  148    2094  339   67    1473  946   81
1,6          3566 1281  153    2030  396   74    1536  885   79
3,9          3536 1304  160    2174  266   60    1362 1038  100
7,0          3536 1309  155    2139  295   66    1397 1014   89
9,4          3535 1300  165    2122  317   61    1413  983  104
2,3          3533 1303  164    2030  398   72    1503  905   92
9,8          3531 1343  126    2158  291   51    1373 1052   75
1,7          3525 1316  159    2080  375   45    1445  941  114
2,6          3522 1323  155    2047  382   71    1475  941   84
6,6          3509 1349  142    2128  324   48    1381 1025   94
4,4          3483 1342  175    2051  374   75    1432  968  100
7,9          3482 1381  137    2121  324   55    1361 1057   82
3,8          3463 1369  168    2164  270   66    1299 1099  102
4,5          3461 1387  152    2128  322   50    1333 1065  102
1,2          3457 1370  173    2148  280   72    1309 1090  101
0,1          3453 1419  128    2129  317   54    1324 1102   74
3,0          3453 1347  200    2158  277   65    1295 1070  135
9,0          3447 1404  149    2150  291   59    1297 1113   90
8,7          3437 1399  164    2138  293   69    1299 1106   95
8,2          3435 1398  167    2052  391   57    1383 1007  110
9,2          3420 1409  171    2058  382   60    1362 1027  111
5,7          3408 1429  163    2138  297   65    1270 1132   98
6,7          3408 1412  180    2110  309   81    1298 1103   99
4,0          3402 1443  155    2148  304   48    1254 1139  107
9,7          3401 1449  150    2102  336   62    1299 1113   88
1,0          3392 1444  164    2111  322   67    1281 1122   97
2,8          3390 1471  139    2110  321   69    1280 1150   70
7,6          3384 1471  145    2118  333   49    1266 1138   96
1,8          3379 1465  156    2060  375   65    1319 1090   91
0,7          3374 1489  137    2102  337   61    1272 1152   76
5,0          3347 1511  142    2127  319   54    1220 1192   88
1,3          3341 1513  146    2046  392   62    1295 1121   84
4,6          3337 1529  134    2085  359   56    1252 1170   78
2,2          3333 1510  157    2122  317   61    1211 1193   96
4,3          3326 1514  160    2128  313   59    1198 1201  101
5,6          3326 1496  178    2098  330   72    1228 1166  106
1,4          3324 1505  171    2014  407   79    1310 1098   92
3,6          3323 1503  174    2122  305   73    1201 1198  101
1,5          3317 1518  165    2065  373   62    1252 1145  103
8,9          3308 1538  154    2151  295   54    1157 1243  100
3,3          3300 1547  153    2071  359   70    1229 1188   83
5,9          3296 1544  160    2138  295   67    1158 1249   93
6,0          3294 1549  157    2103  336   61    1191 1213   96
7,5          3293 1552  155    2050  383   67    1243 1169   88
9,6          3292 1560  148    2116  317   67    1176 1243   81
8,5          3290 1529  181    2085  345   70    1205 1184  111
8,4          3289 1567  144    2095  348   57    1194 1219   87
7,4          3288 1561  151    2014  427   59    1274 1134   92
3,1          3287 1561  152    2114  326   60    1173 1235   92
3,4          3283 1531  186    2030  403   67    1253 1128  119
6,1          3283 1556  161    2094  348   58    1189 1208  103
7,3          3280 1573  147    2094  351   55    1186 1222   92
7,7          3280 1581  139    2102  344   54    1178 1237   85
3,2          3279 1564  157    2055  382   63    1224 1182   94
2,1          3277 1555  168    2091  339   70    1186 1216   98
5,1          3274 1544  182    2097  335   68    1177 1209  114
2,0          3263 1609  128    2150  306   44    1113 1303   84
2,9          3259 1584  157    2139  300   61    1120 1284   96
9,9          3259 1628  113    2143  322   35    1116 1306   78
3,5          3258 1568  174    2117  318   65    1141 1250  109
0,8          3248 1592  160    2114  326   60    1134 1266  100
9,3          3245 1585  170    2103  332   65    1142 1253  105
1,1          3242 1600  158    2083  362   55    1159 1238  103
0,2          3238 1581  181    2048  381   71    1190 1200  110
8,0          3235 1600  165    2079  353   68    1156 1247   97
0,6          3231 1601  168    2091  346   63    1140 1255  105
5,5          3230 1629  141    2070  371   59    1160 1258   82
6,9          3222 1630  148    2115  321   64    1107 1309   84
4,9          3216 1598  186    2090  340   70    1126 1258  116
5,8          3216 1637  147    2129  317   54    1087 1320   93
9,1          3213 1621  166    2087  348   65    1126 1273  101
8,6          3198 1648  154    2136  307   57    1062 1341   97
2,5          3183 1626  191    2062  361   77    1121 1265  114
6,8          3167 1653  180    2103  326   71    1064 1327  109
8,8          3167 1674  159    2133  312   55    1034 1362  104
7,2          3158 1700  142    2091  343   66    1067 1357   76
7,1          3138 1706  156    2095  341   64    1043 1365   92
0,5          3108 1713  179    2001  440   59    1107 1273  120
2,7          3105 1728  167    2042  396   62    1063 1332  105
0,3          3100 1730  170    2089  343   68    1011 1387  102
6,5          3100 1734  166    2096  343   61    1004 1391  105
5,2          3089 1747  164    2098  347   55     991 1400  109
4,8          3069 1766  165    2130  300   70     939 1466   95
6,4          3058 1787  155    2088  349   63     970 1438   92
2,4          3015 1821  164    2053  377   70     962 1444   94
4,7          3009 1834  157    2150  292   58     859 1542   99
6,3          3006 1831  163    2080  360   60     926 1471  103
6,2          2985 1861  154    2142  303   55     843 1558   99
9,5          2970 1864  166    2131  303   66     839 1561  100
8,1          2938 1896  166    2098  346   56     840 1550  110
5,3          2928 1932  140    2105  339   56     823 1593   84
100


Team A Total Wins: 332531
Ties: 15789

50x50 vs 4k

Team A: 
Overall:           all             as Black          as White     
                W    L    T       W    L    T       W    L    T  
size: 100
1,9          3719 1138  143    2096  342   62    1623  796   81
5,4          3677 1180  143    2138  306   56    1539  874   87
3,7          3675 1186  139    2144  300   56    1531  886   83
0,4          3661 1211  128    2138  313   49    1523  898   79
4,1          3646 1185  169    2127  298   75    1519  887   94
8,3          3640 1204  156    2110  327   63    1530  877   93
1,6          3639 1225  136    2103  340   57    1536  885   79
2,3          3636 1215  149    2133  310   57    1503  905   92
7,8          3628 1248  124    2155  302   43    1473  946   81
0,0          3596 1267  137    2106  334   60    1490  933   77
4,4          3577 1276  147    2145  308   47    1432  968  100
1,7          3568 1253  179    2123  312   65    1445  941  114
0,9          3560 1281  159    2108  329   63    1452  952   96
4,2          3548 1307  145    2116  334   50    1432  973   95
9,4          3547 1298  155    2134  315   51    1413  983  104
2,6          3528 1324  148    2053  383   64    1475  941   84
7,0          3524 1320  156    2127  306   67    1397 1014   89
8,2          3520 1312  168    2137  305   58    1383 1007  110
6,6          3495 1356  149    2114  331   55    1381 1025   94
7,9          3480 1371  149    2119  314   67    1361 1057   82
1,8          3473 1378  149    2154  288   58    1319 1090   91
3,9          3469 1369  162    2107  331   62    1362 1038  100
9,2          3469 1349  182    2107  322   71    1362 1027  111
4,5          3464 1380  156    2131  315   54    1333 1065  102
9,8          3458 1401  141    2085  349   66    1373 1052   75
1,4          3453 1404  143    2143  306   51    1310 1098   92
8,7          3444 1401  155    2145  295   60    1299 1106   95
9,0          3442 1430  128    2145  317   38    1297 1113   90
0,1          3436 1427  137    2112  325   63    1324 1102   74
3,8          3435 1411  154    2136  312   52    1299 1099  102
9,7          3431 1427  142    2132  314   54    1299 1113   88
0,7          3427 1434  139    2155  282   63    1272 1152   76
5,7          3426 1429  145    2156  297   47    1270 1132   98
1,2          3418 1427  155    2109  337   54    1309 1090  101
3,0          3418 1391  191    2123  321   56    1295 1070  135
1,3          3417 1447  136    2122  326   52    1295 1121   84
6,7          3413 1421  166    2115  318   67    1298 1103   99
7,4          3409 1445  146    2135  311   54    1274 1134   92
3,3          3403 1469  128    2174  281   45    1229 1188   83
3,4          3402 1408  190    2149  280   71    1253 1128  119
1,5          3401 1432  167    2149  287   64    1252 1145  103
3,2          3396 1466  138    2172  284   44    1224 1182   94
4,0          3381 1460  159    2127  321   52    1254 1139  107
1,0          3379 1471  150    2098  349   53    1281 1122   97
2,8          3372 1488  140    2092  338   70    1280 1150   70
5,0          3365 1491  144    2145  299   56    1220 1192   88
7,6          3365 1469  166    2099  331   70    1266 1138   96
2,2          3357 1488  155    2146  295   59    1211 1193   96
5,6          3350 1476  174    2122  310   68    1228 1166  106
5,1          3348 1472  180    2171  263   66    1177 1209  114
7,5          3346 1509  145    2103  340   57    1243 1169   88
4,6          3345 1499  156    2093  329   78    1252 1170   78
8,4          3339 1513  148    2145  294   61    1194 1219   87
6,1          3337 1495  168    2148  287   65    1189 1208  103
7,3          3327 1533  140    2141  311   48    1186 1222   92
0,2          3320 1515  165    2130  315   55    1190 1200  110
5,9          3320 1521  159    2162  272   66    1158 1249   93
4,3          3316 1519  165    2118  318   64    1198 1201  101
9,6          3316 1547  137    2140  304   56    1176 1243   81
2,1          3310 1537  153    2124  321   55    1186 1216   98
8,5          3308 1515  177    2103  331   66    1205 1184  111
3,6          3303 1537  160    2102  339   59    1201 1198  101
7,7          3302 1555  143    2124  318   58    1178 1237   85
1,1          3293 1557  150    2134  319   47    1159 1238  103
0,6          3291 1552  157    2151  297   52    1140 1255  105
3,1          3291 1564  145    2118  329   53    1173 1235   92
3,5          3285 1557  158    2144  307   49    1141 1250  109
2,0          3283 1588  129    2170  285   45    1113 1303   84
6,0          3282 1564  154    2091  351   58    1191 1213   96
9,1          3282 1565  153    2156  292   52    1126 1273  101
8,9          3276 1559  165    2119  316   65    1157 1243  100
5,5          3270 1597  133    2110  339   51    1160 1258   82
8,0          3265 1572  163    2109  325   66    1156 1247   97
9,3          3255 1574  171    2113  321   66    1142 1253  105
0,8          3241 1608  151    2107  342   51    1134 1266  100
5,8          3236 1617  147    2149  297   54    1087 1320   93
8,8          3236 1607  157    2202  245   53    1034 1362  104
6,9          3231 1623  146    2124  314   62    1107 1309   84
4,9          3230 1586  184    2104  328   68    1126 1258  116
2,5          3225 1609  166    2104  344   52    1121 1265  114
2,9          3223 1624  153    2103  340   57    1120 1284   96
6,8          3214 1627  159    2150  300   50    1064 1327  109
9,9          3212 1621  167    2096  315   89    1116 1306   78
0,5          3211 1612  177    2104  339   57    1107 1273  120
7,2          3185 1676  139    2118  319   63    1067 1357   76
8,6          3183 1656  161    2121  315   64    1062 1341   97
5,2          3178 1669  153    2187  269   44     991 1400  109
2,7          3174 1671  155    2111  339   50    1063 1332  105
0,3          3172 1675  153    2161  288   51    1011 1387  102
6,5          3169 1679  152    2165  288   47    1004 1391  105
7,1          3158 1700  142    2115  335   50    1043 1365   92
6,4          3143 1710  147    2173  272   55     970 1438   92
2,4          3101 1753  146    2139  309   52     962 1444   94
4,8          3088 1757  155    2149  291   60     939 1466   95
6,3          3080 1765  155    2154  294   52     926 1471  103
6,2          3020 1832  148    2177  274   49     843 1558   99
4,7          2968 1875  157    2109  333   58     859 1542   99
5,3          2959 1898  143    2136  305   59     823 1593   84
8,1          2948 1884  168    2108  334   58     840 1550  110
9,5          2948 1886  166    2109  325   66     839 1561  100
100


Team A Total Wins: 335280
Ties: 15338

50x50 vs 5k

Team A: 
Overall:           all             as Black          as White     
                W    L    T       W    L    T       W    L    T  
size: 100
1,9          3723 1139  138    2100  343   57    1623  796   81
4,1          3701 1156  143    2182  269   49    1519  887   94
8,3          3688 1165  147    2158  288   54    1530  877   93
1,6          3678 1197  125    2142  312   46    1536  885   79
0,4          3663 1197  140    2140  299   61    1523  898   79
2,3          3639 1218  143    2136  313   51    1503  905   92
7,8          3634 1235  131    2161  289   50    1473  946   81
5,4          3633 1226  141    2094  352   54    1539  874   87
3,7          3623 1230  147    2092  344   64    1531  886   83
0,9          3610 1240  150    2158  288   54    1452  952   96
1,7          3603 1223  174    2158  282   60    1445  941  114
4,2          3590 1259  151    2158  286   56    1432  973   95
2,6          3572 1285  143    2097  344   59    1475  941   84
9,4          3569 1267  164    2156  284   60    1413  983  104
4,4          3566 1263  171    2134  295   71    1432  968  100
9,8          3549 1327  124    2176  275   49    1373 1052   75
0,0          3540 1327  133    2050  394   56    1490  933   77
9,2          3533 1298  169    2171  271   58    1362 1027  111
6,6          3527 1316  157    2146  291   63    1381 1025   94
7,0          3523 1337  140    2126  323   51    1397 1014   89
3,9          3511 1335  154    2149  297   54    1362 1038  100
8,2          3509 1327  164    2126  320   54    1383 1007  110
0,1          3492 1369  139    2168  267   65    1324 1102   74
7,9          3491 1370  139    2130  313   57    1361 1057   82
8,7          3476 1370  154    2177  264   59    1299 1106   95
1,8          3469 1385  146    2150  295   55    1319 1090   91
3,0          3456 1355  189    2161  285   54    1295 1070  135
1,2          3445 1389  166    2136  299   65    1309 1090  101
3,4          3441 1398  161    2188  270   42    1253 1128  119
7,4          3438 1412  150    2164  278   58    1274 1134   92
2,8          3436 1422  142    2156  272   72    1280 1150   70
9,7          3435 1419  146    2136  306   58    1299 1113   88
1,3          3428 1441  131    2133  320   47    1295 1121   84
4,0          3425 1417  158    2171  278   51    1254 1139  107
6,7          3418 1432  150    2120  329   51    1298 1103   99
3,3          3411 1465  124    2182  277   41    1229 1188   83
1,4          3410 1436  154    2100  338   62    1310 1098   92
5,7          3407 1446  147    2137  314   49    1270 1132   98
0,7          3406 1462  132    2134  310   56    1272 1152   76
7,5          3406 1455  139    2163  286   51    1243 1169   88
9,0          3406 1454  140    2109  341   50    1297 1113   90
4,6          3405 1455  140    2153  285   62    1252 1170   78
3,2          3401 1452  147    2177  270   53    1224 1182   94
1,0          3400 1441  159    2119  319   62    1281 1122   97
4,5          3397 1434  169    2064  369   67    1333 1065  102
5,0          3394 1464  142    2174  272   54    1220 1192   88
1,5          3382 1458  160    2130  313   57    1252 1145  103
6,0          3381 1472  147    2190  259   51    1191 1213   96
8,4          3372 1483  145    2178  264   58    1194 1219   87
8,5          3372 1458  170    2167  274   59    1205 1184  111
6,1          3369 1474  157    2180  266   54    1189 1208  103
7,3          3361 1495  144    2175  273   52    1186 1222   92
9,6          3348 1520  132    2172  277   51    1176 1243   81
3,8          3346 1484  170    2047  385   68    1299 1099  102
7,7          3346 1520  134    2168  283   49    1178 1237   85
7,6          3341 1509  150    2075  371   54    1266 1138   96
3,1          3340 1521  139    2167  286   47    1173 1235   92
2,2          3334 1514  152    2123  321   56    1211 1193   96
0,2          3333 1497  170    2143  297   60    1190 1200  110
5,1          3331 1485  184    2154  276   70    1177 1209  114
3,6          3327 1515  158    2126  317   57    1201 1198  101
2,9          3321 1517  162    2201  233   66    1120 1284   96
4,3          3313 1534  153    2115  333   52    1198 1201  101
8,9          3313 1535  152    2156  292   52    1157 1243  100
5,6          3305 1525  170    2077  359   64    1228 1166  106
0,6          3297 1542  161    2157  287   56    1140 1255  105
1,1          3294 1551  155    2135  313   52    1159 1238  103
0,8          3292 1546  162    2158  280   62    1134 1266  100
8,0          3288 1550  162    2132  303   65    1156 1247   97
0,5          3284 1556  160    2177  283   40    1107 1273  120
3,5          3282 1561  157    2141  311   48    1141 1250  109
2,1          3280 1559  161    2094  343   63    1186 1216   98
5,5          3279 1586  135    2119  328   53    1160 1258   82
9,3          3269 1567  164    2127  314   59    1142 1253  105
2,5          3262 1578  160    2141  313   46    1121 1265  114
5,9          3260 1600  140    2102  351   47    1158 1249   93
9,9          3253 1620  127    2137  314   49    1116 1306   78
9,1          3244 1595  161    2118  322   60    1126 1273  101
6,9          3242 1617  141    2135  308   57    1107 1309   84
2,0          3240 1615  145    2127  312   61    1113 1303   84
8,6          3234 1625  141    2172  284   44    1062 1341   97
7,1          3227 1628  145    2184  263   53    1043 1365   92
5,8          3222 1620  158    2135  300   65    1087 1320   93
7,2          3211 1648  141    2144  291   65    1067 1357   76
4,9          3205 1628  167    2079  370   51    1126 1258  116
2,7          3183 1656  161    2120  324   56    1063 1332  105
6,8          3169 1666  165    2105  339   56    1064 1327  109
5,2          3155 1672  173    2164  272   64     991 1400  109
8,8          3154 1676  170    2120  314   66    1034 1362  104
0,3          3148 1704  148    2137  317   46    1011 1387  102
4,8          3115 1739  146    2176  273   51     939 1466   95
6,5          3107 1723  170    2103  332   65    1004 1391  105
2,4          3095 1753  152    2133  309   58     962 1444   94
6,3          3083 1758  159    2157  287   56     926 1471  103
6,4          3039 1808  153    2069  370   61     970 1438   92
6,2          2995 1851  154    2152  293   55     843 1558   99
8,1          2991 1851  158    2151  301   48     840 1550  110
9,5          2965 1881  154    2126  320   54     839 1561  100
4,7          2953 1879  168    2094  337   69     859 1542   99
5,3          2941 1920  139    2118  327   55     823 1593   84
100


Team A Total Wins: 336270
Ties: 15175

50x50 vs 6k

Team A: 
Overall:           all             as Black          as White     
                W    L    T       W    L    T       W    L    T  
size: 100
1,9          3793 1065  142    2170  269   61    1623  796   81
3,7          3694 1171  135    2163  285   52    1531  886   83
5,4          3681 1161  158    2142  287   71    1539  874   87
1,6          3673 1199  128    2137  314   49    1536  885   79
4,1          3672 1179  149    2153  292   55    1519  887   94
0,4          3669 1184  147    2146  286   68    1523  898   79
8,3          3641 1193  166    2111  316   73    1530  877   93
7,8          3629 1220  151    2156  274   70    1473  946   81
0,0          3626 1239  135    2136  306   58    1490  933   77
2,3          3618 1222  160    2115  317   68    1503  905   92
2,6          3606 1245  149    2131  304   65    1475  941   84
0,9          3601 1252  147    2149  300   51    1452  952   96
4,2          3594 1241  165    2162  268   70    1432  973   95
4,4          3589 1248  163    2157  280   63    1432  968  100
1,7          3569 1260  171    2124  319   57    1445  941  114
6,6          3554 1286  160    2173  261   66    1381 1025   94
8,2          3546 1270  184    2163  263   74    1383 1007  110
7,0          3543 1320  137    2146  306   48    1397 1014   89
9,2          3530 1310  160    2168  283   49    1362 1027  111
4,5          3523 1318  159    2190  253   57    1333 1065  102
9,4          3512 1300  188    2099  317   84    1413  983  104
7,9          3493 1360  147    2132  303   65    1361 1057   82
0,1          3475 1384  141    2151  282   67    1324 1102   74
9,7          3475 1384  141    2176  271   53    1299 1113   88
9,8          3473 1389  138    2100  337   63    1373 1052   75
8,7          3470 1376  154    2171  270   59    1299 1106   95
1,8          3469 1394  137    2150  304   46    1319 1090   91
3,9          3468 1373  159    2106  335   59    1362 1038  100
9,0          3466 1383  151    2169  270   61    1297 1113   90
3,0          3461 1343  196    2166  273   61    1295 1070  135
1,0          3455 1387  158    2174  265   61    1281 1122   97
6,7          3451 1400  149    2153  297   50    1298 1103   99
5,7          3450 1392  158    2180  260   60    1270 1132   98
2,8          3448 1431  121    2168  281   51    1280 1150   70
3,8          3447 1387  166    2148  288   64    1299 1099  102
7,4          3447 1394  159    2173  260   67    1274 1134   92
1,4          3432 1406  162    2122  308   70    1310 1098   92
1,3          3428 1420  152    2133  299   68    1295 1121   84
7,5          3415 1424  161    2172  255   73    1243 1169   88
1,2          3412 1405  183    2103  315   82    1309 1090  101
7,6          3405 1432  163    2139  294   67    1266 1138   96
1,5          3394 1436  170    2142  291   67    1252 1145  103
4,6          3394 1461  145    2142  291   67    1252 1170   78
4,3          3386 1456  158    2188  255   57    1198 1201  101
4,0          3381 1454  165    2127  315   58    1254 1139  107
5,6          3378 1453  169    2150  287   63    1228 1166  106
0,7          3370 1487  143    2098  335   67    1272 1152   76
3,2          3369 1469  162    2145  287   68    1224 1182   94
2,2          3367 1467  166    2156  274   70    1211 1193   96
3,4          3366 1460  174    2113  332   55    1253 1128  119
3,6          3359 1472  169    2158  274   68    1201 1198  101
5,0          3358 1489  153    2138  297   65    1220 1192   88
8,4          3357 1490  153    2163  271   66    1194 1219   87
3,3          3348 1499  153    2119  311   70    1229 1188   83
7,3          3348 1505  147    2162  283   55    1186 1222   92
0,2          3343 1490  167    2153  290   57    1190 1200  110
9,6          3343 1516  141    2167  273   60    1176 1243   81
6,0          3341 1509  150    2150  296   54    1191 1213   96
5,1          3340 1484  176    2163  275   62    1177 1209  114
3,1          3339 1514  147    2166  279   55    1173 1235   92
2,1          3333 1503  164    2147  287   66    1186 1216   98
5,5          3331 1531  138    2171  273   56    1160 1258   82
6,1          3330 1509  161    2141  301   58    1189 1208  103
3,5          3319 1513  168    2178  263   59    1141 1250  109
8,0          3310 1518  172    2154  271   75    1156 1247   97
1,1          3306 1529  165    2147  291   62    1159 1238  103
8,9          3305 1531  164    2148  288   64    1157 1243  100
0,6          3302 1545  153    2162  290   48    1140 1255  105
7,7          3296 1561  143    2118  324   58    1178 1237   85
9,1          3294 1552  154    2168  279   53    1126 1273  101
4,9          3286 1532  182    2160  274   66    1126 1258  116
8,5          3285 1530  185    2080  346   74    1205 1184  111
0,5          3272 1558  170    2165  285   50    1107 1273  120
2,9          3269 1567  164    2149  283   68    1120 1284   96
2,5          3264 1552  184    2143  287   70    1121 1265  114
5,9          3262 1576  162    2104  327   69    1158 1249   93
9,9          3259 1603  138    2143  297   60    1116 1306   78
6,9          3256 1604  140    2149  295   56    1107 1309   84
2,0          3252 1597  151    2139  294   67    1113 1303   84
0,8          3243 1599  158    2109  333   58    1134 1266  100
5,8          3241 1611  148    2154  291   55    1087 1320   93
2,7          3220 1606  174    2157  274   69    1063 1332  105
9,3          3220 1598  182    2078  345   77    1142 1253  105
7,2          3216 1659  125    2149  302   49    1067 1357   76
7,1          3201 1654  145    2158  289   53    1043 1365   92
8,8          3191 1639  170    2157  277   66    1034 1362  104
6,8          3177 1653  170    2113  326   61    1064 1327  109
8,6          3165 1670  165    2103  329   68    1062 1341   97
0,3          3148 1687  165    2137  300   63    1011 1387  102
5,2          3145 1691  164    2154  291   55     991 1400  109
6,5          3141 1692  167    2137  301   62    1004 1391  105
6,4          3121 1724  155    2151  286   63     970 1438   92
4,8          3092 1743  165    2153  277   70     939 1466   95
2,4          3069 1770  161    2107  326   67     962 1444   94
6,3          3067 1777  156    2141  306   53     926 1471  103
4,7          3036 1810  154    2177  268   55     859 1542   99
9,5          3007 1837  156    2168  276   56     839 1561  100
8,1          2993 1841  166    2153  291   56     840 1550  110
6,2          2988 1844  168    2145  286   69     843 1558   99
5,3          2959 1895  146    2136  302   62     823 1593   84
100


Team A Total Wins: 336955
Ties: 15776

50x50 vs 7k

Team A: 
Overall:           all             as Black          as White     
                W    L    T       W    L    T       W    L    T  
size: 100
1,9          3746 1110  144    2123  314   63    1623  796   81
1,6          3686 1176  138    2150  291   59    1536  885   79
5,4          3667 1194  139    2128  320   52    1539  874   87
3,7          3659 1198  143    2128  312   60    1531  886   83
2,3          3646 1201  153    2143  296   61    1503  905   92
8,3          3638 1212  150    2108  335   57    1530  877   93
0,4          3635 1222  143    2112  324   64    1523  898   79
4,1          3622 1206  172    2103  319   78    1519  887   94
0,0          3601 1271  128    2111  338   51    1490  933   77
1,7          3600 1243  157    2155  302   43    1445  941  114
2,6          3587 1271  142    2112  330   58    1475  941   84
7,8          3560 1296  144    2087  350   63    1473  946   81
0,9          3541 1300  159    2089  348   63    1452  952   96
4,4          3538 1290  172    2106  322   72    1432  968  100
4,2          3527 1302  171    2095  329   76    1432  973   95
9,8          3515 1345  140    2142  293   65    1373 1052   75
9,4          3507 1331  162    2094  348   58    1413  983  104
3,9          3505 1326  169    2143  288   69    1362 1038  100
7,0          3501 1344  155    2104  330   66    1397 1014   89
9,2          3501 1332  167    2139  305   56    1362 1027  111
6,6          3483 1345  172    2102  320   78    1381 1025   94
8,2          3475 1348  177    2092  341   67    1383 1007  110
7,9          3464 1370  166    2103  313   84    1361 1057   82
0,1          3452 1409  139    2128  307   65    1324 1102   74
1,2          3448 1395  157    2139  305   56    1309 1090  101
9,7          3445 1413  142    2146  300   54    1299 1113   88
1,4          3436 1426  138    2126  328   46    1310 1098   92
1,8          3436 1406  158    2117  316   67    1319 1090   91
8,7          3432 1415  153    2133  309   58    1299 1106   95
1,3          3425 1440  135    2130  319   51    1295 1121   84
4,5          3422 1399  179    2089  334   77    1333 1065  102
1,0          3419 1434  147    2138  312   50    1281 1122   97
3,4          3412 1411  177    2159  283   58    1253 1128  119
3,0          3407 1393  200    2112  323   65    1295 1070  135
3,8          3402 1418  180    2103  319   78    1299 1099  102
9,0          3402 1448  150    2105  335   60    1297 1113   90
6,7          3399 1421  180    2101  318   81    1298 1103   99
7,5          3396 1458  146    2153  289   58    1243 1169   88
0,7          3393 1481  126    2121  329   50    1272 1152   76
7,6          3390 1443  167    2124  305   71    1266 1138   96
3,3          3384 1469  147    2155  281   64    1229 1188   83
7,4          3384 1465  151    2110  331   59    1274 1134   92
2,8          3381 1479  140    2101  329   70    1280 1150   70
1,5          3370 1459  171    2118  314   68    1252 1145  103
3,2          3367 1483  150    2143  301   56    1224 1182   94
4,6          3367 1492  141    2115  322   63    1252 1170   78
5,7          3363 1472  165    2093  340   67    1270 1132   98
4,3          3359 1475  166    2161  274   65    1198 1201  101
5,6          3352 1485  163    2124  319   57    1228 1166  106
4,0          3350 1476  174    2096  337   67    1254 1139  107
8,5          3348 1475  177    2143  291   66    1205 1184  111
6,1          3341 1500  159    2152  292   56    1189 1208  103
2,2          3339 1504  157    2128  311   61    1211 1193   96
3,1          3330 1517  153    2157  282   61    1173 1235   92
5,0          3329 1530  141    2109  338   53    1220 1192   88
2,1          3322 1527  151    2136  311   53    1186 1216   98
7,7          3319 1534  147    2141  297   62    1178 1237   85
0,2          3312 1508  180    2122  308   70    1190 1200  110
3,6          3312 1515  173    2111  317   72    1201 1198  101
7,3          3309 1533  158    2123  311   66    1186 1222   92
8,4          3307 1546  147    2113  327   60    1194 1219   87
5,5          3306 1539  155    2146  281   73    1160 1258   82
5,1          3304 1515  181    2127  306   67    1177 1209  114
9,6          3303 1554  143    2127  311   62    1176 1243   81
2,9          3291 1556  153    2171  272   57    1120 1284   96
3,5          3281 1546  173    2140  296   64    1141 1250  109
8,0          3280 1551  169    2124  304   72    1156 1247   97
0,8          3273 1582  145    2139  316   45    1134 1266  100
8,9          3272 1568  160    2115  325   60    1157 1243  100
6,0          3271 1570  159    2080  357   63    1191 1213   96
0,6          3270 1567  163    2130  312   58    1140 1255  105
9,3          3267 1562  171    2125  309   66    1142 1253  105
1,1          3262 1581  157    2103  343   54    1159 1238  103
5,9          3262 1590  148    2104  341   55    1158 1249   93
4,9          3261 1552  187    2135  294   71    1126 1258  116
2,5          3246 1583  171    2125  318   57    1121 1265  114
9,1          3226 1614  160    2100  341   59    1126 1273  101
5,8          3223 1614  163    2136  294   70    1087 1320   93
9,9          3222 1626  152    2106  320   74    1116 1306   78
0,5          3220 1592  188    2113  319   68    1107 1273  120
2,0          3220 1632  148    2107  329   64    1113 1303   84
6,9          3206 1642  152    2099  333   68    1107 1309   84
7,2          3198 1663  139    2131  306   63    1067 1357   76
8,6          3182 1648  170    2120  307   73    1062 1341   97
2,7          3166 1656  178    2103  324   73    1063 1332  105
6,8          3157 1669  174    2093  342   65    1064 1327  109
7,1          3154 1693  153    2111  328   61    1043 1365   92
8,8          3150 1685  165    2116  323   61    1034 1362  104
0,3          3123 1716  161    2112  329   59    1011 1387  102
5,2          3101 1729  170    2110  329   61     991 1400  109
2,4          3094 1733  173    2132  289   79     962 1444   94
6,3          3086 1757  157    2160  286   54     926 1471  103
6,5          3076 1743  181    2072  352   76    1004 1391  105
6,4          3068 1774  158    2098  336   66     970 1438   92
4,8          3011 1833  156    2072  367   61     939 1466   95
4,7          2989 1849  162    2130  307   63     859 1542   99
6,2          2981 1858  161    2138  300   62     843 1558   99
9,5          2978 1861  161    2139  300   61     839 1561  100
5,3          2949 1895  156    2126  302   72     823 1593   84
8,1          2927 1899  174    2087  349   64     840 1550  110
100


Team A Total Wins: 334421
Ties: 15895

50x50 vs 8k

Team A: 
Overall:           all             as Black          as White     
                W    L    T       W    L    T       W    L    T  
size: 100
1,9          3722 1132  146    2099  336   65    1623  796   81
1,6          3667 1197  136    2131  312   57    1536  885   79
0,4          3659 1208  133    2136  310   54    1523  898   79
5,4          3648 1202  150    2109  328   63    1539  874   87
4,1          3646 1194  160    2127  307   66    1519  887   94
8,3          3617 1220  163    2087  343   70    1530  877   93
3,7          3614 1225  161    2083  339   78    1531  886   83
2,3          3609 1241  150    2106  336   58    1503  905   92
0,0          3592 1245  163    2102  312   86    1490  933   77
2,6          3592 1257  151    2117  316   67    1475  941   84
7,8          3590 1271  139    2117  325   58    1473  946   81
1,7          3574 1254  172    2129  313   58    1445  941  114
4,4          3538 1290  172    2106  322   72    1432  968  100
4,2          3525 1312  163    2093  339   68    1432  973   95
0,9          3512 1315  173    2060  363   77    1452  952   96
3,9          3510 1326  164    2148  288   64    1362 1038  100
9,4          3504 1320  176    2091  337   72    1413  983  104
8,2          3483 1333  184    2100  326   74    1383 1007  110
7,0          3480 1364  156    2083  350   67    1397 1014   89
6,6          3476 1356  168    2095  331   74    1381 1025   94
9,8          3476 1391  133    2103  339   58    1373 1052   75
4,5          3472 1359  169    2139  294   67    1333 1065  102
9,2          3458 1370  172    2096  343   61    1362 1027  111
0,7          3452 1411  137    2180  259   61    1272 1152   76
8,7          3447 1400  153    2148  294   58    1299 1106   95
0,1          3445 1403  152    2121  301   78    1324 1102   74
1,3          3434 1413  153    2139  292   69    1295 1121   84
1,8          3429 1414  157    2110  324   66    1319 1090   91
6,7          3429 1412  159    2131  309   60    1298 1103   99
3,8          3426 1404  170    2127  305   68    1299 1099  102
1,0          3423 1416  161    2142  294   64    1281 1122   97
7,9          3422 1426  152    2061  369   70    1361 1057   82
9,0          3422 1419  159    2125  306   69    1297 1113   90
9,7          3417 1429  154    2118  316   66    1299 1113   88
7,6          3401 1444  155    2135  306   59    1266 1138   96
1,2          3400 1443  157    2091  353   56    1309 1090  101
1,4          3389 1443  168    2079  345   76    1310 1098   92
2,8          3387 1479  134    2107  329   64    1280 1150   70
1,5          3384 1443  173    2132  298   70    1252 1145  103
3,0          3384 1411  205    2089  341   70    1295 1070  135
3,4          3383 1420  197    2130  292   78    1253 1128  119
7,4          3378 1453  169    2104  319   77    1274 1134   92
5,7          3376 1464  160    2106  332   62    1270 1132   98
4,6          3368 1485  147    2116  315   69    1252 1170   78
5,6          3363 1453  184    2135  287   78    1228 1166  106
4,0          3361 1466  173    2107  327   66    1254 1139  107
5,0          3354 1497  149    2134  305   61    1220 1192   88
4,3          3347 1507  146    2149  306   45    1198 1201  101
3,2          3345 1492  163    2121  310   69    1224 1182   94
7,5          3343 1498  159    2100  329   71    1243 1169   88
3,3          3342 1505  153    2113  317   70    1229 1188   83
2,2          3338 1493  169    2127  300   73    1211 1193   96
8,4          3325 1531  144    2131  312   57    1194 1219   87
3,1          3318 1529  153    2145  294   61    1173 1235   92
9,6          3312 1545  143    2136  302   62    1176 1243   81
8,5          3307 1510  183    2102  326   72    1205 1184  111
0,2          3306 1508  186    2116  308   76    1190 1200  110
7,7          3301 1553  146    2123  316   61    1178 1237   85
8,0          3298 1534  168    2142  287   71    1156 1247   97
6,0          3291 1543  166    2100  330   70    1191 1213   96
5,1          3290 1513  197    2113  304   83    1177 1209  114
6,1          3290 1541  169    2101  333   66    1189 1208  103
2,1          3281 1553  166    2095  337   68    1186 1216   98
3,6          3280 1559  161    2079  361   60    1201 1198  101
7,3          3274 1558  168    2088  336   76    1186 1222   92
5,5          3267 1577  156    2107  319   74    1160 1258   82
8,9          3266 1569  165    2109  326   65    1157 1243  100
3,5          3258 1570  172    2117  320   63    1141 1250  109
0,8          3254 1578  168    2120  312   68    1134 1266  100
1,1          3252 1571  177    2093  333   74    1159 1238  103
9,3          3251 1579  170    2109  326   65    1142 1253  105
0,6          3250 1571  179    2110  316   74    1140 1255  105
5,9          3230 1610  160    2072  361   67    1158 1249   93
9,9          3227 1635  138    2111  329   60    1116 1306   78
2,9          3221 1613  166    2101  329   70    1120 1284   96
9,1          3221 1622  157    2095  349   56    1126 1273  101
2,0          3220 1624  156    2107  321   72    1113 1303   84
0,5          3218 1585  197    2111  312   77    1107 1273  120
6,9          3207 1660  133    2100  351   49    1107 1309   84
8,6          3199 1636  165    2137  295   68    1062 1341   97
5,8          3196 1655  149    2109  335   56    1087 1320   93
6,8          3192 1628  180    2128  301   71    1064 1327  109
4,9          3191 1625  184    2065  367   68    1126 1258  116
2,5          3188 1618  194    2067  353   80    1121 1265  114
2,7          3169 1667  164    2106  335   59    1063 1332  105
7,1          3149 1682  169    2106  317   77    1043 1365   92
7,2          3140 1710  150    2073  353   74    1067 1357   76
6,5          3136 1695  169    2132  304   64    1004 1391  105
8,8          3132 1677  191    2098  315   87    1034 1362  104
0,3          3116 1719  165    2105  332   63    1011 1387  102
2,4          3112 1722  166    2150  278   72     962 1444   94
4,8          3084 1751  165    2145  285   70     939 1466   95
5,2          3067 1745  188    2076  345   79     991 1400  109
6,4          3040 1796  164    2070  358   72     970 1438   92
6,3          3015 1802  183    2089  331   80     926 1471  103
9,5          3015 1819  166    2176  258   66     839 1561  100
6,2          2973 1865  162    2130  307   63     843 1558   99
8,1          2951 1875  174    2111  325   64     840 1550  110
5,3          2948 1904  148    2125  311   64     823 1593   84
4,7          2896 1925  179    2037  383   80     859 1542   99
100


Team A Total Wins: 333477
Ties: 16341

50x50 vs 9k

Team A: 
Overall:           all             as Black          as White     
                W    L    T       W    L    T       W    L    T  
size: 100
1,9          3681 1162  157    2058  366   76    1623  796   81
8,3          3614 1231  155    2084  354   62    1530  877   93
1,6          3609 1227  164    2073  342   85    1536  885   79
3,7          3596 1244  160    2065  358   77    1531  886   83
2,3          3590 1239  171    2087  334   79    1503  905   92
1,7          3582 1242  176    2137  301   62    1445  941  114
0,4          3580 1264  156    2057  366   77    1523  898   79
0,0          3578 1285  137    2088  352   60    1490  933   77
5,4          3576 1268  156    2037  394   69    1539  874   87
4,1          3570 1256  174    2051  369   80    1519  887   94
0,9          3556 1288  156    2104  336   60    1452  952   96
2,6          3538 1311  151    2063  370   67    1475  941   84
9,4          3520 1308  172    2107  325   68    1413  983  104
4,2          3502 1337  161    2070  364   66    1432  973   95
7,8          3502 1338  160    2029  392   79    1473  946   81
9,2          3492 1336  172    2130  309   61    1362 1027  111
4,4          3473 1350  177    2041  382   77    1432  968  100
8,2          3467 1339  194    2084  332   84    1383 1007  110
9,8          3435 1405  160    2062  353   85    1373 1052   75
7,9          3422 1436  142    2061  379   60    1361 1057   82
7,0          3414 1424  162    2017  410   73    1397 1014   89
1,8          3409 1419  172    2090  329   81    1319 1090   91
9,0          3409 1429  162    2112  316   72    1297 1113   90
1,4          3406 1440  154    2096  342   62    1310 1098   92
6,6          3401 1446  153    2020  421   59    1381 1025   94
3,9          3394 1440  166    2032  402   66    1362 1038  100
0,1          3386 1462  152    2062  360   78    1324 1102   74
4,5          3386 1441  173    2053  376   71    1333 1065  102
7,4          3379 1450  171    2105  316   79    1274 1134   92
1,2          3376 1462  162    2067  372   61    1309 1090  101
1,3          3370 1479  151    2075  358   67    1295 1121   84
3,8          3367 1475  158    2068  376   56    1299 1099  102
9,7          3365 1470  165    2066  357   77    1299 1113   88
2,8          3357 1481  162    2077  331   92    1280 1150   70
1,0          3354 1485  161    2073  363   64    1281 1122   97
8,7          3346 1491  163    2047  385   68    1299 1106   95
6,7          3345 1489  166    2047  386   67    1298 1103   99
3,0          3336 1464  200    2041  394   65    1295 1070  135
3,4          3333 1486  181    2080  358   62    1253 1128  119
0,7          3329 1526  145    2057  374   69    1272 1152   76
7,6          3327 1508  165    2061  370   69    1266 1138   96
5,7          3319 1512  169    2049  380   71    1270 1132   98
3,3          3310 1544  146    2081  356   63    1229 1188   83
1,5          3307 1521  172    2055  376   69    1252 1145  103
4,0          3302 1508  190    2048  369   83    1254 1139  107
4,6          3298 1548  154    2046  378   76    1252 1170   78
7,5          3298 1538  164    2055  369   76    1243 1169   88
6,0          3290 1556  154    2099  343   58    1191 1213   96
3,6          3289 1535  176    2088  337   75    1201 1198  101
4,3          3281 1546  173    2083  345   72    1198 1201  101
3,2          3275 1554  171    2051  372   77    1224 1182   94
7,3          3275 1556  169    2089  334   77    1186 1222   92
5,0          3270 1578  152    2050  386   64    1220 1192   88
2,2          3268 1564  168    2057  371   72    1211 1193   96
8,5          3260 1544  196    2055  360   85    1205 1184  111
8,9          3257 1586  157    2100  343   57    1157 1243  100
8,0          3255 1568  177    2099  321   80    1156 1247   97
0,2          3252 1567  181    2062  367   71    1190 1200  110
5,6          3252 1568  180    2024  402   74    1228 1166  106
6,1          3252 1571  177    2063  363   74    1189 1208  103
3,5          3243 1584  173    2102  334   64    1141 1250  109
5,1          3243 1574  183    2066  365   69    1177 1209  114
5,5          3242 1613  145    2082  355   63    1160 1258   82
3,1          3236 1602  162    2063  367   70    1173 1235   92
8,4          3236 1601  163    2042  382   76    1194 1219   87
9,6          3235 1619  146    2059  376   65    1176 1243   81
2,1          3230 1597  173    2044  381   75    1186 1216   98
9,1          3229 1598  173    2103  325   72    1126 1273  101
9,3          3229 1598  173    2087  345   68    1142 1253  105
1,1          3216 1608  176    2057  370   73    1159 1238  103
5,9          3205 1625  170    2047  376   77    1158 1249   93
2,9          3204 1628  168    2084  344   72    1120 1284   96
7,7          3195 1650  155    2017  413   70    1178 1237   85
9,9          3180 1661  159    2064  355   81    1116 1306   78
7,2          3179 1675  146    2112  318   70    1067 1357   76
0,8          3177 1661  162    2043  395   62    1134 1266  100
2,0          3165 1677  158    2052  374   74    1113 1303   84
5,8          3165 1666  169    2078  346   76    1087 1320   93
2,5          3164 1645  191    2043  380   77    1121 1265  114
2,7          3156 1686  158    2093  354   53    1063 1332  105
0,6          3151 1664  185    2011  409   80    1140 1255  105
0,5          3138 1659  203    2031  386   83    1107 1273  120
6,9          3135 1709  156    2028  400   72    1107 1309   84
4,9          3114 1679  207    1988  421   91    1126 1258  116
8,6          3112 1724  164    2050  383   67    1062 1341   97
7,1          3106 1726  168    2063  361   76    1043 1365   92
6,5          3082 1745  173    2078  354   68    1004 1391  105
0,3          3067 1771  162    2056  384   60    1011 1387  102
6,8          3056 1751  193    1992  424   84    1064 1327  109
6,4          3048 1775  177    2078  337   85     970 1438   92
5,2          3034 1787  179    2043  387   70     991 1400  109
8,8          3031 1778  191    1997  416   87    1034 1362  104
6,3          3025 1805  170    2099  334   67     926 1471  103
4,8          3001 1843  156    2062  377   61     939 1466   95
2,4          2986 1841  173    2024  397   79     962 1444   94
6,2          2928 1906  166    2085  348   67     843 1558   99
4,7          2918 1899  183    2059  357   84     859 1542   99
9,5          2915 1921  164    2076  360   64     839 1561  100
8,1          2909 1896  195    2069  346   85     840 1550  110
5,3          2868 1974  158    2045  381   74     823 1593   84
100


Team A Total Wins: 328735
Ties: 16747

50x50 vs 10k

Team A: 
Overall:           all             as Black          as White     
                W    L    T       W    L    T       W    L    T  
size: 100
1,9          3699 1154  147    2076  358   66    1623  796   81
0,4          3648 1219  133    2125  321   54    1523  898   79
3,7          3640 1229  131    2109  343   48    1531  886   83
5,4          3637 1206  157    2098  332   70    1539  874   87
4,1          3623 1215  162    2104  328   68    1519  887   94
8,3          3621 1208  171    2091  331   78    1530  877   93
1,6          3611 1237  152    2075  352   73    1536  885   79
2,3          3582 1264  154    2079  359   62    1503  905   92
7,8          3576 1265  159    2103  319   78    1473  946   81
2,6          3573 1280  147    2098  339   63    1475  941   84
0,0          3572 1276  152    2082  343   75    1490  933   77
4,2          3555 1280  165    2123  307   70    1432  973   95
0,9          3540 1297  163    2088  345   67    1452  952   96
1,7          3522 1306  172    2077  365   58    1445  941  114
9,4          3517 1313  170    2104  330   66    1413  983  104
7,0          3516 1323  161    2119  309   72    1397 1014   89
8,2          3512 1319  169    2129  312   59    1383 1007  110
4,4          3503 1321  176    2071  353   76    1432  968  100
9,8          3474 1397  129    2101  345   54    1373 1052   75
3,9          3472 1366  162    2110  328   62    1362 1038  100
9,2          3464 1360  176    2102  333   65    1362 1027  111
7,9          3460 1407  133    2099  350   51    1361 1057   82
6,6          3458 1374  168    2077  349   74    1381 1025   94
0,1          3442 1426  132    2118  324   58    1324 1102   74
1,2          3430 1414  156    2121  324   55    1309 1090  101
3,0          3427 1361  212    2132  291   77    1295 1070  135
8,7          3409 1429  162    2110  323   67    1299 1106   95
4,5          3406 1431  163    2073  366   61    1333 1065  102
3,8          3405 1439  156    2106  340   54    1299 1099  102
4,6          3402 1451  147    2150  281   69    1252 1170   78
1,8          3400 1426  174    2081  336   83    1319 1090   91
9,7          3395 1462  143    2096  349   55    1299 1113   88
1,0          3389 1444  167    2108  322   70    1281 1122   97
7,4          3385 1465  150    2111  331   58    1274 1134   92
1,3          3381 1459  160    2086  338   76    1295 1121   84
5,7          3378 1457  165    2108  325   67    1270 1132   98
6,7          3377 1454  169    2079  351   70    1298 1103   99
7,5          3377 1483  140    2134  314   52    1243 1169   88
1,4          3376 1441  183    2066  343   91    1310 1098   92
2,8          3374 1488  138    2094  338   68    1280 1150   70
4,0          3365 1459  176    2111  320   69    1254 1139  107
7,6          3365 1469  166    2099  331   70    1266 1138   96
9,0          3362 1476  162    2065  363   72    1297 1113   90
3,4          3361 1448  191    2108  320   72    1253 1128  119
0,7          3356 1495  149    2084  343   73    1272 1152   76
3,2          3340 1510  150    2116  328   56    1224 1182   94
2,2          3335 1507  158    2124  314   62    1211 1193   96
3,3          3335 1518  147    2106  330   64    1229 1188   83
1,5          3332 1493  175    2080  348   72    1252 1145  103
5,0          3332 1512  156    2112  320   68    1220 1192   88
5,6          3332 1492  176    2104  326   70    1228 1166  106
8,4          3310 1537  153    2116  318   66    1194 1219   87
8,5          3304 1514  182    2099  330   71    1205 1184  111
7,3          3300 1544  156    2114  322   64    1186 1222   92
0,2          3293 1511  196    2103  311   86    1190 1200  110
6,1          3291 1517  192    2102  309   89    1189 1208  103
6,0          3286 1543  171    2095  330   75    1191 1213   96
7,7          3275 1573  152    2097  336   67    1178 1237   85
3,1          3271 1569  160    2098  334   68    1173 1235   92
3,6          3264 1570  166    2063  372   65    1201 1198  101
5,5          3264 1585  151    2104  327   69    1160 1258   82
5,9          3264 1581  155    2106  332   62    1158 1249   93
8,9          3263 1579  158    2106  336   58    1157 1243  100
2,1          3262 1584  154    2076  368   56    1186 1216   98
5,1          3251 1566  183    2074  357   69    1177 1209  114
2,9          3250 1590  160    2130  306   64    1120 1284   96
4,3          3249 1596  155    2051  395   54    1198 1201  101
9,6          3247 1612  141    2071  369   60    1176 1243   81
1,1          3239 1588  173    2080  350   70    1159 1238  103
9,1          3238 1593  169    2112  320   68    1126 1273  101
4,9          3232 1572  196    2106  314   80    1126 1258  116
8,0          3226 1596  178    2070  349   81    1156 1247   97
2,0          3221 1628  151    2108  325   67    1113 1303   84
2,5          3214 1583  203    2093  318   89    1121 1265  114
3,5          3213 1614  173    2072  364   64    1141 1250  109
6,9          3210 1634  156    2103  325   72    1107 1309   84
0,8          3209 1612  179    2075  346   79    1134 1266  100
9,3          3199 1634  167    2057  381   62    1142 1253  105
5,8          3198 1650  152    2111  330   59    1087 1320   93
9,9          3196 1653  151    2080  347   73    1116 1306   78
0,5          3194 1616  190    2087  343   70    1107 1273  120
0,6          3182 1624  194    2042  369   89    1140 1255  105
8,6          3163 1664  173    2101  323   76    1062 1341   97
6,8          3159 1662  179    2095  335   70    1064 1327  109
7,2          3156 1713  131    2089  356   55    1067 1357   76
2,7          3147 1666  187    2084  334   82    1063 1332  105
7,1          3138 1701  161    2095  336   69    1043 1365   92
6,5          3118 1708  174    2114  317   69    1004 1391  105
0,3          3109 1729  162    2098  342   60    1011 1387  102
8,8          3101 1729  170    2067  367   66    1034 1362  104
6,4          3087 1761  152    2117  323   60     970 1438   92
2,4          3075 1739  186    2113  295   92     962 1444   94
6,3          3037 1794  169    2111  323   66     926 1471  103
5,2          3036 1764  200    2045  364   91     991 1400  109
4,8          2994 1823  183    2055  357   88     939 1466   95
6,2          2958 1881  161    2115  323   62     843 1558   99
4,7          2953 1880  167    2094  338   68     859 1542   99
9,5          2939 1887  174    2100  326   74     839 1561  100
5,3          2930 1917  153    2107  324   69     823 1593   84
8,1          2913 1899  188    2073  349   78     840 1550  110
100


Team A Total Wins: 331971
Ties: 16419
