50x50 vs 0k

Team A: 
Overall:           all             as Black          as White     
                W    L    T       W    L    T       W    L    T  
size: 100
1,6          2826 1988  186    1290 1103  107    1536  885   79
3,9          2805 2011  184    1443  973   84    1362 1038  100
1,9          2790 2040  170    1167 1244   89    1623  796   81
5,6          2767 2061  172    1539  895   66    1228 1166  106
7,9          2755 2069  176    1394 1012   94    1361 1057   82
4,1          2751 2060  189    1232 1173   95    1519  887   94
3,0          2733 2045  222    1438  975   87    1295 1070  135
0,9          2732 2085  183    1280 1133   87    1452  952   96
4,5          2720 2073  207    1387 1008  105    1333 1065  102
1,3          2702 2122  176    1407 1001   92    1295 1121   84
6,7          2698 2120  182    1400 1017   83    1298 1103   99
2,3          2685 2131  184    1182 1226   92    1503  905   92
8,2          2670 2125  205    1287 1118   95    1383 1007  110
4,0          2668 2136  196    1414  997   89    1254 1139  107
5,4          2662 2160  178    1123 1286   91    1539  874   87
6,6          2656 2160  184    1275 1135   90    1381 1025   94
1,8          2650 2182  168    1331 1092   77    1319 1090   91
3,7          2645 2170  185    1114 1284  102    1531  886   83
1,2          2642 2154  204    1333 1064  103    1309 1090  101
4,4          2632 2171  197    1200 1203   97    1432  968  100
2,9          2630 2191  179    1510  907   83    1120 1284   96
1,0          2626 2195  179    1345 1073   82    1281 1122   97
3,8          2623 2177  200    1324 1078   98    1299 1099  102
8,4          2620 2212  168    1426  993   81    1194 1219   87
9,2          2617 2188  195    1255 1161   84    1362 1027  111
2,6          2607 2224  169    1132 1283   85    1475  941   84
7,6          2585 2218  197    1319 1080  101    1266 1138   96
0,2          2568 2251  181    1378 1051   71    1190 1200  110
5,5          2556 2254  190    1396  996  108    1160 1258   82
1,4          2554 2277  169    1244 1179   77    1310 1098   92
0,0          2551 2279  170    1061 1346   93    1490  933   77
0,4          2548 2279  173    1025 1381   94    1523  898   79
3,1          2545 2268  187    1372 1033   95    1173 1235   92
0,1          2544 2279  177    1220 1177  103    1324 1102   74
8,5          2536 2267  197    1331 1083   86    1205 1184  111
5,9          2532 2271  197    1374 1022  104    1158 1249   93
0,6          2531 2270  199    1391 1015   94    1140 1255  105
3,4          2521 2258  221    1268 1130  102    1253 1128  119
1,7          2508 2282  210    1063 1341   96    1445  941  114
4,3          2492 2294  214    1294 1093  113    1198 1201  101
9,8          2479 2340  181    1106 1288  106    1373 1052   75
7,5          2478 2334  188    1235 1165  100    1243 1169   88
2,2          2470 2327  203    1259 1134  107    1211 1193   96
1,5          2467 2326  207    1215 1181  104    1252 1145  103
2,1          2458 2365  177    1272 1149   79    1186 1216   98
9,7          2454 2376  170    1155 1263   82    1299 1113   88
4,9          2451 2322  227    1325 1064  111    1126 1258  116
7,4          2440 2380  180    1166 1246   88    1274 1134   92
3,2          2438 2375  187    1214 1193   93    1224 1182   94
7,3          2433 2377  190    1247 1155   98    1186 1222   92
9,9          2433 2411  156    1317 1105   78    1116 1306   78
5,2          2422 2384  194    1431  984   85     991 1400  109
8,3          2414 2390  196     884 1513  103    1530  877   93
7,0          2413 2418  169    1016 1404   80    1397 1014   89
8,7          2382 2430  188    1083 1324   93    1299 1106   95
7,8          2377 2433  190     904 1487  109    1473  946   81
5,0          2369 2451  180    1149 1259   92    1220 1192   88
5,1          2365 2411  224    1188 1202  110    1177 1209  114
3,6          2351 2444  205    1150 1246  104    1201 1198  101
0,8          2321 2476  203    1187 1210  103    1134 1266  100
6,3          2317 2486  197    1391 1015   94     926 1471  103
2,8          2313 2533  154    1033 1383   84    1280 1150   70
9,3          2313 2484  203    1171 1231   98    1142 1253  105
9,0          2287 2525  188     990 1412   98    1297 1113   90
7,2          2279 2559  162    1212 1202   86    1067 1357   76
6,4          2266 2558  176    1296 1120   84     970 1438   92
1,1          2264 2546  190    1105 1308   87    1159 1238  103
4,2          2260 2564  176     828 1591   81    1432  973   95
6,9          2245 2575  180    1138 1266   96    1107 1309   84
0,5          2244 2532  224    1137 1259  104    1107 1273  120
0,7          2243 2596  161     971 1444   85    1272 1152   76
4,6          2226 2590  184     974 1420  106    1252 1170   78
8,9          2225 2585  190    1068 1342   90    1157 1243  100
8,8          2211 2567  222    1177 1205  118    1034 1362  104
3,5          2200 2576  224    1059 1326  115    1141 1250  109
9,4          2195 2605  200     782 1622   96    1413  983  104
8,0          2183 2633  184    1027 1386   87    1156 1247   97
0,3          2141 2662  197    1130 1275   95    1011 1387  102
5,7          2134 2672  194     864 1540   96    1270 1132   98
2,4          2118 2715  167    1156 1271   73     962 1444   94
2,7          2116 2691  193    1053 1359   88    1063 1332  105
9,6          2110 2721  169     934 1478   88    1176 1243   81
8,6          2100 2695  205    1038 1354  108    1062 1341   97
5,8          2095 2723  182    1008 1403   89    1087 1320   93
3,3          2092 2741  167     863 1553   84    1229 1188   83
6,8          2089 2718  193    1025 1391   84    1064 1327  109
7,1          2088 2716  196    1045 1351  104    1043 1365   92
6,0          2080 2725  195     889 1512   99    1191 1213   96
9,1          2075 2751  174     949 1478   73    1126 1273  101
6,1          2049 2744  207     860 1536  104    1189 1208  103
2,0          2014 2806  180     901 1503   96    1113 1303   84
2,5          2012 2777  211     891 1512   97    1121 1265  114
7,7          1997 2841  162     819 1604   77    1178 1237   85
6,5          1969 2803  228     965 1412  123    1004 1391  105
4,8          1925 2871  204     986 1405  109     939 1466   95
9,5          1869 2957  174    1030 1396   74     839 1561  100
8,1          1822 2987  191     982 1437   81     840 1550  110
4,7          1819 2991  190     960 1449   91     859 1542   99
6,2          1693 3106  201     850 1548  102     843 1558   99
5,3          1517 3322  161     694 1729   77     823 1593   84
100


Team A Total Wins: 238093
Ties: 18891

50x50 vs 1k

Team A: 
Overall:           all             as Black          as White     
                W    L    T       W    L    T       W    L    T  
size: 100
5,4          3572 1281  147    2033  407   60    1539  874   87
1,9          3560 1293  147    1937  497   66    1623  796   81
8,3          3553 1284  163    2023  407   70    1530  877   93
3,7          3540 1290  170    2009  404   87    1531  886   83
1,6          3527 1328  145    1991  443   66    1536  885   79
7,8          3524 1335  141    2051  389   60    1473  946   81
2,6          3522 1319  159    2047  378   75    1475  941   84
2,3          3511 1331  158    2008  426   66    1503  905   92
7,0          3508 1339  153    2111  325   64    1397 1014   89
0,4          3483 1351  166    1960  453   87    1523  898   79
4,2          3466 1368  166    2034  395   71    1432  973   95
4,1          3461 1354  185    1942  467   91    1519  887   94
7,9          3451 1398  151    2090  341   69    1361 1057   82
0,9          3448 1384  168    1996  432   72    1452  952   96
4,4          3430 1393  177    1998  425   77    1432  968  100
1,7          3428 1384  188    1983  443   74    1445  941  114
0,0          3426 1432  142    1936  499   65    1490  933   77
9,4          3421 1399  180    2008  416   76    1413  983  104
3,9          3403 1421  176    2041  383   76    1362 1038  100
8,2          3400 1430  170    2017  423   60    1383 1007  110
9,8          3391 1464  145    2018  412   70    1373 1052   75
9,2          3387 1428  185    2025  401   74    1362 1027  111
7,6          3381 1467  152    2115  329   56    1266 1138   96
6,6          3374 1443  183    1993  418   89    1381 1025   94
9,7          3372 1477  151    2073  364   63    1299 1113   88
8,7          3365 1475  160    2066  369   65    1299 1106   95
4,5          3358 1470  172    2025  405   70    1333 1065  102
0,1          3352 1524  124    2028  422   50    1324 1102   74
1,3          3351 1489  160    2056  368   76    1295 1121   84
7,4          3347 1501  152    2073  367   60    1274 1134   92
6,7          3345 1492  163    2047  389   64    1298 1103   99
3,8          3335 1491  174    2036  392   72    1299 1099  102
3,4          3334 1483  183    2081  355   64    1253 1128  119
1,8          3316 1519  165    1997  429   74    1319 1090   91
9,0          3307 1546  147    2010  433   57    1297 1113   90
5,7          3305 1532  163    2035  400   65    1270 1132   98
3,3          3298 1570  132    2069  382   49    1229 1188   83
1,5          3297 1541  162    2045  396   59    1252 1145  103
0,7          3295 1557  148    2023  405   72    1272 1152   76
4,6          3293 1564  143    2041  394   65    1252 1170   78
1,4          3282 1562  156    1972  464   64    1310 1098   92
7,5          3282 1560  158    2039  391   70    1243 1169   88
1,2          3281 1544  175    1972  454   74    1309 1090  101
3,0          3277 1507  216    1982  437   81    1295 1070  135
2,8          3269 1593  138    1989  443   68    1280 1150   70
7,7          3256 1593  151    2078  356   66    1178 1237   85
2,1          3252 1587  161    2066  371   63    1186 1216   98
2,2          3246 1587  167    2035  394   71    1211 1193   96
5,6          3245 1588  167    2017  422   61    1228 1166  106
8,0          3245 1592  163    2089  345   66    1156 1247   97
3,2          3233 1593  174    2009  411   80    1224 1182   94
9,6          3225 1629  146    2049  386   65    1176 1243   81
0,2          3224 1595  181    2034  395   71    1190 1200  110
5,0          3223 1615  162    2003  423   74    1220 1192   88
4,3          3222 1611  167    2024  410   66    1198 1201  101
1,0          3216 1597  187    1935  475   90    1281 1122   97
7,3          3214 1639  147    2028  417   55    1186 1222   92
3,6          3213 1610  177    2012  412   76    1201 1198  101
4,0          3210 1624  166    1956  485   59    1254 1139  107
8,4          3206 1643  151    2012  424   64    1194 1219   87
4,9          3200 1631  169    2074  373   53    1126 1258  116
0,6          3181 1644  175    2041  389   70    1140 1255  105
5,5          3178 1675  147    2018  417   65    1160 1258   82
8,9          3175 1660  165    2018  417   65    1157 1243  100
8,5          3165 1647  188    1960  463   77    1205 1184  111
6,9          3163 1686  151    2056  377   67    1107 1309   84
6,0          3162 1681  157    1971  468   61    1191 1213   96
1,1          3157 1666  177    1998  428   74    1159 1238  103
7,2          3157 1707  136    2090  350   60    1067 1357   76
5,1          3153 1656  191    1976  447   77    1177 1209  114
0,8          3148 1683  169    2014  417   69    1134 1266  100
9,3          3146 1694  160    2004  441   55    1142 1253  105
2,5          3139 1682  179    2018  417   65    1121 1265  114
6,8          3136 1687  177    2072  360   68    1064 1327  109
3,5          3135 1675  190    1994  425   81    1141 1250  109
5,9          3135 1705  160    1977  456   67    1158 1249   93
3,1          3132 1698  170    1959  463   78    1173 1235   92
5,8          3127 1708  165    2040  388   72    1087 1320   93
6,1          3125 1699  176    1936  491   73    1189 1208  103
9,9          3105 1751  144    1989  445   66    1116 1306   78
2,0          3096 1740  164    1983  437   80    1113 1303   84
8,8          3093 1736  171    2059  374   67    1034 1362  104
9,1          3075 1748  177    1949  475   76    1126 1273  101
2,9          3073 1760  167    1953  476   71    1120 1284   96
0,5          3053 1747  200    1946  474   80    1107 1273  120
8,6          3050 1779  171    1988  438   74    1062 1341   97
5,2          3046 1787  167    2055  387   58     991 1400  109
0,3          3034 1777  189    2023  390   87    1011 1387  102
7,1          3033 1801  166    1990  436   74    1043 1365   92
2,7          3031 1793  176    1968  461   71    1063 1332  105
6,4          3021 1832  147    2051  394   55     970 1438   92
4,8          3016 1820  164    2077  354   69     939 1466   95
6,5          3012 1827  161    2008  436   56    1004 1391  105
2,4          2961 1883  156    1999  439   62     962 1444   94
4,7          2938 1891  171    2079  349   72     859 1542   99
6,3          2922 1902  176    1996  431   73     926 1471  103
6,2          2879 1955  166    2036  397   67     843 1558   99
5,3          2839 1998  163    2016  405   79     823 1593   84
9,5          2819 2002  179    1980  441   79     839 1561  100
8,1          2771 2031  198    1931  481   88     840 1550  110
100


Team A Total Wins: 324039
Ties: 16501

50x50 vs 2k

Team A: 
Overall:           all             as Black          as White     
                W    L    T       W    L    T       W    L    T  
size: 100
1,9          3715 1137  148    2092  341   67    1623  796   81
1,6          3665 1189  146    2129  304   67    1536  885   79
3,7          3631 1207  162    2100  321   79    1531  886   83
0,4          3618 1231  151    2095  333   72    1523  898   79
4,1          3603 1238  159    2084  351   65    1519  887   94
2,3          3601 1248  151    2098  343   59    1503  905   92
5,4          3600 1241  159    2061  367   72    1539  874   87
2,6          3580 1255  165    2105  314   81    1475  941   84
7,8          3565 1292  143    2092  346   62    1473  946   81
8,3          3558 1264  178    2028  387   85    1530  877   93
0,0          3549 1291  160    2059  358   83    1490  933   77
9,8          3523 1341  136    2150  289   61    1373 1052   75
0,9          3507 1336  157    2055  384   61    1452  952   96
4,4          3495 1324  181    2063  356   81    1432  968  100
6,6          3492 1357  151    2111  332   57    1381 1025   94
1,7          3486 1324  190    2041  383   76    1445  941  114
9,4          3482 1334  184    2069  351   80    1413  983  104
7,0          3479 1366  155    2082  352   66    1397 1014   89
4,2          3464 1365  171    2032  392   76    1432  973   95
9,2          3453 1360  187    2091  333   76    1362 1027  111
8,2          3424 1402  174    2041  395   64    1383 1007  110
3,9          3420 1401  179    2058  363   79    1362 1038  100
0,7          3413 1453  134    2141  301   58    1272 1152   76
7,9          3407 1436  157    2046  379   75    1361 1057   82
6,7          3405 1425  170    2107  322   71    1298 1103   99
3,8          3393 1445  162    2094  346   60    1299 1099  102
4,5          3384 1445  171    2051  380   69    1333 1065  102
0,1          3375 1476  149    2051  374   75    1324 1102   74
3,0          3372 1424  204    2077  354   69    1295 1070  135
8,7          3371 1462  167    2072  356   72    1299 1106   95
9,0          3363 1481  156    2066  368   66    1297 1113   90
4,6          3362 1491  147    2110  321   69    1252 1170   78
3,4          3361 1455  184    2108  327   65    1253 1128  119
9,7          3360 1480  160    2061  367   72    1299 1113   88
5,7          3358 1474  168    2088  342   70    1270 1132   98
1,3          3356 1493  151    2061  372   67    1295 1121   84
2,8          3354 1492  154    2074  342   84    1280 1150   70
1,4          3353 1482  165    2043  384   73    1310 1098   92
1,0          3350 1483  167    2069  361   70    1281 1122   97
7,4          3350 1497  153    2076  363   61    1274 1134   92
1,2          3346 1489  165    2037  399   64    1309 1090  101
1,8          3333 1489  178    2014  399   87    1319 1090   91
1,5          3324 1506  170    2072  361   67    1252 1145  103
3,3          3321 1523  156    2092  335   73    1229 1188   83
5,0          3320 1524  156    2100  332   68    1220 1192   88
7,6          3319 1508  173    2053  370   77    1266 1138   96
4,0          3309 1520  171    2055  381   64    1254 1139  107
3,2          3307 1513  180    2083  331   86    1224 1182   94
8,4          3305 1539  156    2111  320   69    1194 1219   87
6,1          3298 1531  171    2109  323   68    1189 1208  103
5,6          3292 1541  167    2064  375   61    1228 1166  106
3,1          3290 1543  167    2117  308   75    1173 1235   92
2,2          3285 1538  177    2074  345   81    1211 1193   96
8,9          3285 1549  166    2128  306   66    1157 1243  100
6,0          3284 1559  157    2093  346   61    1191 1213   96
7,5          3283 1548  169    2040  379   81    1243 1169   88
8,5          3283 1539  178    2078  355   67    1205 1184  111
3,6          3282 1558  160    2081  360   59    1201 1198  101
5,5          3266 1584  150    2106  326   68    1160 1258   82
0,2          3250 1569  181    2060  369   71    1190 1200  110
4,3          3250 1555  195    2052  354   94    1198 1201  101
0,6          3248 1587  165    2108  332   60    1140 1255  105
3,5          3248 1570  182    2107  320   73    1141 1250  109
1,1          3247 1584  169    2088  346   66    1159 1238  103
2,5          3246 1571  183    2125  306   69    1121 1265  114
7,3          3241 1595  164    2055  373   72    1186 1222   92
9,6          3239 1617  144    2063  374   63    1176 1243   81
8,0          3236 1590  174    2080  343   77    1156 1247   97
5,1          3230 1598  172    2053  389   58    1177 1209  114
2,1          3228 1610  162    2042  394   64    1186 1216   98
4,9          3223 1614  163    2097  356   47    1126 1258  116
9,1          3218 1610  172    2092  337   71    1126 1273  101
0,8          3215 1614  171    2081  348   71    1134 1266  100
7,7          3212 1622  166    2034  385   81    1178 1237   85
5,9          3194 1647  159    2036  398   66    1158 1249   93
9,3          3188 1637  175    2046  384   70    1142 1253  105
2,0          3186 1648  166    2073  345   82    1113 1303   84
6,9          3178 1657  165    2071  348   81    1107 1309   84
9,9          3178 1673  149    2062  367   71    1116 1306   78
8,8          3169 1657  174    2135  295   70    1034 1362  104
8,6          3168 1672  160    2106  331   63    1062 1341   97
2,9          3160 1669  171    2040  385   75    1120 1284   96
2,7          3158 1664  178    2095  332   73    1063 1332  105
7,1          3157 1688  155    2114  323   63    1043 1365   92
5,8          3146 1686  168    2059  366   75    1087 1320   93
6,8          3140 1674  186    2076  347   77    1064 1327  109
7,2          3136 1725  139    2069  368   63    1067 1357   76
0,5          3123 1680  197    2016  407   77    1107 1273  120
6,5          3100 1726  174    2096  335   69    1004 1391  105
2,4          3081 1768  151    2119  324   57     962 1444   94
0,3          3074 1743  183    2063  356   81    1011 1387  102
6,4          3049 1771  180    2079  333   88     970 1438   92
4,8          3039 1794  167    2100  328   72     939 1466   95
5,2          3030 1782  188    2039  382   79     991 1400  109
6,3          2993 1845  162    2067  374   59     926 1471  103
8,1          2954 1878  168    2114  328   58     840 1550  110
4,7          2938 1890  172    2079  348   73     859 1542   99
6,2          2938 1897  165    2095  339   66     843 1558   99
9,5          2929 1903  168    2090  342   68     839 1561  100
5,3          2849 1986  165    2026  393   81     823 1593   84
100


Team A Total Wins: 330115
Ties: 16621

50x50 vs 3k

Team A: 
Overall:           all             as Black          as White     
                W    L    T       W    L    T       W    L    T  
size: 100
1,9          3773 1089  138    2150  293   57    1623  796   81
0,4          3671 1187  142    2148  289   63    1523  898   79
1,6          3668 1186  146    2132  301   67    1536  885   79
4,1          3653 1195  152    2134  308   58    1519  887   94
5,4          3641 1201  158    2102  327   71    1539  874   87
8,3          3639 1187  174    2109  310   81    1530  877   93
2,6          3632 1216  152    2157  275   68    1475  941   84
2,3          3629 1200  171    2126  295   79    1503  905   92
0,0          3626 1240  134    2136  307   57    1490  933   77
3,7          3607 1246  147    2076  360   64    1531  886   83
4,4          3568 1272  160    2136  304   60    1432  968  100
7,8          3567 1272  161    2094  326   80    1473  946   81
0,9          3549 1275  176    2097  323   80    1452  952   96
1,7          3535 1275  190    2090  334   76    1445  941  114
4,2          3532 1296  172    2100  323   77    1432  973   95
9,4          3521 1288  191    2108  305   87    1413  983  104
8,2          3513 1315  172    2130  308   62    1383 1007  110
6,6          3508 1321  171    2127  296   77    1381 1025   94
7,0          3485 1358  157    2088  344   68    1397 1014   89
9,2          3476 1340  184    2114  313   73    1362 1027  111
3,9          3469 1359  172    2107  321   72    1362 1038  100
9,8          3465 1402  133    2092  350   58    1373 1052   75
1,2          3464 1374  162    2155  284   61    1309 1090  101
7,9          3462 1404  134    2101  347   52    1361 1057   82
0,1          3449 1427  124    2125  325   50    1324 1102   74
4,5          3448 1381  171    2115  316   69    1333 1065  102
9,0          3443 1411  146    2146  298   56    1297 1113   90
1,8          3436 1407  157    2117  317   66    1319 1090   91
6,7          3424 1423  153    2126  320   54    1298 1103   99
1,4          3421 1427  152    2111  329   60    1310 1098   92
1,3          3416 1439  145    2121  318   61    1295 1121   84
8,7          3403 1434  163    2104  328   68    1299 1106   95
7,6          3400 1437  163    2134  299   67    1266 1138   96
9,7          3400 1445  155    2101  332   67    1299 1113   88
3,0          3398 1399  203    2103  329   68    1295 1070  135
7,4          3398 1445  157    2124  311   65    1274 1134   92
1,5          3396 1437  167    2144  292   64    1252 1145  103
7,5          3394 1452  154    2151  283   66    1243 1169   88
5,7          3386 1453  161    2116  321   63    1270 1132   98
3,4          3385 1420  195    2132  292   76    1253 1128  119
4,0          3383 1444  173    2129  305   66    1254 1139  107
0,7          3377 1493  130    2105  341   54    1272 1152   76
2,8          3377 1478  145    2097  328   75    1280 1150   70
5,6          3377 1450  173    2149  284   67    1228 1166  106
3,2          3364 1476  160    2140  294   66    1224 1182   94
3,8          3363 1480  157    2064  381   55    1299 1099  102
1,0          3343 1480  177    2062  358   80    1281 1122   97
2,1          3335 1506  159    2149  290   61    1186 1216   98
8,5          3334 1484  182    2129  300   71    1205 1184  111
6,1          3333 1488  179    2144  280   76    1189 1208  103
8,4          3333 1532  135    2139  313   48    1194 1219   87
3,1          3328 1507  165    2155  272   73    1173 1235   92
2,2          3326 1516  158    2115  323   62    1211 1193   96
5,1          3317 1505  178    2140  296   64    1177 1209  114
7,7          3314 1552  134    2136  315   49    1178 1237   85
3,3          3312 1526  162    2083  338   79    1229 1188   83
0,2          3310 1516  174    2120  316   64    1190 1200  110
4,6          3310 1531  159    2058  361   81    1252 1170   78
5,0          3302 1541  157    2082  349   69    1220 1192   88
3,6          3289 1537  174    2088  339   73    1201 1198  101
5,9          3285 1568  147    2127  319   54    1158 1249   93
6,0          3284 1555  161    2093  342   65    1191 1213   96
9,6          3284 1562  154    2108  319   73    1176 1243   81
4,3          3273 1547  180    2075  346   79    1198 1201  101
1,1          3269 1558  173    2110  320   70    1159 1238  103
7,3          3268 1564  168    2082  342   76    1186 1222   92
2,0          3253 1602  145    2140  299   61    1113 1303   84
2,5          3253 1567  180    2132  302   66    1121 1265  114
5,5          3253 1596  151    2093  338   69    1160 1258   82
3,5          3247 1578  175    2106  328   66    1141 1250  109
9,1          3244 1602  154    2118  329   53    1126 1273  101
9,9          3240 1607  153    2124  301   75    1116 1306   78
0,5          3238 1582  180    2131  309   60    1107 1273  120
4,9          3237 1582  181    2111  324   65    1126 1258  116
0,6          3232 1590  178    2092  335   73    1140 1255  105
2,9          3232 1609  159    2112  325   63    1120 1284   96
8,9          3225 1600  175    2068  357   75    1157 1243  100
0,8          3224 1612  164    2090  346   64    1134 1266  100
9,3          3219 1600  181    2077  347   76    1142 1253  105
8,0          3210 1612  178    2054  365   81    1156 1247   97
7,2          3207 1646  147    2140  289   71    1067 1357   76
6,9          3198 1647  155    2091  338   71    1107 1309   84
5,8          3188 1650  162    2101  330   69    1087 1320   93
8,6          3187 1658  155    2125  317   58    1062 1341   97
6,8          3180 1636  184    2116  309   75    1064 1327  109
7,1          3180 1660  160    2137  295   68    1043 1365   92
2,7          3172 1655  173    2109  323   68    1063 1332  105
0,3          3154 1676  170    2143  289   68    1011 1387  102
8,8          3133 1689  178    2099  327   74    1034 1362  104
6,5          3124 1696  180    2120  305   75    1004 1391  105
5,2          3094 1730  176    2103  330   67     991 1400  109
4,8          3090 1753  157    2151  287   62     939 1466   95
6,4          3057 1781  162    2087  343   70     970 1438   92
2,4          3039 1802  159    2077  358   65     962 1444   94
6,3          3029 1802  169    2103  331   66     926 1471  103
4,7          2973 1850  177    2114  308   78     859 1542   99
8,1          2970 1844  186    2130  294   76     840 1550  110
5,3          2964 1887  149    2141  294   65     823 1593   84
6,2          2959 1863  178    2116  305   79     843 1558   99
9,5          2946 1888  166    2107  327   66     839 1561  100
100


Team A Total Wins: 333791
Ties: 16326

50x50 vs 4k

Team A: 
Overall:           all             as Black          as White     
                W    L    T       W    L    T       W    L    T  
size: 100
1,9          3833 1032  135    2210  236   54    1623  796   81
1,6          3716 1158  126    2180  273   47    1536  885   79
8,3          3712 1149  139    2182  272   46    1530  877   93
5,4          3707 1146  147    2168  272   60    1539  874   87
3,7          3699 1158  143    2168  272   60    1531  886   83
4,1          3692 1153  155    2173  266   61    1519  887   94
0,4          3671 1174  155    2148  276   76    1523  898   79
2,6          3667 1194  139    2192  253   55    1475  941   84
1,7          3666 1172  162    2221  231   48    1445  941  114
0,0          3665 1198  137    2175  265   60    1490  933   77
7,8          3651 1208  141    2178  262   60    1473  946   81
0,9          3639 1206  155    2187  254   59    1452  952   96
3,9          3634 1219  147    2272  181   47    1362 1038  100
2,3          3626 1219  155    2123  314   63    1503  905   92
4,2          3614 1241  145    2182  268   50    1432  973   95
9,4          3595 1235  170    2182  252   66    1413  983  104
7,0          3577 1281  142    2180  267   53    1397 1014   89
8,2          3567 1259  174    2184  252   64    1383 1007  110
4,4          3565 1266  169    2133  298   69    1432  968  100
9,8          3546 1322  132    2173  270   57    1373 1052   75
7,9          3540 1316  144    2179  259   62    1361 1057   82
9,2          3530 1300  170    2168  273   59    1362 1027  111
6,6          3528 1317  155    2147  292   61    1381 1025   94
4,5          3512 1318  170    2179  253   68    1333 1065  102
3,8          3508 1337  155    2209  238   53    1299 1099  102
3,0          3507 1302  191    2212  232   56    1295 1070  135
9,0          3497 1366  137    2200  253   47    1297 1113   90
1,0          3489 1356  155    2208  234   58    1281 1122   97
1,3          3486 1368  146    2191  247   62    1295 1121   84
8,7          3484 1365  151    2185  259   56    1299 1106   95
1,4          3481 1360  159    2171  262   67    1310 1098   92
7,5          3479 1373  148    2236  204   60    1243 1169   88
0,1          3478 1384  138    2154  282   64    1324 1102   74
1,8          3478 1378  144    2159  288   53    1319 1090   91
6,7          3472 1370  158    2174  267   59    1298 1103   99
2,8          3468 1405  127    2188  255   57    1280 1150   70
7,4          3466 1379  155    2192  245   63    1274 1134   92
1,2          3462 1370  168    2153  280   67    1309 1090  101
5,7          3439 1402  159    2169  270   61    1270 1132   98
4,0          3438 1388  174    2184  249   67    1254 1139  107
7,6          3436 1404  160    2170  266   64    1266 1138   96
9,7          3436 1405  159    2137  292   71    1299 1113   88
3,6          3420 1423  157    2219  225   56    1201 1198  101
3,2          3417 1434  149    2193  252   55    1224 1182   94
5,6          3402 1436  162    2174  270   56    1228 1166  106
3,4          3400 1411  189    2147  283   70    1253 1128  119
0,7          3399 1458  143    2127  306   67    1272 1152   76
3,3          3390 1456  154    2161  268   71    1229 1188   83
8,5          3387 1438  175    2182  254   64    1205 1184  111
0,2          3385 1432  183    2195  232   73    1190 1200  110
2,1          3384 1470  146    2198  254   48    1186 1216   98
5,1          3372 1460  168    2195  251   54    1177 1209  114
1,5          3370 1461  169    2118  316   66    1252 1145  103
1,1          3365 1475  160    2206  237   57    1159 1238  103
5,0          3365 1476  159    2145  284   71    1220 1192   88
8,4          3364 1488  148    2170  269   61    1194 1219   87
7,3          3363 1464  173    2177  242   81    1186 1222   92
2,2          3356 1490  154    2145  297   58    1211 1193   96
4,6          3356 1490  154    2104  320   76    1252 1170   78
9,3          3354 1490  156    2212  237   51    1142 1253  105
6,0          3353 1481  166    2162  268   70    1191 1213   96
4,3          3349 1481  170    2151  280   69    1198 1201  101
6,1          3343 1496  161    2154  288   58    1189 1208  103
2,9          3340 1506  154    2220  222   58    1120 1284   96
5,5          3340 1511  149    2180  253   67    1160 1258   82
8,0          3340 1505  155    2184  258   58    1156 1247   97
7,7          3338 1508  154    2160  271   69    1178 1237   85
4,9          3335 1497  168    2209  239   52    1126 1258  116
9,6          3335 1526  139    2159  283   58    1176 1243   81
3,5          3334 1508  158    2193  258   49    1141 1250  109
2,0          3327 1539  134    2214  236   50    1113 1303   84
5,9          3327 1524  149    2169  275   56    1158 1249   93
0,8          3309 1525  166    2175  259   66    1134 1266  100
0,6          3308 1542  150    2168  287   45    1140 1255  105
8,9          3304 1525  171    2147  282   71    1157 1243  100
3,1          3303 1539  158    2130  304   66    1173 1235   92
9,1          3295 1548  157    2169  275   56    1126 1273  101
2,5          3284 1526  190    2163  261   76    1121 1265  114
5,8          3284 1582  134    2197  262   41    1087 1320   93
9,9          3271 1602  127    2155  296   49    1116 1306   78
0,5          3243 1560  197    2136  287   77    1107 1273  120
7,2          3242 1623  135    2175  266   59    1067 1357   76
2,7          3238 1602  160    2175  270   55    1063 1332  105
6,9          3228 1621  151    2121  312   67    1107 1309   84
8,6          3228 1617  155    2166  276   58    1062 1341   97
7,1          3218 1622  160    2175  257   68    1043 1365   92
6,8          3214 1608  178    2150  281   69    1064 1327  109
0,3          3209 1642  149    2198  255   47    1011 1387  102
6,5          3203 1628  169    2199  237   64    1004 1391  105
8,8          3193 1628  179    2159  266   75    1034 1362  104
5,2          3159 1673  168    2168  273   59     991 1400  109
4,8          3141 1716  143    2202  250   48     939 1466   95
6,4          3140 1702  158    2170  264   66     970 1438   92
2,4          3106 1736  158    2144  292   64     962 1444   94
6,3          3091 1749  160    2165  278   57     926 1471  103
4,7          3053 1802  145    2194  260   46     859 1542   99
6,2          3008 1833  159    2165  275   60     843 1558   99
9,5          3003 1825  172    2164  264   72     839 1561  100
8,1          3001 1829  170    2161  279   60     840 1550  110
5,3          2964 1884  152    2141  291   68     823 1593   84
100


Team A Total Wins: 339806
Ties: 15618

50x50 vs 5k

Team A: 
Overall:           all             as Black          as White     
                W    L    T       W    L    T       W    L    T  
size: 100
1,9          3775 1084  141    2152  288   60    1623  796   81
8,3          3731 1113  156    2201  236   63    1530  877   93
1,6          3709 1155  136    2173  270   57    1536  885   79
0,4          3707 1149  144    2184  251   65    1523  898   79
3,7          3706 1148  146    2175  262   63    1531  886   83
2,6          3696 1162  142    2221  221   58    1475  941   84
0,0          3678 1163  159    2188  230   82    1490  933   77
7,8          3673 1190  137    2200  244   56    1473  946   81
4,1          3668 1170  162    2149  283   68    1519  887   94
5,4          3630 1212  158    2091  338   71    1539  874   87
1,7          3626 1204  170    2181  263   56    1445  941  114
0,9          3619 1218  163    2167  266   67    1452  952   96
2,3          3603 1240  157    2100  335   65    1503  905   92
4,4          3592 1248  160    2160  280   60    1432  968  100
9,4          3580 1253  167    2167  270   63    1413  983  104
7,0          3571 1276  153    2174  262   64    1397 1014   89
7,9          3554 1320  126    2193  263   44    1361 1057   82
6,6          3545 1300  155    2164  275   61    1381 1025   94
9,8          3543 1317  140    2170  265   65    1373 1052   75
1,8          3538 1313  149    2219  223   58    1319 1090   91
8,2          3520 1304  176    2137  297   66    1383 1007  110
9,2          3511 1320  169    2149  293   58    1362 1027  111
3,9          3504 1331  165    2142  293   65    1362 1038  100
4,2          3502 1323  175    2070  350   80    1432  973   95
8,7          3502 1351  147    2203  245   52    1299 1106   95
0,1          3491 1377  132    2167  275   58    1324 1102   74
4,5          3487 1344  169    2154  279   67    1333 1065  102
1,4          3478 1366  156    2168  268   64    1310 1098   92
3,8          3473 1376  151    2174  277   49    1299 1099  102
9,7          3471 1383  146    2172  270   58    1299 1113   88
1,3          3470 1390  140    2175  269   56    1295 1121   84
1,5          3468 1369  163    2216  224   60    1252 1145  103
1,2          3451 1379  170    2142  289   69    1309 1090  101
2,8          3449 1421  130    2169  271   60    1280 1150   70
9,0          3443 1410  147    2146  297   57    1297 1113   90
1,0          3439 1398  163    2158  276   66    1281 1122   97
7,4          3438 1426  136    2164  292   44    1274 1134   92
3,0          3435 1371  194    2140  301   59    1295 1070  135
6,7          3435 1398  167    2137  295   68    1298 1103   99
0,7          3425 1438  137    2153  286   61    1272 1152   76
4,0          3425 1417  158    2171  278   51    1254 1139  107
5,7          3422 1416  162    2152  284   64    1270 1132   98
5,0          3412 1441  147    2192  249   59    1220 1192   88
3,2          3402 1451  147    2178  269   53    1224 1182   94
3,3          3397 1461  142    2168  273   59    1229 1188   83
3,6          3395 1430  175    2194  232   74    1201 1198  101
7,5          3387 1461  152    2144  292   64    1243 1169   88
5,6          3379 1448  173    2151  282   67    1228 1166  106
6,1          3377 1455  168    2188  247   65    1189 1208  103
7,3          3370 1480  150    2184  258   58    1186 1222   92
7,6          3369 1472  159    2103  334   63    1266 1138   96
2,2          3367 1471  162    2156  278   66    1211 1193   96
5,1          3364 1475  161    2187  266   47    1177 1209  114
8,4          3359 1490  151    2165  271   64    1194 1219   87
4,3          3357 1479  164    2159  278   63    1198 1201  101
4,6          3349 1502  149    2097  332   71    1252 1170   78
6,0          3346 1481  173    2155  268   77    1191 1213   96
2,1          3345 1493  162    2159  277   64    1186 1216   98
8,0          3342 1496  162    2186  249   65    1156 1247   97
8,5          3341 1476  183    2136  292   72    1205 1184  111
9,6          3341 1519  140    2165  276   59    1176 1243   81
3,4          3338 1456  206    2085  328   87    1253 1128  119
5,9          3335 1511  154    2177  262   61    1158 1249   93
0,2          3334 1494  172    2144  294   62    1190 1200  110
3,5          3329 1501  170    2188  251   61    1141 1250  109
9,3          3317 1526  157    2175  273   52    1142 1253  105
7,7          3304 1542  154    2126  305   69    1178 1237   85
8,9          3304 1525  171    2147  282   71    1157 1243  100
9,1          3303 1546  151    2177  273   50    1126 1273  101
3,1          3301 1538  161    2128  303   69    1173 1235   92
2,9          3300 1543  157    2180  259   61    1120 1284   96
6,9          3300 1565  135    2193  256   51    1107 1309   84
2,5          3297 1520  183    2176  255   69    1121 1265  114
0,6          3296 1528  176    2156  273   71    1140 1255  105
9,9          3290 1561  149    2174  255   71    1116 1306   78
0,8          3288 1538  174    2154  272   74    1134 1266  100
1,1          3288 1542  170    2129  304   67    1159 1238  103
0,5          3285 1531  184    2178  258   64    1107 1273  120
2,0          3281 1574  145    2168  271   61    1113 1303   84
4,9          3262 1543  195    2136  285   79    1126 1258  116
8,6          3260 1592  148    2198  251   51    1062 1341   97
5,5          3256 1584  160    2096  326   78    1160 1258   82
5,8          3252 1591  157    2165  271   64    1087 1320   93
2,7          3247 1584  169    2184  252   64    1063 1332  105
7,1          3234 1619  147    2191  254   55    1043 1365   92
7,2          3232 1625  143    2165  268   67    1067 1357   76
6,8          3231 1596  173    2167  269   64    1064 1327  109
8,8          3176 1651  173    2142  289   69    1034 1362  104
6,5          3174 1665  161    2170  274   56    1004 1391  105
0,3          3172 1670  158    2161  283   56    1011 1387  102
6,4          3131 1714  155    2161  276   63     970 1438   92
4,8          3121 1716  163    2182  250   68     939 1466   95
2,4          3119 1707  174    2157  263   80     962 1444   94
6,3          3078 1753  169    2152  282   66     926 1471  103
5,2          3067 1765  168    2076  365   59     991 1400  109
4,7          3065 1780  155    2206  238   56     859 1542   99
8,1          3013 1815  172    2173  265   62     840 1550  110
9,5          3011 1836  153    2172  275   53     839 1561  100
5,3          2997 1850  153    2174  257   69     823 1593   84
6,2          2980 1856  164    2137  298   65     843 1558   99
100


Team A Total Wins: 338550
Ties: 15873

50x50 vs 6k

Team A: 
Overall:           all             as Black          as White     
                W    L    T       W    L    T       W    L    T  
size: 100
1,9          3815 1037  148    2192  241   67    1623  796   81
4,1          3712 1133  155    2193  246   61    1519  887   94
1,6          3710 1140  150    2174  255   71    1536  885   79
2,6          3708 1141  151    2233  200   67    1475  941   84
3,7          3699 1139  162    2168  253   79    1531  886   83
5,4          3690 1143  167    2151  269   80    1539  874   87
0,4          3675 1185  140    2152  287   61    1523  898   79
2,3          3669 1171  160    2166  266   68    1503  905   92
8,3          3665 1173  162    2135  296   69    1530  877   93
0,0          3651 1202  147    2161  269   70    1490  933   77
1,7          3635 1190  175    2190  249   61    1445  941  114
4,4          3631 1200  169    2199  232   69    1432  968  100
0,9          3625 1218  157    2173  266   61    1452  952   96
4,2          3617 1232  151    2185  259   56    1432  973   95
7,8          3616 1232  152    2143  286   71    1473  946   81
6,6          3605 1242  153    2224  217   59    1381 1025   94
3,9          3600 1249  151    2238  211   51    1362 1038  100
7,0          3578 1261  161    2181  247   72    1397 1014   89
9,4          3564 1267  169    2151  284   65    1413  983  104
8,2          3546 1282  172    2163  275   62    1383 1007  110
9,2          3539 1274  187    2177  247   76    1362 1027  111
9,8          3533 1320  147    2160  268   72    1373 1052   75
7,9          3522 1318  160    2161  261   78    1361 1057   82
1,4          3503 1342  155    2193  244   63    1310 1098   92
8,7          3491 1348  161    2192  242   66    1299 1106   95
9,0          3491 1357  152    2194  244   62    1297 1113   90
6,7          3489 1342  169    2191  239   70    1298 1103   99
0,1          3485 1384  131    2161  282   57    1324 1102   74
3,8          3477 1352  171    2178  253   69    1299 1099  102
1,8          3476 1362  162    2157  272   71    1319 1090   91
4,5          3475 1355  170    2142  290   68    1333 1065  102
1,5          3474 1369  157    2222  224   54    1252 1145  103
9,7          3472 1381  147    2173  268   59    1299 1113   88
2,8          3471 1390  139    2191  240   69    1280 1150   70
1,0          3463 1371  166    2182  249   69    1281 1122   97
0,7          3462 1388  150    2190  236   74    1272 1152   76
5,7          3457 1388  155    2187  256   57    1270 1132   98
3,0          3455 1349  196    2160  279   61    1295 1070  135
1,2          3454 1372  174    2145  282   73    1309 1090  101
7,6          3442 1397  161    2176  259   65    1266 1138   96
7,4          3433 1411  156    2159  277   64    1274 1134   92
5,0          3429 1424  147    2209  232   59    1220 1192   88
3,4          3427 1396  177    2174  268   58    1253 1128  119
1,3          3425 1421  154    2130  300   70    1295 1121   84
4,0          3422 1392  186    2168  253   79    1254 1139  107
4,6          3414 1446  140    2162  276   62    1252 1170   78
7,5          3413 1427  160    2170  258   72    1243 1169   88
6,0          3408 1447  145    2217  234   49    1191 1213   96
3,6          3403 1436  161    2202  238   60    1201 1198  101
5,6          3399 1426  175    2171  260   69    1228 1166  106
3,3          3398 1461  141    2169  273   58    1229 1188   83
8,5          3392 1428  180    2187  244   69    1205 1184  111
9,6          3392 1463  145    2216  220   64    1176 1243   81
6,1          3382 1458  160    2193  250   57    1189 1208  103
2,1          3372 1477  151    2186  261   53    1186 1216   98
7,7          3367 1476  157    2189  239   72    1178 1237   85
5,1          3366 1450  184    2189  241   70    1177 1209  114
8,9          3365 1484  151    2208  241   51    1157 1243  100
8,4          3357 1488  155    2163  269   68    1194 1219   87
1,1          3355 1477  168    2196  239   65    1159 1238  103
3,1          3349 1489  162    2176  254   70    1173 1235   92
0,2          3345 1479  176    2155  279   66    1190 1200  110
3,2          3342 1496  162    2118  314   68    1224 1182   94
2,2          3341 1484  175    2130  291   79    1211 1193   96
8,0          3336 1502  162    2180  255   65    1156 1247   97
5,9          3334 1506  160    2176  257   67    1158 1249   93
5,5          3333 1527  140    2173  269   58    1160 1258   82
0,8          3325 1507  168    2191  241   68    1134 1266  100
3,5          3323 1505  172    2182  255   63    1141 1250  109
7,3          3322 1501  177    2136  279   85    1186 1222   92
4,3          3317 1509  174    2119  308   73    1198 1201  101
0,6          3315 1525  160    2175  270   55    1140 1255  105
2,5          3304 1515  181    2183  250   67    1121 1265  114
4,9          3302 1526  172    2176  268   56    1126 1258  116
5,8          3301 1562  137    2214  242   44    1087 1320   93
9,9          3301 1539  160    2185  233   82    1116 1306   78
2,9          3295 1540  165    2175  256   69    1120 1284   96
2,0          3284 1560  156    2171  257   72    1113 1303   84
9,3          3283 1547  170    2141  294   65    1142 1253  105
9,1          3274 1559  167    2148  286   66    1126 1273  101
0,5          3271 1552  177    2164  279   57    1107 1273  120
6,8          3258 1572  170    2194  245   61    1064 1327  109
7,1          3253 1607  140    2210  242   48    1043 1365   92
7,2          3249 1609  142    2182  252   66    1067 1357   76
8,6          3248 1591  161    2186  250   64    1062 1341   97
6,9          3243 1601  156    2136  292   72    1107 1309   84
2,7          3218 1602  180    2155  270   75    1063 1332  105
8,8          3196 1637  167    2162  275   63    1034 1362  104
5,2          3181 1646  173    2190  246   64     991 1400  109
0,3          3179 1652  169    2168  265   67    1011 1387  102
6,5          3178 1657  165    2174  266   60    1004 1391  105
6,4          3141 1711  148    2171  273   56     970 1438   92
4,8          3121 1708  171    2182  242   76     939 1466   95
2,4          3117 1724  159    2155  280   65     962 1444   94
6,3          3095 1730  175    2169  259   72     926 1471  103
9,5          3033 1810  157    2194  249   57     839 1561  100
6,2          3023 1826  151    2180  268   52     843 1558   99
8,1          3022 1808  170    2182  258   60     840 1550  110
4,7          3007 1824  169    2148  282   70     859 1542   99
5,3          2953 1882  165    2130  289   81     823 1593   84
100


Team A Total Wins: 339873
Ties: 16116

50x50 vs 7k

Team A: 
Overall:           all             as Black          as White     
                W    L    T       W    L    T       W    L    T  
size: 100
1,9          3815 1051  134    2192  255   53    1623  796   81
5,4          3738 1120  142    2199  246   55    1539  874   87
1,6          3737 1121  142    2201  236   63    1536  885   79
8,3          3726 1127  147    2196  250   54    1530  877   93
3,7          3720 1129  151    2189  243   68    1531  886   83
4,1          3706 1142  152    2187  255   58    1519  887   94
2,3          3700 1155  145    2197  250   53    1503  905   92
0,4          3678 1170  152    2155  272   73    1523  898   79
0,0          3660 1203  137    2170  270   60    1490  933   77
1,7          3650 1174  176    2205  233   62    1445  941  114
2,6          3647 1197  156    2172  256   72    1475  941   84
0,9          3628 1214  158    2176  262   62    1452  952   96
7,8          3626 1221  153    2153  275   72    1473  946   81
4,2          3625 1212  163    2193  239   68    1432  973   95
4,4          3625 1195  180    2193  227   80    1432  968  100
8,2          3605 1229  166    2222  222   56    1383 1007  110
9,4          3598 1225  177    2185  242   73    1413  983  104
7,9          3584 1275  141    2223  218   59    1361 1057   82
3,9          3582 1262  156    2220  224   56    1362 1038  100
7,0          3570 1272  158    2173  258   69    1397 1014   89
9,2          3558 1263  179    2196  236   68    1362 1027  111
9,8          3544 1312  144    2171  260   69    1373 1052   75
4,5          3531 1306  163    2198  241   61    1333 1065  102
6,6          3528 1307  165    2147  282   71    1381 1025   94
9,7          3507 1340  153    2208  227   65    1299 1113   88
0,1          3503 1357  140    2179  255   66    1324 1102   74
1,3          3503 1348  149    2208  227   65    1295 1121   84
9,0          3501 1342  157    2204  229   67    1297 1113   90
1,2          3490 1340  170    2181  250   69    1309 1090  101
1,8          3481 1371  148    2162  281   57    1319 1090   91
3,0          3477 1325  198    2182  255   63    1295 1070  135
3,8          3476 1357  167    2177  258   65    1299 1099  102
8,7          3467 1377  156    2168  271   61    1299 1106   95
7,4          3463 1391  146    2189  257   54    1274 1134   92
1,4          3461 1388  151    2151  290   59    1310 1098   92
2,8          3461 1396  143    2181  246   73    1280 1150   70
7,6          3452 1389  159    2186  251   63    1266 1138   96
0,7          3451 1401  148    2179  249   72    1272 1152   76
1,0          3448 1388  164    2167  266   67    1281 1122   97
3,4          3448 1368  184    2195  240   65    1253 1128  119
5,7          3446 1409  145    2176  277   47    1270 1132   98
3,6          3442 1400  158    2241  202   57    1201 1198  101
1,5          3441 1401  158    2189  256   55    1252 1145  103
4,0          3439 1395  166    2185  256   59    1254 1139  107
3,3          3435 1417  148    2206  229   65    1229 1188   83
6,7          3433 1388  179    2135  285   80    1298 1103   99
4,6          3426 1419  155    2174  249   77    1252 1170   78
2,2          3415 1427  158    2204  234   62    1211 1193   96
5,0          3408 1445  147    2188  253   59    1220 1192   88
7,5          3408 1436  156    2165  267   68    1243 1169   88
5,6          3402 1419  179    2174  253   73    1228 1166  106
5,1          3397 1435  168    2220  226   54    1177 1209  114
8,5          3393 1434  173    2188  250   62    1205 1184  111
3,2          3389 1442  169    2165  260   75    1224 1182   94
4,3          3385 1452  163    2187  251   62    1198 1201  101
3,1          3383 1462  155    2210  227   63    1173 1235   92
7,3          3380 1459  161    2194  237   69    1186 1222   92
7,7          3374 1470  156    2196  233   71    1178 1237   85
8,4          3371 1474  155    2177  255   68    1194 1219   87
2,1          3368 1462  170    2182  246   72    1186 1216   98
5,5          3367 1489  144    2207  231   62    1160 1258   82
8,9          3367 1485  148    2210  242   48    1157 1243  100
6,1          3366 1466  168    2177  258   65    1189 1208  103
3,5          3361 1465  174    2220  215   65    1141 1250  109
1,1          3351 1477  172    2192  239   69    1159 1238  103
5,9          3351 1509  140    2193  260   47    1158 1249   93
0,2          3345 1484  171    2155  284   61    1190 1200  110
9,6          3344 1508  148    2168  265   67    1176 1243   81
2,5          3338 1487  175    2217  222   61    1121 1265  114
6,0          3338 1500  162    2147  287   66    1191 1213   96
0,6          3337 1475  188    2197  220   83    1140 1255  105
9,3          3336 1502  162    2194  249   57    1142 1253  105
0,8          3327 1506  167    2193  240   67    1134 1266  100
8,0          3315 1517  168    2159  270   71    1156 1247   97
2,9          3310 1534  156    2190  250   60    1120 1284   96
9,1          3310 1533  157    2184  260   56    1126 1273  101
6,9          3302 1560  138    2195  251   54    1107 1309   84
9,9          3301 1554  145    2185  248   67    1116 1306   78
2,0          3298 1558  144    2185  255   60    1113 1303   84
4,9          3298 1515  187    2172  257   71    1126 1258  116
5,8          3296 1547  157    2209  227   64    1087 1320   93
6,8          3293 1550  157    2229  223   48    1064 1327  109
2,7          3266 1582  152    2203  250   47    1063 1332  105
7,2          3257 1610  133    2190  253   57    1067 1357   76
0,5          3252 1552  196    2145  279   76    1107 1273  120
7,1          3250 1598  152    2207  233   60    1043 1365   92
8,8          3227 1622  151    2193  260   47    1034 1362  104
8,6          3218 1611  171    2156  270   74    1062 1341   97
2,4          3212 1644  144    2250  200   50     962 1444   94
0,3          3193 1635  172    2182  248   70    1011 1387  102
6,4          3173 1671  156    2203  233   64     970 1438   92
5,2          3170 1665  165    2179  265   56     991 1400  109
6,5          3169 1661  170    2165  270   65    1004 1391  105
4,8          3148 1701  151    2209  235   56     939 1466   95
6,3          3094 1725  181    2168  254   78     926 1471  103
4,7          3085 1758  157    2226  216   58     859 1542   99
9,5          3050 1784  166    2211  223   66     839 1561  100
6,2          3041 1795  164    2198  237   65     843 1558   99
8,1          3026 1807  167    2186  257   57     840 1550  110
5,3          2986 1850  164    2163  257   80     823 1593   84
100


Team A Total Wins: 341173
Ties: 15929

50x50 vs 8k

Team A: 
Overall:           all             as Black          as White     
                W    L    T       W    L    T       W    L    T  
size: 100
1,9          3843 1014  143    2220  218   62    1623  796   81
3,7          3757 1102  141    2226  216   58    1531  886   83
1,6          3755 1107  138    2219  222   59    1536  885   79
0,4          3746 1118  136    2223  220   57    1523  898   79
8,3          3737 1098  165    2207  221   72    1530  877   93
5,4          3730 1110  160    2191  236   73    1539  874   87
0,0          3717 1158  125    2227  225   48    1490  933   77
4,1          3712 1139  149    2193  252   55    1519  887   94
2,3          3706 1133  161    2203  228   69    1503  905   92
2,6          3684 1180  136    2209  239   52    1475  941   84
0,9          3666 1172  162    2214  220   66    1452  952   96
7,8          3666 1182  152    2193  236   71    1473  946   81
4,2          3656 1192  152    2224  219   57    1432  973   95
1,7          3647 1167  186    2202  226   72    1445  941  114
4,4          3646 1181  173    2214  213   73    1432  968  100
9,4          3626 1216  158    2213  233   54    1413  983  104
8,2          3598 1221  181    2215  214   71    1383 1007  110
9,8          3597 1273  130    2224  221   55    1373 1052   75
6,6          3590 1257  153    2209  232   59    1381 1025   94
9,2          3590 1226  184    2228  199   73    1362 1027  111
7,0          3582 1259  159    2185  245   70    1397 1014   89
3,9          3571 1254  175    2209  216   75    1362 1038  100
1,8          3548 1311  141    2229  221   50    1319 1090   91
7,9          3538 1308  154    2177  251   72    1361 1057   82
0,1          3530 1333  137    2206  231   63    1324 1102   74
1,0          3524 1315  161    2243  193   64    1281 1122   97
7,4          3524 1329  147    2250  195   55    1274 1134   92
9,7          3515 1330  155    2216  217   67    1299 1113   88
3,8          3510 1321  169    2211  222   67    1299 1099  102
1,3          3508 1338  154    2213  217   70    1295 1121   84
6,7          3508 1327  165    2210  224   66    1298 1103   99
4,5          3505 1319  176    2172  254   74    1333 1065  102
1,2          3499 1328  173    2190  238   72    1309 1090  101
8,7          3492 1345  163    2193  239   68    1299 1106   95
0,7          3491 1358  151    2219  206   75    1272 1152   76
3,0          3484 1307  209    2189  237   74    1295 1070  135
2,8          3482 1382  136    2202  232   66    1280 1150   70
1,4          3481 1356  163    2171  258   71    1310 1098   92
7,5          3478 1372  150    2235  203   62    1243 1169   88
9,0          3478 1365  157    2181  252   67    1297 1113   90
7,6          3476 1370  154    2210  232   58    1266 1138   96
1,5          3471 1369  160    2219  224   57    1252 1145  103
5,6          3465 1379  156    2237  213   50    1228 1166  106
5,7          3464 1365  171    2194  233   73    1270 1132   98
4,6          3454 1408  138    2202  238   60    1252 1170   78
0,2          3446 1397  157    2256  197   47    1190 1200  110
3,3          3441 1417  142    2212  229   59    1229 1188   83
3,4          3440 1370  190    2187  242   71    1253 1128  119
3,2          3425 1411  164    2201  229   70    1224 1182   94
3,6          3425 1422  153    2224  224   52    1201 1198  101
2,1          3422 1428  150    2236  212   52    1186 1216   98
4,3          3417 1423  160    2219  222   59    1198 1201  101
5,0          3414 1428  158    2194  236   70    1220 1192   88
3,1          3411 1451  138    2238  216   46    1173 1235   92
8,4          3408 1436  156    2214  217   69    1194 1219   87
4,0          3404 1418  178    2150  279   71    1254 1139  107
8,5          3397 1427  176    2192  243   65    1205 1184  111
7,3          3396 1450  154    2210  228   62    1186 1222   92
9,6          3392 1458  150    2216  215   69    1176 1243   81
1,1          3386 1454  160    2227  216   57    1159 1238  103
2,2          3380 1464  156    2169  271   60    1211 1193   96
5,1          3380 1445  175    2203  236   61    1177 1209  114
5,5          3373 1478  149    2213  220   67    1160 1258   82
9,3          3367 1467  166    2225  214   61    1142 1253  105
2,9          3361 1489  150    2241  205   54    1120 1284   96
6,1          3361 1465  174    2172  257   71    1189 1208  103
7,7          3361 1485  154    2183  248   69    1178 1237   85
6,0          3358 1473  169    2167  260   73    1191 1213   96
0,8          3352 1496  152    2218  230   52    1134 1266  100
2,0          3350 1504  146    2237  201   62    1113 1303   84
9,1          3350 1488  162    2224  215   61    1126 1273  101
0,6          3349 1485  166    2209  230   61    1140 1255  105
8,0          3341 1488  171    2185  241   74    1156 1247   97
3,5          3339 1479  182    2198  229   73    1141 1250  109
8,9          3337 1501  162    2180  258   62    1157 1243  100
5,9          3333 1511  156    2175  262   63    1158 1249   93
4,9          3330 1486  184    2204  228   68    1126 1258  116
2,5          3313 1506  181    2192  241   67    1121 1265  114
2,7          3298 1544  158    2235  212   53    1063 1332  105
9,9          3289 1568  143    2173  262   65    1116 1306   78
0,5          3281 1532  187    2174  259   67    1107 1273  120
6,9          3277 1573  150    2170  264   66    1107 1309   84
8,6          3258 1583  159    2196  242   62    1062 1341   97
6,8          3254 1570  176    2190  243   67    1064 1327  109
5,8          3248 1584  168    2161  264   75    1087 1320   93
7,1          3246 1597  157    2203  232   65    1043 1365   92
8,8          3245 1589  166    2211  227   62    1034 1362  104
7,2          3221 1624  155    2154  267   79    1067 1357   76
0,3          3216 1612  172    2205  225   70    1011 1387  102
6,4          3213 1639  148    2243  201   56     970 1438   92
6,5          3183 1640  177    2179  249   72    1004 1391  105
2,4          3176 1671  153    2214  227   59     962 1444   94
5,2          3170 1644  186    2179  244   77     991 1400  109
4,8          3162 1695  143    2223  229   48     939 1466   95
6,3          3123 1704  173    2197  233   70     926 1471  103
6,2          3068 1780  152    2225  222   53     843 1558   99
9,5          3068 1781  151    2229  220   51     839 1561  100
4,7          3054 1782  164    2195  240   65     859 1542   99
5,3          3037 1810  153    2214  217   69     823 1593   84
8,1          3008 1797  195    2168  247   85     840 1550  110
100


Team A Total Wins: 342901
Ties: 15986

50x50 vs 9k

Team A: 
Overall:           all             as Black          as White     
                W    L    T       W    L    T       W    L    T  
size: 100
1,9          3786 1053  161    2163  257   80    1623  796   81
1,6          3730 1129  141    2194  244   62    1536  885   79
3,7          3699 1159  142    2168  273   59    1531  886   83
0,4          3690 1166  144    2167  268   65    1523  898   79
4,1          3667 1168  165    2148  281   71    1519  887   94
8,3          3665 1179  156    2135  302   63    1530  877   93
5,4          3655 1188  157    2116  314   70    1539  874   87
0,0          3653 1210  137    2163  277   60    1490  933   77
0,9          3648 1182  170    2196  230   74    1452  952   96
2,6          3644 1214  142    2169  273   58    1475  941   84
7,8          3636 1222  142    2163  276   61    1473  946   81
2,3          3635 1194  171    2132  289   79    1503  905   92
1,7          3634 1192  174    2189  251   60    1445  941  114
9,4          3580 1253  167    2167  270   63    1413  983  104
4,2          3578 1250  172    2146  277   77    1432  973   95
6,6          3549 1288  163    2168  263   69    1381 1025   94
7,9          3549 1314  137    2188  257   55    1361 1057   82
4,4          3548 1269  183    2116  301   83    1432  968  100
9,8          3538 1313  149    2165  261   74    1373 1052   75
9,2          3534 1295  171    2172  268   60    1362 1027  111
8,2          3528 1282  190    2145  275   80    1383 1007  110
7,0          3519 1325  156    2122  311   67    1397 1014   89
1,8          3513 1328  159    2194  238   68    1319 1090   91
0,1          3491 1380  129    2167  278   55    1324 1102   74
4,5          3481 1352  167    2148  287   65    1333 1065  102
8,7          3478 1358  164    2179  252   69    1299 1106   95
3,9          3475 1349  176    2113  311   76    1362 1038  100
3,8          3474 1358  168    2175  259   66    1299 1099  102
9,7          3472 1375  153    2173  262   65    1299 1113   88
2,8          3468 1398  134    2188  248   64    1280 1150   70
3,0          3460 1348  192    2165  278   57    1295 1070  135
6,7          3460 1371  169    2162  268   70    1298 1103   99
1,0          3459 1382  159    2178  260   62    1281 1122   97
9,0          3458 1395  147    2161  282   57    1297 1113   90
1,2          3455 1368  177    2146  278   76    1309 1090  101
7,6          3451 1386  163    2185  248   67    1266 1138   96
1,3          3444 1419  137    2149  298   53    1295 1121   84
0,7          3443 1424  133    2171  272   57    1272 1152   76
1,5          3430 1404  166    2178  259   63    1252 1145  103
1,4          3427 1391  182    2117  293   90    1310 1098   92
3,3          3409 1438  153    2180  250   70    1229 1188   83
5,7          3405 1440  155    2135  308   57    1270 1132   98
5,0          3397 1464  139    2177  272   51    1220 1192   88
7,4          3392 1441  167    2118  307   75    1274 1134   92
7,5          3392 1459  149    2149  290   61    1243 1169   88
4,0          3391 1425  184    2137  286   77    1254 1139  107
3,4          3389 1412  199    2136  284   80    1253 1128  119
7,3          3386 1454  160    2200  232   68    1186 1222   92
2,2          3377 1472  151    2166  279   55    1211 1193   96
3,6          3370 1464  166    2169  266   65    1201 1198  101
4,6          3366 1485  149    2114  315   71    1252 1170   78
7,7          3362 1484  154    2184  247   69    1178 1237   85
3,2          3359 1474  167    2135  292   73    1224 1182   94
6,0          3354 1485  161    2163  272   65    1191 1213   96
0,2          3347 1471  182    2157  271   72    1190 1200  110
3,1          3345 1492  163    2172  257   71    1173 1235   92
8,4          3340 1505  155    2146  286   68    1194 1219   87
5,6          3337 1477  186    2109  311   80    1228 1166  106
8,5          3334 1488  178    2129  304   67    1205 1184  111
2,1          3333 1491  176    2147  275   78    1186 1216   98
8,9          3333 1497  170    2176  254   70    1157 1243  100
9,3          3325 1502  173    2183  249   68    1142 1253  105
0,8          3322 1507  171    2188  241   71    1134 1266  100
6,1          3321 1504  175    2132  296   72    1189 1208  103
9,6          3321 1536  143    2145  293   62    1176 1243   81
4,3          3309 1526  165    2111  325   64    1198 1201  101
5,1          3308 1503  189    2131  294   75    1177 1209  114
9,1          3307 1527  166    2181  254   65    1126 1273  101
5,5          3303 1546  151    2143  288   69    1160 1258   82
4,9          3302 1515  183    2176  257   67    1126 1258  116
1,1          3301 1532  167    2142  294   64    1159 1238  103
3,5          3300 1523  177    2159  273   68    1141 1250  109
8,0          3296 1531  173    2140  284   76    1156 1247   97
0,5          3287 1541  172    2180  268   52    1107 1273  120
0,6          3285 1538  177    2145  283   72    1140 1255  105
2,0          3285 1555  160    2172  252   76    1113 1303   84
5,9          3283 1546  171    2125  297   78    1158 1249   93
2,5          3274 1530  196    2153  265   82    1121 1265  114
2,9          3272 1551  177    2152  267   81    1120 1284   96
6,9          3256 1587  157    2149  278   73    1107 1309   84
9,9          3252 1608  140    2136  302   62    1116 1306   78
2,7          3246 1584  170    2183  252   65    1063 1332  105
8,6          3236 1595  169    2174  254   72    1062 1341   97
5,8          3235 1607  158    2148  287   65    1087 1320   93
8,8          3211 1621  168    2177  259   64    1034 1362  104
6,8          3205 1626  169    2141  299   60    1064 1327  109
7,2          3196 1666  138    2129  309   62    1067 1357   76
0,3          3181 1648  171    2170  261   69    1011 1387  102
7,1          3172 1678  150    2129  313   58    1043 1365   92
6,5          3165 1650  185    2161  259   80    1004 1391  105
6,4          3145 1681  174    2175  243   82     970 1438   92
5,2          3115 1719  166    2124  319   57     991 1400  109
2,4          3114 1717  169    2152  273   75     962 1444   94
6,3          3104 1722  174    2178  251   71     926 1471  103
4,8          3065 1765  170    2126  299   75     939 1466   95
4,7          3012 1815  173    2153  273   74     859 1542   99
9,5          3010 1828  162    2171  267   62     839 1561  100
8,1          2997 1826  177    2157  276   67     840 1550  110
6,2          2974 1859  167    2131  301   68     843 1558   99
5,3          2962 1868  170    2139  275   86     823 1593   84
100


Team A Total Wins: 337976
Ties: 16392

50x50 vs 10k

Team A: 
Overall:           all             as Black          as White     
                W    L    T       W    L    T       W    L    T  
size: 100
1,9          3805 1054  141    2182  258   60    1623  796   81
5,4          3743 1101  156    2204  227   69    1539  874   87
8,3          3741 1108  151    2211  231   58    1530  877   93
1,6          3736 1120  144    2200  235   65    1536  885   79
3,7          3726 1128  146    2195  242   63    1531  886   83
2,3          3724 1125  151    2221  220   59    1503  905   92
0,4          3720 1130  150    2197  232   71    1523  898   79
0,0          3676 1190  134    2186  257   57    1490  933   77
4,1          3676 1159  165    2157  272   71    1519  887   94
2,6          3657 1194  149    2182  253   65    1475  941   84
7,8          3657 1198  145    2184  252   64    1473  946   81
1,7          3638 1183  179    2193  242   65    1445  941  114
9,4          3627 1209  164    2214  226   60    1413  983  104
0,9          3623 1214  163    2171  262   67    1452  952   96
4,4          3617 1216  167    2185  248   67    1432  968  100
4,2          3604 1238  158    2172  265   63    1432  973   95
9,2          3598 1240  162    2236  213   51    1362 1027  111
8,2          3596 1238  166    2213  231   56    1383 1007  110
7,9          3577 1275  148    2216  218   66    1361 1057   82
7,0          3572 1271  157    2175  257   68    1397 1014   89
6,6          3570 1271  159    2189  246   65    1381 1025   94
8,7          3547 1309  144    2248  203   49    1299 1106   95
9,8          3546 1313  141    2173  261   66    1373 1052   75
3,9          3524 1307  169    2162  269   69    1362 1038  100
0,1          3513 1365  122    2189  263   48    1324 1102   74
1,8          3512 1338  150    2193  248   59    1319 1090   91
1,2          3499 1335  166    2190  245   65    1309 1090  101
4,5          3496 1327  177    2163  262   75    1333 1065  102
9,7          3494 1355  151    2195  242   63    1299 1113   88
1,3          3488 1360  152    2193  239   68    1295 1121   84
1,4          3487 1349  164    2177  251   72    1310 1098   92
0,7          3486 1388  126    2214  236   50    1272 1152   76
3,8          3486 1355  159    2187  256   57    1299 1099  102
1,0          3482 1357  161    2201  235   64    1281 1122   97
6,7          3460 1384  156    2162  281   57    1298 1103   99
7,6          3458 1393  149    2192  255   53    1266 1138   96
2,8          3454 1410  136    2174  260   66    1280 1150   70
3,0          3452 1342  206    2157  272   71    1295 1070  135
9,0          3451 1387  162    2154  274   72    1297 1113   90
7,4          3447 1395  158    2173  261   66    1274 1134   92
1,5          3443 1391  166    2191  246   63    1252 1145  103
4,6          3439 1420  141    2187  250   63    1252 1170   78
3,4          3426 1398  176    2173  270   57    1253 1128  119
5,7          3425 1399  176    2155  267   78    1270 1132   98
2,2          3422 1430  148    2211  237   52    1211 1193   96
4,0          3416 1405  179    2162  266   72    1254 1139  107
7,3          3406 1438  156    2220  216   64    1186 1222   92
3,3          3405 1434  161    2176  246   78    1229 1188   83
5,0          3405 1460  135    2185  268   47    1220 1192   88
3,6          3399 1438  163    2198  240   62    1201 1198  101
7,5          3399 1453  148    2156  284   60    1243 1169   88
3,2          3396 1440  164    2172  258   70    1224 1182   94
5,6          3394 1430  176    2166  264   70    1228 1166  106
6,0          3390 1455  155    2199  242   59    1191 1213   96
8,4          3387 1464  149    2193  245   62    1194 1219   87
9,6          3386 1475  139    2210  232   58    1176 1243   81
8,5          3382 1452  166    2177  268   55    1205 1184  111
7,7          3365 1471  164    2187  234   79    1178 1237   85
4,3          3363 1471  166    2165  270   65    1198 1201  101
6,1          3360 1476  164    2171  268   61    1189 1208  103
0,8          3355 1487  158    2221  221   58    1134 1266  100
0,2          3354 1460  186    2164  260   76    1190 1200  110
3,1          3349 1483  168    2176  248   76    1173 1235   92
9,3          3349 1488  163    2207  235   58    1142 1253  105
2,1          3346 1491  163    2160  275   65    1186 1216   98
9,1          3344 1496  160    2218  223   59    1126 1273  101
1,1          3341 1494  165    2182  256   62    1159 1238  103
5,9          3334 1514  152    2176  265   59    1158 1249   93
5,5          3331 1538  131    2171  280   49    1160 1258   82
8,9          3330 1500  170    2173  257   70    1157 1243  100
0,5          3321 1490  189    2214  217   69    1107 1273  120
5,1          3321 1490  189    2144  281   75    1177 1209  114
0,6          3319 1503  178    2179  248   73    1140 1255  105
8,0          3319 1512  169    2163  265   72    1156 1247   97
2,9          3315 1529  156    2195  245   60    1120 1284   96
6,9          3306 1537  157    2199  228   73    1107 1309   84
3,5          3302 1519  179    2161  269   70    1141 1250  109
9,9          3300 1562  138    2184  256   60    1116 1306   78
2,5          3295 1528  177    2174  263   63    1121 1265  114
2,0          3281 1575  144    2168  272   60    1113 1303   84
2,7          3280 1566  154    2217  234   49    1063 1332  105
4,9          3275 1533  192    2149  275   76    1126 1258  116
6,8          3261 1568  171    2197  241   62    1064 1327  109
8,6          3258 1583  159    2196  242   62    1062 1341   97
7,2          3257 1606  137    2190  249   61    1067 1357   76
5,8          3256 1578  166    2169  258   73    1087 1320   93
7,1          3250 1586  164    2207  221   72    1043 1365   92
0,3          3235 1613  152    2224  226   50    1011 1387  102
8,8          3199 1625  176    2165  263   72    1034 1362  104
5,2          3188 1632  180    2197  232   71     991 1400  109
6,5          3185 1653  162    2181  262   57    1004 1391  105
6,4          3160 1686  154    2190  248   62     970 1438   92
4,8          3110 1715  175    2171  249   80     939 1466   95
2,4          3106 1719  175    2144  275   81     962 1444   94
6,3          3096 1736  168    2170  265   65     926 1471  103
4,7          3091 1757  152    2232  215   53     859 1542   99
9,5          3061 1768  171    2222  207   71     839 1561  100
5,3          3040 1811  149    2217  218   65     823 1593   84
8,1          3023 1811  166    2183  261   56     840 1550  110
6,2          2989 1843  168    2146  285   69     843 1558   99
100


Team A Total Wins: 341005
Ties: 15979
