50x50 vs 0k

Team A: 
Overall:           all             as Black          as White     
                W    L    T       W    L    T       W    L    T  
size: 100
1,6          2826 1988  186    1290 1103  107    1536  885   79
3,9          2805 2011  184    1443  973   84    1362 1038  100
1,9          2790 2040  170    1167 1244   89    1623  796   81
5,6          2767 2061  172    1539  895   66    1228 1166  106
7,9          2755 2069  176    1394 1012   94    1361 1057   82
4,1          2751 2060  189    1232 1173   95    1519  887   94
3,0          2733 2045  222    1438  975   87    1295 1070  135
0,9          2732 2085  183    1280 1133   87    1452  952   96
4,5          2720 2073  207    1387 1008  105    1333 1065  102
1,3          2702 2122  176    1407 1001   92    1295 1121   84
6,7          2698 2120  182    1400 1017   83    1298 1103   99
2,3          2685 2131  184    1182 1226   92    1503  905   92
8,2          2670 2125  205    1287 1118   95    1383 1007  110
4,0          2668 2136  196    1414  997   89    1254 1139  107
5,4          2662 2160  178    1123 1286   91    1539  874   87
6,6          2656 2160  184    1275 1135   90    1381 1025   94
1,8          2650 2182  168    1331 1092   77    1319 1090   91
3,7          2645 2170  185    1114 1284  102    1531  886   83
1,2          2642 2154  204    1333 1064  103    1309 1090  101
4,4          2632 2171  197    1200 1203   97    1432  968  100
2,9          2630 2191  179    1510  907   83    1120 1284   96
1,0          2626 2195  179    1345 1073   82    1281 1122   97
3,8          2623 2177  200    1324 1078   98    1299 1099  102
8,4          2620 2212  168    1426  993   81    1194 1219   87
9,2          2617 2188  195    1255 1161   84    1362 1027  111
2,6          2607 2224  169    1132 1283   85    1475  941   84
7,6          2585 2218  197    1319 1080  101    1266 1138   96
0,2          2568 2251  181    1378 1051   71    1190 1200  110
5,5          2556 2254  190    1396  996  108    1160 1258   82
1,4          2554 2277  169    1244 1179   77    1310 1098   92
0,0          2551 2279  170    1061 1346   93    1490  933   77
0,4          2548 2279  173    1025 1381   94    1523  898   79
3,1          2545 2268  187    1372 1033   95    1173 1235   92
0,1          2544 2279  177    1220 1177  103    1324 1102   74
8,5          2536 2267  197    1331 1083   86    1205 1184  111
5,9          2532 2271  197    1374 1022  104    1158 1249   93
0,6          2531 2270  199    1391 1015   94    1140 1255  105
3,4          2521 2258  221    1268 1130  102    1253 1128  119
1,7          2508 2282  210    1063 1341   96    1445  941  114
4,3          2492 2294  214    1294 1093  113    1198 1201  101
9,8          2479 2340  181    1106 1288  106    1373 1052   75
7,5          2478 2334  188    1235 1165  100    1243 1169   88
2,2          2470 2327  203    1259 1134  107    1211 1193   96
1,5          2467 2326  207    1215 1181  104    1252 1145  103
2,1          2458 2365  177    1272 1149   79    1186 1216   98
9,7          2454 2376  170    1155 1263   82    1299 1113   88
4,9          2451 2322  227    1325 1064  111    1126 1258  116
7,4          2440 2380  180    1166 1246   88    1274 1134   92
3,2          2438 2375  187    1214 1193   93    1224 1182   94
7,3          2433 2377  190    1247 1155   98    1186 1222   92
9,9          2433 2411  156    1317 1105   78    1116 1306   78
5,2          2422 2384  194    1431  984   85     991 1400  109
8,3          2414 2390  196     884 1513  103    1530  877   93
7,0          2413 2418  169    1016 1404   80    1397 1014   89
8,7          2382 2430  188    1083 1324   93    1299 1106   95
7,8          2377 2433  190     904 1487  109    1473  946   81
5,0          2369 2451  180    1149 1259   92    1220 1192   88
5,1          2365 2411  224    1188 1202  110    1177 1209  114
3,6          2351 2444  205    1150 1246  104    1201 1198  101
0,8          2321 2476  203    1187 1210  103    1134 1266  100
6,3          2317 2486  197    1391 1015   94     926 1471  103
2,8          2313 2533  154    1033 1383   84    1280 1150   70
9,3          2313 2484  203    1171 1231   98    1142 1253  105
9,0          2287 2525  188     990 1412   98    1297 1113   90
7,2          2279 2559  162    1212 1202   86    1067 1357   76
6,4          2266 2558  176    1296 1120   84     970 1438   92
1,1          2264 2546  190    1105 1308   87    1159 1238  103
4,2          2260 2564  176     828 1591   81    1432  973   95
6,9          2245 2575  180    1138 1266   96    1107 1309   84
0,5          2244 2532  224    1137 1259  104    1107 1273  120
0,7          2243 2596  161     971 1444   85    1272 1152   76
4,6          2226 2590  184     974 1420  106    1252 1170   78
8,9          2225 2585  190    1068 1342   90    1157 1243  100
8,8          2211 2567  222    1177 1205  118    1034 1362  104
3,5          2200 2576  224    1059 1326  115    1141 1250  109
9,4          2195 2605  200     782 1622   96    1413  983  104
8,0          2183 2633  184    1027 1386   87    1156 1247   97
0,3          2141 2662  197    1130 1275   95    1011 1387  102
5,7          2134 2672  194     864 1540   96    1270 1132   98
2,4          2118 2715  167    1156 1271   73     962 1444   94
2,7          2116 2691  193    1053 1359   88    1063 1332  105
9,6          2110 2721  169     934 1478   88    1176 1243   81
8,6          2100 2695  205    1038 1354  108    1062 1341   97
5,8          2095 2723  182    1008 1403   89    1087 1320   93
3,3          2092 2741  167     863 1553   84    1229 1188   83
6,8          2089 2718  193    1025 1391   84    1064 1327  109
7,1          2088 2716  196    1045 1351  104    1043 1365   92
6,0          2080 2725  195     889 1512   99    1191 1213   96
9,1          2075 2751  174     949 1478   73    1126 1273  101
6,1          2049 2744  207     860 1536  104    1189 1208  103
2,0          2014 2806  180     901 1503   96    1113 1303   84
2,5          2012 2777  211     891 1512   97    1121 1265  114
7,7          1997 2841  162     819 1604   77    1178 1237   85
6,5          1969 2803  228     965 1412  123    1004 1391  105
4,8          1925 2871  204     986 1405  109     939 1466   95
9,5          1869 2957  174    1030 1396   74     839 1561  100
8,1          1822 2987  191     982 1437   81     840 1550  110
4,7          1819 2991  190     960 1449   91     859 1542   99
6,2          1693 3106  201     850 1548  102     843 1558   99
5,3          1517 3322  161     694 1729   77     823 1593   84
100


Team A Total Wins: 238093
Ties: 18891

50x50 vs 1k

Team A Total Wins: 324039
Ties: 16501

50x50 vs 2k

Team A Total Wins: 330115
Ties: 16621

50x50 vs 3k

Team A Total Wins: 333791
Ties: 16326

50x50 vs 4k

Team A Total Wins: 339806
Ties: 15618

50x50 vs 5k

Team A Total Wins: 338550
Ties: 15873

50x50 vs 6k

Team A Total Wins: 339873
Ties: 16116

50x50 vs 7k

Team A Total Wins: 341173
Ties: 15929

50x50 vs 8k

Team A Total Wins: 342901
Ties: 15986

50x50 vs 9k

Team A Total Wins: 337976
Ties: 16392

50x50 vs 10k

Team A Total Wins: 341005
Ties: 15979
