50x50 vs 0k
Team A: 
Overall:           all             as Black          as White     
                W    L    T       W    L    T       W    L    T  
size: 100
2,6          3106 1716  178    1631  775   94    1475  941   84
8,3          2884 1928  188    1354 1051   95    1530  877   93
6,6          2811 1998  191    1430  973   97    1381 1025   94
7,9          2807 2012  181    1446  955   99    1361 1057   82
1,6          2805 2019  176    1269 1134   97    1536  885   79
4,4          2739 2054  207    1307 1086  107    1432  968  100
3,7          2714 2102  184    1183 1216  101    1531  886   83
1,2          2711 2115  174    1402 1025   73    1309 1090  101
5,5          2678 2160  162    1518  902   80    1160 1258   82
1,9          2661 2170  169    1038 1374   88    1623  796   81
2,5          2630 2198  172    1509  933   58    1121 1265  114
8,4          2629 2192  179    1435  973   92    1194 1219   87
4,5          2608 2191  201    1275 1126   99    1333 1065  102
0,0          2602 2244  154    1112 1311   77    1490  933   77
2,8          2600 2245  155    1320 1095   85    1280 1150   70
1,0          2577 2224  199    1296 1102  102    1281 1122   97
4,1          2569 2223  208    1050 1336  114    1519  887   94
4,2          2558 2247  195    1126 1274  100    1432  973   95
8,5          2528 2267  205    1323 1083   94    1205 1184  111
7,8          2526 2286  188    1053 1340  107    1473  946   81
5,1          2517 2278  205    1340 1069   91    1177 1209  114
6,0          2508 2303  189    1317 1090   93    1191 1213   96
3,0          2502 2259  239    1207 1189  104    1295 1070  135
4,3          2502 2315  183    1304 1114   82    1198 1201  101
3,9          2498 2295  207    1136 1257  107    1362 1038  100
1,4          2496 2323  181    1186 1225   89    1310 1098   92
5,6          2491 2307  202    1263 1141   96    1228 1166  106
3,1          2489 2346  165    1316 1111   73    1173 1235   92
2,1          2486 2313  201    1300 1097  103    1186 1216   98
9,2          2485 2294  221    1123 1267  110    1362 1027  111
0,1          2482 2342  176    1158 1240  102    1324 1102   74
1,5          2480 2300  220    1228 1155  117    1252 1145  103
0,4          2477 2368  155     954 1470   76    1523  898   79
3,3          2476 2335  189    1247 1147  106    1229 1188   83
3,5          2453 2340  207    1312 1090   98    1141 1250  109
8,2          2445 2359  196    1062 1352   86    1383 1007  110
5,0          2443 2350  207    1223 1158  119    1220 1192   88
7,0          2442 2387  171    1045 1373   82    1397 1014   89
3,2          2437 2389  174    1213 1207   80    1224 1182   94
9,8          2436 2405  159    1063 1353   84    1373 1052   75
0,7          2435 2378  187    1163 1226  111    1272 1152   76
5,7          2429 2358  213    1159 1226  115    1270 1132   98
3,4          2428 2360  212    1175 1232   93    1253 1128  119
1,8          2426 2390  184    1107 1300   93    1319 1090   91
9,7          2423 2386  191    1124 1273  103    1299 1113   88
0,2          2420 2375  205    1230 1175   95    1190 1200  110
8,7          2420 2401  179    1121 1295   84    1299 1106   95
0,9          2418 2384  198     966 1432  102    1452  952   96
1,3          2415 2413  172    1120 1292   88    1295 1121   84
2,2          2405 2404  191    1194 1211   95    1211 1193   96
3,8          2397 2404  199    1098 1305   97    1299 1099  102
9,4          2379 2439  182     966 1456   78    1413  983  104
5,4          2367 2456  177     828 1582   90    1539  874   87
5,9          2367 2434  199    1209 1185  106    1158 1249   93
9,9          2356 2488  156    1240 1182   78    1116 1306   78
9,1          2342 2452  206    1216 1179  105    1126 1273  101
9,6          2337 2482  181    1161 1239  100    1176 1243   81
7,2          2334 2507  159    1267 1150   83    1067 1357   76
7,7          2301 2533  166    1123 1296   81    1178 1237   85
4,6          2298 2541  161    1046 1371   83    1252 1170   78
6,8          2292 2525  183    1228 1198   74    1064 1327  109
7,5          2273 2553  174    1030 1384   86    1243 1169   88
0,6          2272 2526  202    1132 1271   97    1140 1255  105
6,7          2272 2539  189     974 1436   90    1298 1103   99
6,4          2263 2556  181    1293 1118   89     970 1438   92
7,3          2259 2557  184    1073 1335   92    1186 1222   92
7,4          2258 2553  189     984 1419   97    1274 1134   92
0,3          2257 2547  196    1246 1160   94    1011 1387  102
9,3          2236 2561  203    1094 1308   98    1142 1253  105
4,0          2235 2553  212     981 1414  105    1254 1139  107
9,0          2229 2593  178     932 1480   88    1297 1113   90
3,6          2221 2588  191    1020 1390   90    1201 1198  101
5,3          2219 2598  183    1396 1005   99     823 1593   84
6,9          2216 2602  182    1109 1293   98    1107 1309   84
2,3          2211 2602  187     708 1697   95    1503  905   92
7,6          2206 2608  186     940 1470   90    1266 1138   96
1,7          2192 2613  195     747 1672   81    1445  941  114
8,0          2173 2650  177    1017 1403   80    1156 1247   97
8,9          2166 2616  218    1009 1373  118    1157 1243  100
6,1          2156 2638  206     967 1430  103    1189 1208  103
2,9          2140 2643  217    1020 1359  121    1120 1284   96
5,8          2137 2664  199    1050 1344  106    1087 1320   93
4,8          2132 2674  194    1193 1208   99     939 1466   95
6,3          2122 2653  225    1196 1182  122     926 1471  103
8,8          2122 2663  215    1088 1301  111    1034 1362  104
6,2          2096 2712  192    1253 1154   93     843 1558   99
8,6          2080 2732  188    1018 1391   91    1062 1341   97
0,5          2078 2717  205     971 1444   85    1107 1273  120
7,1          2074 2752  174    1031 1387   82    1043 1365   92
5,2          2053 2735  212    1062 1335  103     991 1400  109
4,9          2005 2796  199     879 1538   83    1126 1258  116
0,8          1990 2815  195     856 1549   95    1134 1266  100
2,0          1969 2850  181     856 1547   97    1113 1303   84
4,7          1959 2861  180    1100 1319   81     859 1542   99
2,4          1935 2896  169     973 1452   75     962 1444   94
9,5          1919 2878  203    1080 1317  103     839 1561  100
1,1          1905 2899  196     746 1661   93    1159 1238  103
2,7          1904 2896  200     841 1564   95    1063 1332  105
6,5          1861 2931  208     857 1540  103    1004 1391  105
8,1          1819 2973  208     979 1423   98     840 1550  110
100


Team A Total Wins: 235891
Ties: 19007

50x50 vs 1k

Team A: 
Overall:           all             as Black          as White     
                W    L    T       W    L    T       W    L    T  
size: 100
1,6          3483 1368  149    1947  483   70    1536  885   79
1,9          3460 1376  164    1837  580   83    1623  796   81
3,7          3442 1409  149    1911  523   66    1531  886   83
2,3          3405 1424  171    1902  519   79    1503  905   92
4,1          3392 1425  183    1873  538   89    1519  887   94
0,0          3389 1478  133    1899  545   56    1490  933   77
7,8          3389 1441  170    1916  495   89    1473  946   81
0,4          3387 1459  154    1864  561   75    1523  898   79
5,4          3387 1455  158    1848  581   71    1539  874   87
8,3          3366 1456  178    1836  579   85    1530  877   93
0,9          3360 1469  171    1908  517   75    1452  952   96
2,6          3358 1478  164    1883  537   80    1475  941   84
1,7          3346 1458  196    1901  517   82    1445  941  114
6,6          3340 1494  166    1959  469   72    1381 1025   94
4,2          3338 1485  177    1906  512   82    1432  973   95
4,4          3291 1540  169    1859  572   69    1432  968  100
8,7          3288 1543  169    1989  437   74    1299 1106   95
9,4          3283 1556  161    1870  573   57    1413  983  104
8,2          3273 1545  182    1890  538   72    1383 1007  110
9,2          3271 1552  177    1909  525   66    1362 1027  111
1,4          3268 1561  171    1958  463   79    1310 1098   92
7,9          3260 1593  147    1899  536   65    1361 1057   82
1,5          3252 1570  178    2000  425   75    1252 1145  103
7,0          3250 1567  183    1853  553   94    1397 1014   89
3,9          3248 1580  172    1886  542   72    1362 1038  100
4,5          3245 1589  166    1912  524   64    1333 1065  102
1,2          3206 1627  167    1897  537   66    1309 1090  101
2,8          3206 1661  133    1926  511   63    1280 1150   70
1,8          3199 1622  179    1880  532   88    1319 1090   91
9,0          3195 1646  159    1898  533   69    1297 1113   90
3,8          3193 1627  180    1894  528   78    1299 1099  102
0,2          3190 1625  185    2000  425   75    1190 1200  110
3,6          3179 1661  160    1978  463   59    1201 1198  101
9,6          3179 1675  146    2003  432   65    1176 1243   81
6,7          3174 1645  181    1876  542   82    1298 1103   99
2,2          3166 1674  160    1955  481   64    1211 1193   96
5,6          3165 1665  170    1937  499   64    1228 1166  106
0,7          3161 1698  141    1889  546   65    1272 1152   76
3,0          3157 1632  211    1862  562   76    1295 1070  135
8,4          3152 1703  145    1958  484   58    1194 1219   87
5,7          3150 1675  175    1880  543   77    1270 1132   98
3,2          3143 1694  163    1919  512   69    1224 1182   94
0,6          3142 1700  158    2002  445   53    1140 1255  105
7,5          3142 1704  154    1899  535   66    1243 1169   88
9,7          3140 1692  168    1841  579   80    1299 1113   88
3,4          3138 1660  202    1885  532   83    1253 1128  119
4,3          3136 1707  157    1938  506   56    1198 1201  101
7,4          3136 1702  162    1862  568   70    1274 1134   92
2,1          3135 1700  165    1949  484   67    1186 1216   98
9,8          3135 1697  168    1762  645   93    1373 1052   75
4,6          3132 1724  144    1880  554   66    1252 1170   78
1,3          3130 1701  169    1835  580   85    1295 1121   84
4,0          3129 1685  186    1875  546   79    1254 1139  107
7,6          3129 1703  168    1863  565   72    1266 1138   96
1,0          3116 1716  168    1835  594   71    1281 1122   97
3,3          3101 1729  170    1872  541   87    1229 1188   83
0,5          3099 1721  180    1992  448   60    1107 1273  120
7,7          3094 1747  159    1916  510   74    1178 1237   85
9,3          3092 1720  188    1950  467   83    1142 1253  105
3,1          3081 1768  151    1908  533   59    1173 1235   92
5,0          3073 1767  160    1853  575   72    1220 1192   88
4,9          3046 1770  184    1920  512   68    1126 1258  116
5,8          3035 1798  167    1948  478   74    1087 1320   93
7,3          3034 1784  182    1848  562   90    1186 1222   92
6,1          3024 1803  173    1835  595   70    1189 1208  103
2,5          3020 1780  200    1899  515   86    1121 1265  114
5,1          3020 1782  198    1843  573   84    1177 1209  114
5,5          3018 1828  154    1858  570   72    1160 1258   82
6,9          3018 1809  173    1911  500   89    1107 1309   84
3,5          3013 1810  177    1872  560   68    1141 1250  109
5,9          3006 1822  172    1848  573   79    1158 1249   93
8,8          3003 1832  165    1969  470   61    1034 1362  104
0,1          2992 1861  147    1668  759   73    1324 1102   74
9,9          2989 1872  139    1873  566   61    1116 1306   78
6,0          2977 1843  180    1786  630   84    1191 1213   96
8,6          2977 1861  162    1915  520   65    1062 1341   97
8,9          2973 1857  170    1816  614   70    1157 1243  100
2,0          2958 1879  163    1845  576   79    1113 1303   84
8,5          2955 1853  192    1750  669   81    1205 1184  111
1,1          2950 1866  184    1791  628   81    1159 1238  103
2,9          2941 1892  167    1821  608   71    1120 1284   96
7,2          2929 1917  154    1862  560   78    1067 1357   76
4,8          2924 1911  165    1985  445   70     939 1466   95
0,8          2920 1914  166    1786  648   66    1134 1266  100
8,0          2919 1904  177    1763  657   80    1156 1247   97
6,3          2918 1916  166    1992  445   63     926 1471  103
6,5          2915 1909  176    1911  518   71    1004 1391  105
7,1          2914 1916  170    1871  551   78    1043 1365   92
9,1          2884 1933  183    1758  660   82    1126 1273  101
2,7          2883 1945  172    1820  613   67    1063 1332  105
2,4          2881 1959  160    1919  515   66     962 1444   94
5,2          2870 1946  184    1879  546   75     991 1400  109
6,4          2847 1984  169    1877  546   77     970 1438   92
6,8          2828 1988  184    1764  661   75    1064 1327  109
8,1          2821 2008  171    1981  458   61     840 1550  110
0,3          2814 2003  183    1803  616   81    1011 1387  102
9,5          2745 2086  169    1906  525   69     839 1561  100
6,2          2743 2093  164    1900  535   65     843 1558   99
4,7          2731 2082  187    1872  540   88     859 1542   99
5,3          2662 2180  158    1839  587   74     823 1593   84
100


Team A Total Wins: 310963
Ties: 16897

50x50 vs 2k

Team A: 
Overall:           all             as Black          as White     
                W    L    T       W    L    T       W    L    T  
size: 100
1,9          3667 1189  144    2044  393   63    1623  796   81
3,7          3619 1249  132    2088  363   49    1531  886   83
1,6          3613 1251  136    2077  366   57    1536  885   79
8,3          3608 1232  160    2078  355   67    1530  877   93
0,4          3586 1272  142    2063  374   63    1523  898   79
2,3          3568 1284  148    2065  379   56    1503  905   92
4,1          3558 1278  164    2039  391   70    1519  887   94
7,8          3547 1312  141    2074  366   60    1473  946   81
0,0          3536 1321  143    2046  388   66    1490  933   77
2,6          3536 1319  145    2061  378   61    1475  941   84
1,7          3530 1295  175    2085  354   61    1445  941  114
4,4          3515 1328  157    2083  360   57    1432  968  100
0,9          3514 1327  159    2062  375   63    1452  952   96
5,4          3502 1337  161    1963  463   74    1539  874   87
9,4          3490 1341  169    2077  358   65    1413  983  104
3,9          3455 1389  156    2093  351   56    1362 1038  100
6,6          3447 1393  160    2066  368   66    1381 1025   94
9,2          3433 1384  183    2071  357   72    1362 1027  111
7,0          3432 1418  150    2035  404   61    1397 1014   89
8,2          3421 1415  164    2038  408   54    1383 1007  110
7,9          3418 1430  152    2057  373   70    1361 1057   82
9,8          3418 1438  144    2045  386   69    1373 1052   75
3,8          3403 1437  160    2104  338   58    1299 1099  102
4,2          3403 1437  160    1971  464   65    1432  973   95
0,1          3400 1473  127    2076  371   53    1324 1102   74
2,8          3400 1487  113    2120  337   43    1280 1150   70
9,7          3399 1462  139    2100  349   51    1299 1113   88
1,8          3392 1460  148    2073  370   57    1319 1090   91
4,5          3391 1444  165    2058  379   63    1333 1065  102
1,4          3369 1474  157    2059  376   65    1310 1098   92
1,5          3361 1473  166    2109  328   63    1252 1145  103
9,0          3360 1496  144    2063  383   54    1297 1113   90
7,5          3355 1500  145    2112  331   57    1243 1169   88
1,3          3351 1494  155    2056  373   71    1295 1121   84
8,7          3344 1504  152    2045  398   57    1299 1106   95
3,0          3331 1475  194    2036  405   59    1295 1070  135
7,4          3328 1515  157    2054  381   65    1274 1134   92
3,2          3327 1521  152    2103  339   58    1224 1182   94
1,0          3324 1517  159    2043  395   62    1281 1122   97
0,7          3323 1536  141    2051  384   65    1272 1152   76
7,6          3323 1516  161    2057  378   65    1266 1138   96
1,2          3312 1525  163    2003  435   62    1309 1090  101
3,4          3310 1519  171    2057  391   52    1253 1128  119
9,6          3301 1564  135    2125  321   54    1176 1243   81
0,2          3299 1547  154    2109  347   44    1190 1200  110
5,7          3293 1549  158    2023  417   60    1270 1132   98
4,6          3278 1583  139    2026  413   61    1252 1170   78
5,0          3275 1575  150    2055  383   62    1220 1192   88
8,4          3273 1581  146    2079  362   59    1194 1219   87
8,5          3268 1555  177    2063  371   66    1205 1184  111
2,2          3266 1579  155    2055  386   59    1211 1193   96
5,6          3263 1572  165    2035  406   59    1228 1166  106
6,7          3262 1574  164    1964  471   65    1298 1103   99
6,0          3256 1600  144    2065  387   48    1191 1213   96
7,7          3250 1611  139    2072  374   54    1178 1237   85
3,6          3246 1604  150    2045  406   49    1201 1198  101
9,3          3246 1597  157    2104  344   52    1142 1253  105
1,1          3240 1601  159    2081  363   56    1159 1238  103
4,0          3235 1600  165    1981  461   58    1254 1139  107
3,3          3234 1619  147    2005  431   64    1229 1188   83
7,3          3232 1606  162    2046  384   70    1186 1222   92
8,9          3218 1617  165    2061  374   65    1157 1243  100
3,1          3215 1630  155    2042  395   63    1173 1235   92
4,3          3205 1618  177    2007  417   76    1198 1201  101
6,1          3202 1627  171    2013  419   68    1189 1208  103
0,6          3195 1638  167    2055  383   62    1140 1255  105
8,0          3195 1655  150    2039  408   53    1156 1247   97
5,5          3192 1666  142    2032  408   60    1160 1258   82
2,9          3182 1668  150    2062  384   54    1120 1284   96
9,9          3182 1692  126    2066  386   48    1116 1306   78
6,9          3181 1677  142    2074  368   58    1107 1309   84
4,9          3179 1642  179    2053  384   63    1126 1258  116
0,5          3173 1649  178    2066  376   58    1107 1273  120
3,5          3164 1667  169    2023  417   60    1141 1250  109
2,5          3162 1663  175    2041  398   61    1121 1265  114
0,8          3159 1681  160    2025  415   60    1134 1266  100
8,6          3158 1698  144    2096  357   47    1062 1341   97
2,1          3156 1679  165    1970  463   67    1186 1216   98
9,1          3153 1681  166    2027  408   65    1126 1273  101
2,7          3150 1686  164    2087  354   59    1063 1332  105
2,0          3142 1711  147    2029  408   63    1113 1303   84
0,3          3139 1706  155    2128  319   53    1011 1387  102
5,1          3137 1680  183    1960  471   69    1177 1209  114
7,2          3084 1762  154    2017  405   78    1067 1357   76
5,2          3071 1764  165    2080  364   56     991 1400  109
6,8          3070 1758  172    2006  431   63    1064 1327  109
7,1          3066 1777  157    2023  412   65    1043 1365   92
5,8          3063 1788  149    1976  468   56    1087 1320   93
6,5          3059 1757  184    2055  366   79    1004 1391  105
4,8          3057 1801  142    2118  335   47     939 1466   95
8,8          3054 1774  172    2020  412   68    1034 1362  104
5,9          3051 1780  169    1893  531   76    1158 1249   93
2,4          3024 1821  155    2062  377   61     962 1444   94
6,4          3019 1818  163    2049  380   71     970 1438   92
6,3          2984 1848  168    2058  377   65     926 1471  103
4,7          2947 1905  148    2088  363   49     859 1542   99
9,5          2913 1921  166    2074  360   66     839 1561  100
8,1          2899 1920  181    2059  370   71     840 1550  110
6,2          2883 1966  151    2040  408   52     843 1558   99
5,3          2805 2048  147    1982  455   63     823 1593   84
100


Team A Total Wins: 327524
Ties: 15653

50x50 vs 3k

Team A: 
Overall:           all             as Black          as White     
                W    L    T       W    L    T       W    L    T  
size: 100
1,6          3670 1196  134    2134  311   55    1536  885   79
1,9          3659 1188  153    2036  392   72    1623  796   81
3,7          3631 1231  138    2100  345   55    1531  886   83
2,6          3626 1246  128    2151  305   44    1475  941   84
4,1          3613 1242  145    2094  355   51    1519  887   94
5,4          3603 1248  149    2064  374   62    1539  874   87
0,4          3590 1273  137    2067  375   58    1523  898   79
2,3          3585 1261  154    2082  356   62    1503  905   92
8,3          3580 1262  158    2050  385   65    1530  877   93
1,7          3568 1275  157    2123  334   43    1445  941  114
4,4          3560 1290  150    2128  322   50    1432  968  100
0,0          3540 1319  141    2050  386   64    1490  933   77
0,9          3540 1302  158    2088  350   62    1452  952   96
9,4          3514 1309  177    2101  326   73    1413  983  104
9,8          3476 1383  141    2103  331   66    1373 1052   75
4,2          3474 1363  163    2042  390   68    1432  973   95
6,6          3436 1419  145    2055  394   51    1381 1025   94
7,8          3433 1415  152    1960  469   71    1473  946   81
8,2          3429 1408  163    2046  401   53    1383 1007  110
7,9          3422 1427  151    2061  370   69    1361 1057   82
7,0          3416 1430  154    2019  416   65    1397 1014   89
3,9          3413 1422  165    2051  384   65    1362 1038  100
1,8          3407 1432  161    2088  342   70    1319 1090   91
9,2          3407 1409  184    2045  382   73    1362 1027  111
4,6          3391 1481  128    2139  311   50    1252 1170   78
9,7          3386 1464  150    2087  351   62    1299 1113   88
1,4          3381 1470  149    2071  372   57    1310 1098   92
4,5          3381 1451  168    2048  386   66    1333 1065  102
0,1          3380 1465  155    2056  363   81    1324 1102   74
1,2          3380 1448  172    2071  358   71    1309 1090  101
6,7          3378 1459  163    2080  356   64    1298 1103   99
1,3          3375 1484  141    2080  363   57    1295 1121   84
3,0          3365 1432  203    2070  362   68    1295 1070  135
2,8          3364 1516  120    2084  366   50    1280 1150   70
0,7          3362 1506  132    2090  354   56    1272 1152   76
3,8          3357 1473  170    2058  374   68    1299 1099  102
5,7          3347 1496  157    2077  364   59    1270 1132   98
1,5          3344 1492  164    2092  347   61    1252 1145  103
7,4          3343 1514  143    2069  380   51    1274 1134   92
9,0          3342 1499  159    2045  386   69    1297 1113   90
2,2          3330 1513  157    2119  320   61    1211 1193   96
3,4          3325 1497  178    2072  369   59    1253 1128  119
1,0          3324 1510  166    2043  388   69    1281 1122   97
5,6          3319 1514  167    2091  348   61    1228 1166  106
7,6          3314 1527  159    2048  389   63    1266 1138   96
4,0          3304 1532  164    2050  393   57    1254 1139  107
5,0          3302 1549  149    2082  357   61    1220 1192   88
3,2          3301 1556  143    2077  374   49    1224 1182   94
0,2          3295 1524  181    2105  324   71    1190 1200  110
6,0          3293 1536  171    2102  323   75    1191 1213   96
8,5          3290 1538  172    2085  354   61    1205 1184  111
3,1          3285 1564  151    2112  329   59    1173 1235   92
8,7          3281 1573  146    1982  467   51    1299 1106   95
3,3          3279 1578  143    2050  390   60    1229 1188   83
3,6          3278 1557  165    2077  359   64    1201 1198  101
2,1          3276 1573  151    2090  357   53    1186 1216   98
6,1          3271 1584  145    2082  376   42    1189 1208  103
7,3          3269 1584  147    2083  362   55    1186 1222   92
9,6          3267 1591  142    2091  348   61    1176 1243   81
0,6          3257 1582  161    2117  327   56    1140 1255  105
8,9          3255 1582  163    2098  339   63    1157 1243  100
7,5          3240 1612  148    1997  443   60    1243 1169   88
1,1          3238 1592  170    2079  354   67    1159 1238  103
4,3          3238 1588  174    2040  387   73    1198 1201  101
5,1          3238 1584  178    2061  375   64    1177 1209  114
8,4          3232 1623  145    2038  404   58    1194 1219   87
0,8          3230 1623  147    2096  357   47    1134 1266  100
9,1          3228 1619  153    2102  346   52    1126 1273  101
3,5          3221 1605  174    2080  355   65    1141 1250  109
8,0          3218 1615  167    2062  368   70    1156 1247   97
9,3          3210 1635  155    2068  382   50    1142 1253  105
5,9          3194 1653  153    2036  404   60    1158 1249   93
5,5          3191 1650  159    2031  392   77    1160 1258   82
7,7          3183 1664  153    2005  427   68    1178 1237   85
2,5          3180 1624  196    2059  359   82    1121 1265  114
2,0          3172 1685  143    2059  382   59    1113 1303   84
0,5          3166 1657  177    2059  384   57    1107 1273  120
2,7          3163 1680  157    2100  348   52    1063 1332  105
4,9          3159 1658  183    2033  400   67    1126 1258  116
9,9          3157 1696  147    2041  390   69    1116 1306   78
6,9          3149 1712  139    2042  403   55    1107 1309   84
2,9          3137 1698  165    2017  414   69    1120 1284   96
6,8          3135 1702  163    2071  375   54    1064 1327  109
7,2          3135 1724  141    2068  367   65    1067 1357   76
8,6          3129 1713  158    2067  372   61    1062 1341   97
7,1          3108 1736  156    2065  371   64    1043 1365   92
0,3          3097 1727  176    2086  340   74    1011 1387  102
8,8          3086 1749  165    2052  387   61    1034 1362  104
6,5          3058 1779  163    2054  388   58    1004 1391  105
5,2          3053 1782  165    2062  382   56     991 1400  109
6,4          3044 1809  147    2074  371   55     970 1438   92
5,8          3040 1790  170    1953  470   77    1087 1320   93
2,4          3022 1824  154    2060  380   60     962 1444   94
4,8          3006 1844  150    2067  378   55     939 1466   95
4,7          2981 1853  166    2122  311   67     859 1542   99
5,3          2944 1920  136    2121  327   52     823 1593   84
6,3          2936 1901  163    2010  430   60     926 1471  103
9,5          2924 1921  155    2085  360   55     839 1561  100
8,1          2908 1913  179    2068  363   69     840 1550  110
6,2          2871 1974  155    2028  416   56     843 1558   99
100


Team A Total Wins: 329204
Ties: 15698

50x50 vs 4k

Team A: 
Overall:           all             as Black          as White     
                W    L    T       W    L    T       W    L    T  
size: 100
5,4          3634 1224  142    2095  350   55    1539  874   87
1,6          3629 1226  145    2093  341   66    1536  885   79
1,9          3601 1247  152    1978  451   71    1623  796   81
3,7          3595 1268  137    2064  382   54    1531  886   83
4,1          3583 1261  156    2064  374   62    1519  887   94
0,4          3569 1287  144    2046  389   65    1523  898   79
1,7          3543 1290  167    2098  349   53    1445  941  114
2,6          3542 1313  145    2067  372   61    1475  941   84
2,3          3538 1327  135    2035  422   43    1503  905   92
7,8          3529 1337  134    2056  391   53    1473  946   81
0,9          3515 1330  155    2063  378   59    1452  952   96
4,2          3514 1331  155    2082  358   60    1432  973   95
4,4          3501 1346  153    2069  378   53    1432  968  100
8,3          3464 1369  167    1934  492   74    1530  877   93
7,0          3456 1391  153    2059  377   64    1397 1014   89
0,0          3453 1401  146    1963  468   69    1490  933   77
9,8          3444 1423  133    2071  371   58    1373 1052   75
9,7          3411 1433  156    2112  320   68    1299 1113   88
9,4          3390 1447  163    1977  464   59    1413  983  104
1,4          3389 1451  160    2079  353   68    1310 1098   92
4,5          3384 1450  166    2051  385   64    1333 1065  102
7,9          3383 1480  137    2022  423   55    1361 1057   82
3,9          3380 1455  165    2018  417   65    1362 1038  100
8,7          3379 1469  152    2080  363   57    1299 1106   95
8,2          3378 1441  181    1995  434   71    1383 1007  110
1,8          3372 1485  143    2053  395   52    1319 1090   91
6,7          3372 1478  150    2074  375   51    1298 1103   99
3,2          3370 1491  139    2146  309   45    1224 1182   94
9,2          3364 1460  176    2002  433   65    1362 1027  111
2,8          3362 1507  131    2082  357   61    1280 1150   70
3,4          3358 1455  187    2105  327   68    1253 1128  119
0,1          3341 1525  134    2017  423   60    1324 1102   74
6,6          3333 1515  152    1952  490   58    1381 1025   94
1,2          3327 1514  159    2018  424   58    1309 1090  101
0,7          3325 1532  143    2053  380   67    1272 1152   76
3,3          3324 1527  149    2095  339   66    1229 1188   83
3,8          3324 1512  164    2025  413   62    1299 1099  102
4,3          3322 1516  162    2124  315   61    1198 1201  101
4,6          3321 1542  137    2069  372   59    1252 1170   78
3,0          3294 1504  202    1999  434   67    1295 1070  135
1,3          3293 1553  154    1998  432   70    1295 1121   84
9,0          3290 1552  158    1993  439   68    1297 1113   90
4,0          3289 1535  176    2035  396   69    1254 1139  107
5,7          3287 1557  156    2017  425   58    1270 1132   98
5,6          3286 1546  168    2058  380   62    1228 1166  106
7,4          3283 1569  148    2009  435   56    1274 1134   92
7,7          3277 1583  140    2099  346   55    1178 1237   85
0,6          3276 1569  155    2136  314   50    1140 1255  105
5,0          3273 1580  147    2053  388   59    1220 1192   88
3,6          3263 1591  146    2062  393   45    1201 1198  101
7,3          3257 1590  153    2071  368   61    1186 1222   92
3,1          3250 1587  163    2077  352   71    1173 1235   92
8,5          3250 1577  173    2045  393   62    1205 1184  111
7,6          3249 1602  149    1983  464   53    1266 1138   96
2,1          3244 1581  175    2058  365   77    1186 1216   98
9,6          3243 1619  138    2067  376   57    1176 1243   81
5,1          3238 1582  180    2061  373   66    1177 1209  114
1,0          3235 1597  168    1954  475   71    1281 1122   97
1,5          3231 1590  179    1979  445   76    1252 1145  103
3,5          3231 1597  172    2090  347   63    1141 1250  109
6,1          3225 1606  169    2036  398   66    1189 1208  103
8,4          3220 1634  146    2026  415   59    1194 1219   87
5,9          3219 1620  161    2061  371   68    1158 1249   93
2,2          3215 1624  161    2004  431   65    1211 1193   96
6,0          3210 1633  157    2019  420   61    1191 1213   96
0,2          3205 1619  176    2015  419   66    1190 1200  110
8,0          3205 1643  152    2049  396   55    1156 1247   97
2,5          3188 1630  182    2067  365   68    1121 1265  114
8,9          3184 1646  170    2027  403   70    1157 1243  100
0,8          3164 1674  162    2030  408   62    1134 1266  100
9,1          3162 1666  172    2036  393   71    1126 1273  101
1,1          3161 1677  162    2002  439   59    1159 1238  103
6,8          3160 1670  170    2096  343   61    1064 1327  109
7,2          3159 1720  121    2092  363   45    1067 1357   76
5,5          3158 1690  152    1998  432   70    1160 1258   82
8,6          3153 1698  149    2091  357   52    1062 1341   97
5,8          3144 1705  151    2057  385   58    1087 1320   93
7,5          3139 1713  148    1896  544   60    1243 1169   88
0,5          3138 1666  196    2031  393   76    1107 1273  120
2,7          3138 1689  173    2075  357   68    1063 1332  105
9,9          3138 1726  136    2022  420   58    1116 1306   78
2,0          3130 1722  148    2017  419   64    1113 1303   84
2,9          3124 1725  151    2004  441   55    1120 1284   96
4,9          3124 1690  186    1998  432   70    1126 1258  116
5,2          3113 1723  164    2122  323   55     991 1400  109
6,9          3100 1747  153    1993  438   69    1107 1309   84
6,5          3098 1749  153    2094  358   48    1004 1391  105
8,8          3093 1734  173    2059  372   69    1034 1362  104
7,1          3071 1779  150    2028  414   58    1043 1365   92
9,3          3052 1780  168    1910  527   63    1142 1253  105
6,4          3025 1824  151    2055  386   59     970 1438   92
0,3          2984 1847  169    1973  460   67    1011 1387  102
2,4          2981 1846  173    2019  402   79     962 1444   94
6,3          2975 1846  179    2049  375   76     926 1471  103
9,5          2953 1914  133    2114  353   33     839 1561  100
4,8          2952 1879  169    2013  413   74     939 1466   95
8,1          2899 1922  179    2059  372   69     840 1550  110
6,2          2887 1955  158    2044  397   59     843 1558   99
5,3          2860 1997  143    2037  404   59     823 1593   84
4,7          2844 2006  150    1985  464   51     859 1542   99
100


Team A Total Wins: 326508
Ties: 15741

50x50 vs 5k

Team A: 
Overall:           all             as Black          as White     
                W    L    T       W    L    T       W    L    T  
size: 100
1,9          3674 1180  146    2051  384   65    1623  796   81
3,7          3638 1211  151    2107  325   68    1531  886   83
0,4          3611 1241  148    2088  343   69    1523  898   79
5,4          3598 1250  152    2059  376   65    1539  874   87
8,3          3588 1257  155    2058  380   62    1530  877   93
4,1          3557 1289  154    2038  402   60    1519  887   94
2,3          3549 1311  140    2046  406   48    1503  905   92
7,8          3543 1309  148    2070  363   67    1473  946   81
0,0          3527 1329  144    2037  396   67    1490  933   77
1,6          3522 1329  149    1986  444   70    1536  885   79
2,6          3509 1340  151    2034  399   67    1475  941   84
4,2          3504 1342  154    2072  369   59    1432  973   95
4,4          3496 1338  166    2064  370   66    1432  968  100
0,9          3477 1367  156    2025  415   60    1452  952   96
9,4          3473 1350  177    2060  367   73    1413  983  104
7,0          3471 1376  153    2074  362   64    1397 1014   89
1,7          3465 1352  183    2020  411   69    1445  941  114
9,8          3427 1442  131    2054  390   56    1373 1052   75
3,9          3425 1395  180    2063  357   80    1362 1038  100
8,2          3424 1404  172    2041  397   62    1383 1007  110
6,6          3419 1424  157    2038  399   63    1381 1025   94
9,2          3408 1409  183    2046  382   72    1362 1027  111
1,4          3395 1444  161    2085  346   69    1310 1098   92
9,7          3384 1463  153    2085  350   65    1299 1113   88
3,0          3372 1430  198    2077  360   63    1295 1070  135
4,5          3371 1460  169    2038  395   67    1333 1065  102
7,9          3371 1490  139    2010  433   57    1361 1057   82
1,3          3365 1492  143    2070  371   59    1295 1121   84
8,7          3362 1466  172    2063  360   77    1299 1106   95
1,2          3358 1471  171    2049  381   70    1309 1090  101
1,8          3356 1485  159    2037  395   68    1319 1090   91
6,7          3355 1493  152    2057  390   53    1298 1103   99
7,6          3355 1491  154    2089  353   58    1266 1138   96
0,1          3349 1499  152    2025  397   78    1324 1102   74
3,6          3326 1523  151    2125  325   50    1201 1198  101
7,5          3326 1530  144    2083  361   56    1243 1169   88
4,0          3324 1511  165    2070  372   58    1254 1139  107
5,7          3322 1497  181    2052  365   83    1270 1132   98
7,4          3313 1535  152    2039  401   60    1274 1134   92
1,0          3312 1516  172    2031  394   75    1281 1122   97
9,0          3308 1536  156    2011  423   66    1297 1113   90
5,6          3307 1522  171    2079  356   65    1228 1166  106
3,2          3304 1534  162    2080  352   68    1224 1182   94
3,8          3301 1521  178    2002  422   76    1299 1099  102
4,6          3301 1553  146    2049  383   68    1252 1170   78
0,7          3300 1551  149    2028  399   73    1272 1152   76
2,8          3297 1567  136    2017  417   66    1280 1150   70
5,0          3295 1544  161    2075  352   73    1220 1192   88
8,5          3294 1539  167    2089  355   56    1205 1184  111
3,3          3290 1563  147    2061  375   64    1229 1188   83
3,4          3279 1542  179    2026  414   60    1253 1128  119
7,3          3273 1571  156    2087  349   64    1186 1222   92
9,6          3265 1590  145    2089  347   64    1176 1243   81
2,1          3253 1574  173    2067  358   75    1186 1216   98
4,3          3252 1587  161    2054  386   60    1198 1201  101
3,1          3250 1595  155    2077  360   63    1173 1235   92
6,1          3244 1593  163    2055  385   60    1189 1208  103
6,0          3240 1591  169    2049  378   73    1191 1213   96
1,1          3238 1593  169    2079  355   66    1159 1238  103
7,7          3236 1612  152    2058  375   67    1178 1237   85
8,0          3228 1610  162    2072  363   65    1156 1247   97
8,4          3228 1627  145    2034  408   58    1194 1219   87
2,2          3226 1611  163    2015  418   67    1211 1193   96
1,5          3223 1607  170    1971  462   67    1252 1145  103
9,3          3221 1601  178    2079  348   73    1142 1253  105
2,0          3220 1632  148    2107  329   64    1113 1303   84
5,5          3217 1640  143    2057  382   61    1160 1258   82
3,5          3215 1615  170    2074  365   61    1141 1250  109
5,9          3204 1636  160    2046  387   67    1158 1249   93
8,9          3204 1630  166    2047  387   66    1157 1243  100
0,6          3192 1642  166    2052  387   61    1140 1255  105
4,9          3190 1633  177    2064  375   61    1126 1258  116
0,5          3189 1626  185    2082  353   65    1107 1273  120
5,1          3180 1646  174    2003  437   60    1177 1209  114
0,2          3177 1648  175    1987  448   65    1190 1200  110
2,5          3177 1644  179    2056  379   65    1121 1265  114
9,9          3168 1696  136    2052  390   58    1116 1306   78
7,2          3161 1699  140    2094  342   64    1067 1357   76
0,8          3150 1681  169    2016  415   69    1134 1266  100
2,9          3143 1692  165    2023  408   69    1120 1284   96
6,8          3140 1678  182    2076  351   73    1064 1327  109
5,8          3139 1707  154    2052  387   61    1087 1320   93
8,6          3125 1734  141    2063  393   44    1062 1341   97
8,8          3124 1691  185    2090  329   81    1034 1362  104
9,1          3120 1711  169    1994  438   68    1126 1273  101
6,9          3119 1735  146    2012  426   62    1107 1309   84
7,1          3113 1732  155    2070  367   63    1043 1365   92
0,3          3099 1743  158    2088  356   56    1011 1387  102
2,7          3079 1740  181    2016  408   76    1063 1332  105
2,4          3058 1787  155    2096  343   61     962 1444   94
6,4          3037 1806  157    2067  368   65     970 1438   92
6,5          3032 1803  165    2028  412   60    1004 1391  105
5,2          3017 1809  174    2026  409   65     991 1400  109
4,8          2961 1875  164    2022  409   69     939 1466   95
6,3          2949 1877  174    2023  406   71     926 1471  103
9,5          2928 1908  164    2089  347   64     839 1561  100
4,7          2923 1914  163    2064  372   64     859 1542   99
6,2          2894 1943  163    2051  385   64     843 1558   99
5,3          2868 1990  142    2045  397   58     823 1593   84
8,1          2847 1989  164    2007  439   54     840 1550  110
100


Team A Total Wins: 327633
Ties: 16060

50x50 vs 6k

Team A: 
Overall:           all             as Black          as White     
                W    L    T       W    L    T       W    L    T  
size: 100
1,9          3673 1182  145    2050  386   64    1623  796   81
2,3          3652 1208  140    2149  303   48    1503  905   92
5,4          3649 1205  146    2110  331   59    1539  874   87
0,4          3636 1229  135    2113  331   56    1523  898   79
4,1          3636 1221  143    2117  334   49    1519  887   94
1,6          3632 1228  140    2096  343   61    1536  885   79
7,8          3622 1223  155    2149  277   74    1473  946   81
3,7          3617 1254  129    2086  368   46    1531  886   83
8,3          3612 1226  162    2082  349   69    1530  877   93
2,6          3607 1258  135    2132  317   51    1475  941   84
0,0          3599 1266  135    2109  333   58    1490  933   77
4,2          3572 1281  147    2140  308   52    1432  973   95
1,7          3566 1262  172    2121  321   58    1445  941  114
0,9          3551 1303  146    2099  351   50    1452  952   96
4,4          3529 1308  163    2097  340   63    1432  968  100
9,4          3519 1315  166    2106  332   62    1413  983  104
8,2          3514 1320  166    2131  313   56    1383 1007  110
6,6          3511 1339  150    2130  314   56    1381 1025   94
3,9          3496 1365  139    2134  327   39    1362 1038  100
7,0          3495 1352  153    2098  338   64    1397 1014   89
0,1          3448 1427  125    2124  325   51    1324 1102   74
1,8          3445 1412  143    2126  322   52    1319 1090   91
3,8          3445 1400  155    2146  301   53    1299 1099  102
7,9          3443 1414  143    2082  357   61    1361 1057   82
1,4          3438 1417  145    2128  319   53    1310 1098   92
9,2          3433 1378  189    2071  351   78    1362 1027  111
6,7          3432 1408  160    2134  305   61    1298 1103   99
3,0          3429 1376  195    2134  306   60    1295 1070  135
1,3          3425 1433  142    2130  312   58    1295 1121   84
1,0          3421 1412  167    2140  290   70    1281 1122   97
9,8          3419 1443  138    2046  391   63    1373 1052   75
4,5          3412 1423  165    2079  358   63    1333 1065  102
5,7          3412 1433  155    2142  301   57    1270 1132   98
9,0          3408 1443  149    2111  330   59    1297 1113   90
7,6          3405 1422  173    2139  284   77    1266 1138   96
8,7          3390 1458  152    2091  352   57    1299 1106   95
3,3          3387 1486  127    2158  298   44    1229 1188   83
4,0          3386 1457  157    2132  318   50    1254 1139  107
2,2          3381 1481  138    2170  288   42    1211 1193   96
9,7          3379 1467  154    2080  354   66    1299 1113   88
3,2          3377 1477  146    2153  295   52    1224 1182   94
7,4          3376 1473  151    2102  339   59    1274 1134   92
1,2          3372 1459  169    2063  369   68    1309 1090  101
0,7          3369 1499  132    2097  347   56    1272 1152   76
3,4          3366 1457  177    2113  329   58    1253 1128  119
2,8          3356 1504  140    2076  354   70    1280 1150   70
5,9          3349 1515  136    2191  266   43    1158 1249   93
4,6          3340 1527  133    2088  357   55    1252 1170   78
5,0          3336 1521  143    2116  329   55    1220 1192   88
7,7          3336 1525  139    2158  288   54    1178 1237   85
1,5          3335 1514  151    2083  369   48    1252 1145  103
5,6          3334 1495  171    2106  329   65    1228 1166  106
8,4          3317 1523  160    2123  304   73    1194 1219   87
7,5          3310 1541  149    2067  372   61    1243 1169   88
8,5          3308 1525  167    2103  341   56    1205 1184  111
4,3          3300 1543  157    2102  342   56    1198 1201  101
6,0          3298 1549  153    2107  336   57    1191 1213   96
7,3          3298 1548  154    2112  326   62    1186 1222   92
2,1          3295 1535  170    2109  319   72    1186 1216   98
5,1          3294 1535  171    2117  326   57    1177 1209  114
3,1          3288 1568  144    2115  333   52    1173 1235   92
3,6          3287 1552  161    2086  354   60    1201 1198  101
0,2          3275 1558  167    2085  358   57    1190 1200  110
6,1          3274 1565  161    2085  357   58    1189 1208  103
9,6          3274 1584  142    2098  341   61    1176 1243   81
5,5          3273 1590  137    2113  332   55    1160 1258   82
2,5          3256 1582  162    2135  317   48    1121 1265  114
4,9          3256 1557  187    2130  299   71    1126 1258  116
8,9          3255 1591  154    2098  348   54    1157 1243  100
1,1          3253 1597  150    2094  359   47    1159 1238  103
9,3          3245 1595  160    2103  342   55    1142 1253  105
0,5          3237 1585  178    2130  312   58    1107 1273  120
3,5          3233 1599  168    2092  349   59    1141 1250  109
8,0          3231 1613  156    2075  366   59    1156 1247   97
2,0          3227 1646  127    2114  343   43    1113 1303   84
0,8          3226 1604  170    2092  338   70    1134 1266  100
6,9          3209 1641  150    2102  332   66    1107 1309   84
9,1          3200 1647  153    2074  374   52    1126 1273  101
2,9          3199 1650  151    2079  366   55    1120 1284   96
5,8          3197 1654  149    2110  334   56    1087 1320   93
0,6          3192 1644  164    2052  389   59    1140 1255  105
2,7          3186 1641  173    2123  309   68    1063 1332  105
9,9          3185 1673  142    2069  367   64    1116 1306   78
7,1          3136 1710  154    2093  345   62    1043 1365   92
7,2          3136 1721  143    2069  364   67    1067 1357   76
6,5          3127 1726  147    2123  335   42    1004 1391  105
6,8          3122 1697  181    2058  370   72    1064 1327  109
8,6          3118 1718  164    2056  377   67    1062 1341   97
0,3          3117 1731  152    2106  344   50    1011 1387  102
5,2          3109 1733  158    2118  333   49     991 1400  109
8,8          3103 1737  160    2069  375   56    1034 1362  104
2,4          3096 1759  145    2134  315   51     962 1444   94
4,8          3045 1801  154    2106  335   59     939 1466   95
6,3          3023 1815  162    2097  344   59     926 1471  103
6,4          3013 1822  165    2043  384   73     970 1438   92
9,5          2991 1849  160    2152  288   60     839 1561  100
4,7          2935 1900  165    2076  358   66     859 1542   99
8,1          2929 1911  160    2089  361   50     840 1550  110
6,2          2919 1933  148    2076  375   49     843 1558   99
5,3          2911 1927  162    2088  334   78     823 1593   84
100


Team A Total Wins: 332980
Ties: 15394

50x50 vs 7k

Team A: 
Overall:           all             as Black          as White     
                W    L    T       W    L    T       W    L    T  
size: 100
1,9          3710 1164  126    2087  368   45    1623  796   81
5,4          3659 1189  152    2120  315   65    1539  874   87
8,3          3634 1211  155    2104  334   62    1530  877   93
3,7          3619 1241  140    2088  355   57    1531  886   83
1,6          3608 1252  140    2072  367   61    1536  885   79
0,0          3592 1267  141    2102  334   64    1490  933   77
4,1          3581 1263  156    2062  376   62    1519  887   94
2,3          3573 1262  165    2070  357   73    1503  905   92
0,4          3563 1303  134    2040  405   55    1523  898   79
7,8          3559 1313  128    2086  367   47    1473  946   81
0,9          3524 1317  159    2072  365   63    1452  952   96
2,6          3521 1338  141    2046  397   57    1475  941   84
4,4          3517 1328  155    2085  360   55    1432  968  100
1,7          3497 1331  172    2052  390   58    1445  941  114
4,2          3490 1353  157    2058  380   62    1432  973   95
7,0          3485 1364  151    2088  350   62    1397 1014   89
9,4          3482 1361  157    2069  378   53    1413  983  104
9,8          3479 1382  139    2106  330   64    1373 1052   75
6,6          3477 1360  163    2096  335   69    1381 1025   94
8,2          3470 1365  165    2087  358   55    1383 1007  110
9,2          3440 1389  171    2078  362   60    1362 1027  111
1,8          3421 1437  142    2102  347   51    1319 1090   91
3,9          3421 1424  155    2059  386   55    1362 1038  100
7,9          3421 1437  142    2060  380   60    1361 1057   82
0,1          3396 1468  136    2072  366   62    1324 1102   74
8,7          3394 1454  152    2095  348   57    1299 1106   95
3,8          3392 1448  160    2093  349   58    1299 1099  102
1,2          3390 1438  172    2081  348   71    1309 1090  101
3,0          3386 1415  199    2091  345   64    1295 1070  135
1,0          3385 1455  160    2104  333   63    1281 1122   97
5,7          3384 1475  141    2114  343   43    1270 1132   98
7,6          3374 1469  157    2108  331   61    1266 1138   96
6,7          3370 1444  186    2072  341   87    1298 1103   99
4,5          3369 1474  157    2036  409   55    1333 1065  102
1,3          3363 1481  156    2068  360   72    1295 1121   84
2,8          3358 1511  131    2078  361   61    1280 1150   70
0,7          3353 1520  127    2081  368   51    1272 1152   76
5,6          3352 1484  164    2124  318   58    1228 1166  106
9,0          3352 1496  152    2055  383   62    1297 1113   90
9,7          3352 1500  148    2053  387   60    1299 1113   88
7,4          3348 1497  155    2074  363   63    1274 1134   92
7,5          3340 1523  137    2097  354   49    1243 1169   88
4,6          3315 1553  132    2063  383   54    1252 1170   78
1,4          3309 1524  167    1999  426   75    1310 1098   92
3,3          3305 1544  151    2076  356   68    1229 1188   83
5,0          3301 1547  152    2081  355   64    1220 1192   88
3,2          3300 1547  153    2076  365   59    1224 1182   94
6,1          3300 1533  167    2111  325   64    1189 1208  103
2,2          3299 1537  164    2088  344   68    1211 1193   96
3,4          3298 1520  182    2045  392   63    1253 1128  119
4,0          3297 1516  187    2043  377   80    1254 1139  107
2,1          3283 1563  154    2097  347   56    1186 1216   98
8,5          3281 1539  180    2076  355   69    1205 1184  111
5,9          3280 1578  142    2122  329   49    1158 1249   93
0,2          3273 1558  169    2083  358   59    1190 1200  110
7,3          3266 1587  147    2080  365   55    1186 1222   92
6,0          3261 1583  156    2070  370   60    1191 1213   96
5,1          3258 1575  167    2081  366   53    1177 1209  114
3,6          3257 1582  161    2056  384   60    1201 1198  101
3,1          3252 1594  154    2079  359   62    1173 1235   92
4,3          3251 1585  164    2053  384   63    1198 1201  101
8,0          3250 1594  156    2094  347   59    1156 1247   97
7,7          3247 1612  141    2069  375   56    1178 1237   85
5,5          3246 1623  131    2086  365   49    1160 1258   82
9,9          3240 1632  128    2124  326   50    1116 1306   78
9,3          3234 1601  165    2092  348   60    1142 1253  105
8,4          3231 1623  146    2037  404   59    1194 1219   87
9,1          3231 1619  150    2105  346   49    1126 1273  101
1,1          3229 1605  166    2070  367   63    1159 1238  103
1,5          3228 1600  172    1976  455   69    1252 1145  103
8,9          3220 1620  160    2063  377   60    1157 1243  100
0,6          3210 1623  167    2070  368   62    1140 1255  105
4,9          3209 1607  184    2083  349   68    1126 1258  116
2,0          3205 1630  165    2092  327   81    1113 1303   84
0,8          3196 1635  169    2062  369   69    1134 1266  100
9,6          3187 1673  140    2011  430   59    1176 1243   81
5,8          3178 1675  147    2091  355   54    1087 1320   93
2,9          3176 1654  170    2056  370   74    1120 1284   96
6,9          3174 1670  156    2067  361   72    1107 1309   84
2,5          3171 1647  182    2050  382   68    1121 1265  114
3,5          3171 1658  171    2030  408   62    1141 1250  109
7,2          3163 1701  136    2096  344   60    1067 1357   76
8,6          3146 1687  167    2084  346   70    1062 1341   97
6,8          3135 1700  165    2071  373   56    1064 1327  109
8,8          3135 1701  164    2101  339   60    1034 1362  104
7,1          3122 1731  147    2079  366   55    1043 1365   92
6,5          3121 1718  161    2117  327   56    1004 1391  105
0,5          3119 1687  194    2012  414   74    1107 1273  120
2,7          3109 1727  164    2046  395   59    1063 1332  105
0,3          3068 1755  177    2057  368   75    1011 1387  102
5,2          3037 1791  172    2046  391   63     991 1400  109
4,8          3029 1809  162    2090  343   67     939 1466   95
6,3          2999 1841  160    2073  370   57     926 1471  103
6,4          2998 1826  176    2028  388   84     970 1438   92
2,4          2958 1885  157    1996  441   63     962 1444   94
4,7          2951 1882  167    2092  340   68     859 1542   99
8,1          2930 1897  173    2090  347   63     840 1550  110
5,3          2890 1956  154    2067  363   70     823 1593   84
6,2          2866 1966  168    2023  408   69     843 1558   99
9,5          2856 1977  167    2017  416   67     839 1561  100
100


Team A Total Wins: 329652
Ties: 15742

50x50 vs 8k


50x50 vs 10k

Team A: 
Overall:           all             as Black          as White     
                W    L    T       W    L    T       W    L    T  
size: 100
1,9          3697 1154  149    2074  358   68    1623  796   81
2,3          3621 1231  148    2118  326   56    1503  905   92
0,4          3598 1258  144    2075  360   65    1523  898   79
1,6          3598 1257  145    2062  372   66    1536  885   79
3,7          3595 1261  144    2064  375   61    1531  886   83
8,3          3574 1271  155    2044  394   62    1530  877   93
5,4          3570 1286  144    2031  412   57    1539  874   87
7,8          3552 1300  148    2079  354   67    1473  946   81
2,6          3539 1316  145    2064  375   61    1475  941   84
4,1          3539 1307  154    2020  420   60    1519  887   94
1,7          3533 1294  173    2088  353   59    1445  941  114
0,0          3524 1334  142    2034  401   65    1490  933   77
9,4          3496 1336  168    2083  353   64    1413  983  104
4,2          3490 1354  156    2058  381   61    1432  973   95
0,9          3488 1349  163    2036  397   67    1452  952   96
4,4          3486 1351  163    2054  383   63    1432  968  100
7,9          3473 1398  129    2112  341   47    1361 1057   82
7,0          3453 1385  162    2056  371   73    1397 1014   89
9,8          3448 1417  135    2075  365   60    1373 1052   75
1,8          3442 1418  140    2123  328   49    1319 1090   91
3,9          3430 1414  156    2068  376   56    1362 1038  100
1,4          3424 1425  151    2114  327   59    1310 1098   92
6,6          3419 1432  149    2038  407   55    1381 1025   94
3,0          3415 1400  185    2120  330   50    1295 1070  135
4,5          3415 1426  159    2082  361   57    1333 1065  102
1,5          3410 1433  157    2158  288   54    1252 1145  103
8,2          3410 1421  169    2027  414   59    1383 1007  110
9,2          3407 1432  161    2045  405   50    1362 1027  111
3,8          3388 1454  158    2089  355   56    1299 1099  102
8,7          3386 1463  151    2087  357   56    1299 1106   95
9,7          3383 1461  156    2084  348   68    1299 1113   88
1,2          3377 1462  161    2068  372   60    1309 1090  101
1,3          3369 1471  160    2074  350   76    1295 1121   84
3,3          3367 1490  143    2138  302   60    1229 1188   83
3,4          3364 1451  185    2111  323   66    1253 1128  119
0,1          3361 1498  141    2037  396   67    1324 1102   74
7,4          3354 1497  149    2080  363   57    1274 1134   92
2,8          3348 1529  123    2068  379   53    1280 1150   70
6,7          3345 1502  153    2047  399   54    1298 1103   99
9,0          3344 1518  138    2047  405   48    1297 1113   90
7,6          3333 1519  148    2067  381   52    1266 1138   96
0,7          3332 1522  146    2060  370   70    1272 1152   76
7,5          3330 1528  142    2087  359   54    1243 1169   88
4,0          3326 1507  167    2072  368   60    1254 1139  107
4,6          3323 1526  151    2071  356   73    1252 1170   78
3,2          3320 1528  152    2096  346   58    1224 1182   94
8,5          3318 1521  161    2113  337   50    1205 1184  111
2,2          3309 1541  150    2098  348   54    1211 1193   96
3,6          3295 1541  164    2094  343   63    1201 1198  101
7,7          3292 1571  137    2114  334   52    1178 1237   85
1,0          3284 1555  161    2003  433   64    1281 1122   97
5,7          3283 1547  170    2013  415   72    1270 1132   98
8,4          3283 1565  152    2089  346   65    1194 1219   87
5,0          3282 1558  160    2062  366   72    1220 1192   88
5,6          3271 1557  172    2043  391   66    1228 1166  106
6,0          3260 1580  160    2069  367   64    1191 1213   96
5,9          3258 1591  151    2100  342   58    1158 1249   93
0,2          3257 1573  170    2067  373   60    1190 1200  110
5,1          3248 1582  170    2071  373   56    1177 1209  114
3,1          3245 1605  150    2072  370   58    1173 1235   92
0,8          3244 1591  165    2110  325   65    1134 1266  100
1,1          3242 1591  167    2083  353   64    1159 1238  103
2,1          3239 1601  160    2053  385   62    1186 1216   98
6,1          3238 1596  166    2049  388   63    1189 1208  103
9,3          3237 1614  149    2095  361   44    1142 1253  105
9,6          3235 1621  144    2059  378   63    1176 1243   81
7,3          3231 1619  150    2045  397   58    1186 1222   92
4,3          3228 1610  162    2030  409   61    1198 1201  101
6,9          3226 1636  138    2119  327   54    1107 1309   84
0,6          3217 1625  158    2077  370   53    1140 1255  105
9,9          3217 1640  143    2101  334   65    1116 1306   78
3,5          3208 1632  160    2067  382   51    1141 1250  109
0,5          3207 1618  175    2100  345   55    1107 1273  120
5,5          3203 1640  157    2043  382   75    1160 1258   82
4,9          3201 1629  170    2075  371   54    1126 1258  116
9,1          3200 1648  152    2074  375   51    1126 1273  101
8,9          3190 1665  145    2033  422   45    1157 1243  100
8,0          3181 1650  169    2025  403   72    1156 1247   97
2,0          3180 1679  141    2067  376   57    1113 1303   84
2,9          3180 1663  157    2060  379   61    1120 1284   96
8,6          3177 1672  151    2115  331   54    1062 1341   97
2,5          3175 1647  178    2054  382   64    1121 1265  114
6,8          3159 1685  156    2095  358   47    1064 1327  109
2,7          3142 1682  176    2079  350   71    1063 1332  105
0,3          3135 1706  159    2124  319   57    1011 1387  102
5,8          3116 1727  157    2029  407   64    1087 1320   93
7,2          3113 1738  149    2046  381   73    1067 1357   76
8,8          3073 1762  165    2039  400   61    1034 1362  104
5,2          3058 1773  169    2067  373   60     991 1400  109
6,5          3057 1775  168    2053  384   63    1004 1391  105
7,1          3057 1783  160    2014  418   68    1043 1365   92
6,4          3040 1803  157    2070  365   65     970 1438   92
2,4          3029 1813  158    2067  369   64     962 1444   94
4,8          2991 1858  151    2052  392   56     939 1466   95
6,3          2952 1880  168    2026  409   65     926 1471  103
9,5          2921 1925  154    2082  364   54     839 1561  100
4,7          2918 1934  148    2059  392   49     859 1542   99
6,2          2898 1932  170    2055  374   71     843 1558   99
8,1          2884 1938  178    2044  388   68     840 1550  110
5,3          2869 1982  149    2046  389   65     823 1593   84
100


Team A Total Wins: 329349
Ties: 15595
