
50x50 vs 1k

Team A: 
Overall:           all             as Black          as White     
                W    L    T       W    L    T       W    L    T  
size: 100
8,3          3397 1432  171    1867  555   78    1530  877   93
0,4          3357 1487  156    1834  589   77    1523  898   79
1,7          3351 1457  192    1906  516   78    1445  941  114
3,7          3347 1501  152    1816  615   69    1531  886   83
5,4          3342 1487  171    1803  613   84    1539  874   87
2,6          3338 1505  157    1863  564   73    1475  941   84
1,6          3331 1514  155    1795  629   76    1536  885   79
4,1          3323 1511  166    1804  624   72    1519  887   94
2,3          3307 1519  174    1804  614   82    1503  905   92
4,2          3301 1537  162    1869  564   67    1432  973   95
1,9          3298 1531  171    1675  735   90    1623  796   81
7,8          3281 1560  159    1808  614   78    1473  946   81
9,4          3276 1544  180    1863  561   76    1413  983  104
4,4          3273 1543  184    1841  575   84    1432  968  100
0,9          3269 1554  177    1817  602   81    1452  952   96
0,0          3244 1595  161    1754  662   84    1490  933   77
7,0          3239 1602  159    1842  588   70    1397 1014   89
9,8          3236 1613  151    1863  561   76    1373 1052   75
8,7          3230 1598  172    1931  492   77    1299 1106   95
8,2          3225 1588  187    1842  581   77    1383 1007  110
1,2          3223 1600  177    1914  510   76    1309 1090  101
9,2          3204 1596  200    1842  569   89    1362 1027  111
0,1          3199 1656  145    1875  554   71    1324 1102   74
1,4          3193 1634  173    1883  536   81    1310 1098   92
7,9          3181 1651  168    1820  594   86    1361 1057   82
4,5          3166 1638  196    1833  573   94    1333 1065  102
9,7          3161 1685  154    1862  572   66    1299 1113   88
6,6          3148 1684  168    1767  659   74    1381 1025   94
4,6          3147 1702  151    1895  532   73    1252 1170   78
5,7          3138 1693  169    1868  561   71    1270 1132   98
1,3          3129 1702  169    1834  581   85    1295 1121   84
7,6          3120 1713  167    1854  575   71    1266 1138   96
1,8          3114 1709  177    1795  619   86    1319 1090   91
8,5          3113 1718  169    1908  534   58    1205 1184  111
9,0          3104 1718  178    1807  605   88    1297 1113   90
3,2          3086 1742  172    1862  560   78    1224 1182   94
3,8          3086 1732  182    1787  633   80    1299 1099  102
7,4          3084 1759  157    1810  625   65    1274 1134   92
1,0          3079 1740  181    1798  618   84    1281 1122   97
0,7          3070 1766  164    1798  614   88    1272 1152   76
0,2          3055 1763  182    1865  563   72    1190 1200  110
7,5          3055 1767  178    1812  598   90    1243 1169   88
7,7          3051 1792  157    1873  555   72    1178 1237   85
7,3          3047 1778  175    1861  556   83    1186 1222   92
3,9          3046 1762  192    1684  724   92    1362 1038  100
3,3          3025 1824  151    1796  636   68    1229 1188   83
3,0          3023 1746  231    1728  676   96    1295 1070  135
6,7          3023 1796  181    1725  693   82    1298 1103   99
9,6          3018 1797  185    1842  554  104    1176 1243   81
2,1          3010 1812  178    1824  596   80    1186 1216   98
5,6          3008 1794  198    1780  628   92    1228 1166  106
1,5          3000 1809  191    1748  664   88    1252 1145  103
1,1          2999 1829  172    1840  591   69    1159 1238  103
9,9          2990 1852  158    1874  546   80    1116 1306   78
5,9          2988 1835  177    1830  586   84    1158 1249   93
3,1          2986 1840  174    1813  605   82    1173 1235   92
4,0          2986 1828  186    1732  689   79    1254 1139  107
3,4          2984 1805  211    1731  677   92    1253 1128  119
8,4          2984 1841  175    1790  622   88    1194 1219   87
5,5          2982 1861  157    1822  603   75    1160 1258   82
6,1          2980 1841  179    1791  633   76    1189 1208  103
7,2          2979 1871  150    1912  514   74    1067 1357   76
3,6          2977 1836  187    1776  638   86    1201 1198  101
2,2          2973 1852  175    1762  659   79    1211 1193   96
4,9          2971 1833  196    1845  575   80    1126 1258  116
4,3          2968 1835  197    1770  634   96    1198 1201  101
8,6          2965 1868  167    1903  527   70    1062 1341   97
3,5          2953 1849  198    1812  599   89    1141 1250  109
6,0          2946 1861  193    1755  648   97    1191 1213   96
9,3          2946 1865  189    1804  612   84    1142 1253  105
8,0          2941 1879  180    1785  632   83    1156 1247   97
2,5          2932 1870  198    1811  605   84    1121 1265  114
9,1          2932 1887  181    1806  614   80    1126 1273  101
0,6          2929 1890  181    1789  635   76    1140 1255  105
0,8          2919 1908  173    1785  642   73    1134 1266  100
8,9          2902 1927  171    1745  684   71    1157 1243  100
5,1          2898 1915  187    1721  706   73    1177 1209  114
6,8          2887 1921  192    1823  594   83    1064 1327  109
2,8          2886 1941  173    1606  791  103    1280 1150   70
2,7          2879 1934  187    1816  602   82    1063 1332  105
7,1          2878 1954  168    1835  589   76    1043 1365   92
2,9          2876 1934  190    1756  650   94    1120 1284   96
2,0          2872 1954  174    1759  651   90    1113 1303   84
5,8          2870 1941  189    1783  621   96    1087 1320   93
6,3          2866 1976  158    1940  505   55     926 1471  103
0,3          2854 1959  187    1843  572   85    1011 1387  102
8,8          2852 1939  209    1818  577  105    1034 1362  104
5,0          2831 2009  160    1611  817   72    1220 1192   88
6,4          2827 1996  177    1857  558   85     970 1438   92
0,5          2823 1969  208    1716  696   88    1107 1273  120
4,8          2780 2065  155    1841  599   60     939 1466   95
6,5          2775 2051  174    1771  660   69    1004 1391  105
6,9          2747 2093  160    1640  784   76    1107 1309   84
9,5          2745 2087  168    1906  526   68     839 1561  100
5,2          2732 2075  193    1741  675   84     991 1400  109
4,7          2692 2133  175    1833  591   76     859 1542   99
2,4          2684 2128  188    1722  684   94     962 1444   94
8,1          2681 2126  193    1841  576   83     840 1550  110
6,2          2635 2186  179    1792  628   80     843 1558   99
5,3          2626 2203  171    1803  610   87     823 1593   84
100


Team A Total Wins: 303379
Ties: 17613

50x50 vs 2k

Team A: 
Overall:           all             as Black          as White     
                W    L    T       W    L    T       W    L    T  
size: 100
0,4          3440 1414  146    1917  516   67    1523  898   79
1,9          3434 1397  169    1811  601   88    1623  796   81
1,6          3422 1418  160    1886  533   81    1536  885   79
3,7          3394 1449  157    1863  563   74    1531  886   83
8,3          3343 1467  190    1813  590   97    1530  877   93
5,4          3337 1469  194    1798  595  107    1539  874   87
1,7          3320 1499  181    1875  558   67    1445  941  114
0,9          3317 1505  178    1865  553   82    1452  952   96
4,1          3315 1502  183    1796  615   89    1519  887   94
7,8          3313 1523  164    1840  577   83    1473  946   81
0,0          3306 1537  157    1816  604   80    1490  933   77
2,6          3275 1557  168    1800  616   84    1475  941   84
2,3          3274 1553  173    1771  648   81    1503  905   92
4,2          3269 1552  179    1837  579   84    1432  973   95
9,4          3242 1563  195    1829  580   91    1413  983  104
7,9          3240 1601  159    1879  544   77    1361 1057   82
7,0          3215 1609  176    1818  595   87    1397 1014   89
4,4          3214 1613  173    1782  645   73    1432  968  100
6,6          3203 1622  175    1822  597   81    1381 1025   94
9,2          3202 1598  200    1840  571   89    1362 1027  111
1,8          3190 1644  166    1871  554   75    1319 1090   91
3,8          3183 1634  183    1884  535   81    1299 1099  102
8,2          3181 1634  185    1798  627   75    1383 1007  110
3,9          3154 1648  198    1792  610   98    1362 1038  100
4,5          3148 1667  185    1815  602   83    1333 1065  102
1,4          3130 1697  173    1820  599   81    1310 1098   92
0,1          3126 1715  159    1802  613   85    1324 1102   74
0,7          3108 1742  150    1836  590   74    1272 1152   76
5,6          3103 1712  185    1875  546   79    1228 1166  106
2,8          3101 1753  146    1821  603   76    1280 1150   70
8,7          3101 1725  174    1802  619   79    1299 1106   95
4,6          3100 1738  162    1848  568   84    1252 1170   78
9,0          3098 1732  170    1801  619   80    1297 1113   90
3,0          3096 1680  224    1801  610   89    1295 1070  135
9,8          3083 1759  158    1710  707   83    1373 1052   75
5,7          3082 1738  180    1812  606   82    1270 1132   98
9,7          3080 1761  159    1781  648   71    1299 1113   88
3,4          3079 1723  198    1826  595   79    1253 1128  119
3,6          3075 1742  183    1874  544   82    1201 1198  101
5,1          3073 1746  181    1896  537   67    1177 1209  114
7,4          3073 1744  183    1799  610   91    1274 1134   92
5,0          3070 1756  174    1850  564   86    1220 1192   88
6,7          3070 1737  193    1772  634   94    1298 1103   99
1,0          3063 1753  184    1782  631   87    1281 1122   97
4,0          3054 1761  185    1800  622   78    1254 1139  107
7,6          3048 1769  183    1782  631   87    1266 1138   96
3,3          3045 1794  161    1816  606   78    1229 1188   83
8,5          3044 1776  180    1839  592   69    1205 1184  111
1,5          3042 1771  187    1790  626   84    1252 1145  103
1,3          3032 1764  204    1737  643  120    1295 1121   84
7,5          3032 1790  178    1789  621   90    1243 1169   88
3,2          3011 1826  163    1787  644   69    1224 1182   94
0,8          3010 1808  182    1876  542   82    1134 1266  100
6,0          3009 1808  183    1818  595   87    1191 1213   96
3,5          3001 1826  173    1860  576   64    1141 1250  109
6,1          3000 1807  193    1811  599   90    1189 1208  103
8,9          2997 1824  179    1840  581   79    1157 1243  100
2,2          2996 1833  171    1785  640   75    1211 1193   96
7,7          2995 1856  149    1817  619   64    1178 1237   85
8,4          2994 1847  159    1800  628   72    1194 1219   87
9,3          2993 1817  190    1851  564   85    1142 1253  105
7,3          2992 1812  196    1806  590  104    1186 1222   92
6,9          2991 1849  160    1884  540   76    1107 1309   84
1,1          2990 1831  179    1831  593   76    1159 1238  103
0,2          2983 1826  191    1793  626   81    1190 1200  110
0,6          2976 1831  193    1836  576   88    1140 1255  105
9,6          2970 1862  168    1794  619   87    1176 1243   81
5,9          2969 1847  184    1811  598   91    1158 1249   93
1,2          2963 1852  185    1654  762   84    1309 1090  101
2,5          2960 1834  206    1839  569   92    1121 1265  114
3,1          2959 1869  172    1786  634   80    1173 1235   92
4,3          2959 1869  172    1761  668   71    1198 1201  101
2,9          2952 1861  187    1832  577   91    1120 1284   96
8,0          2951 1863  186    1795  616   89    1156 1247   97
0,5          2945 1859  196    1838  586   76    1107 1273  120
5,8          2925 1899  176    1838  579   83    1087 1320   93
5,5          2924 1919  157    1764  661   75    1160 1258   82
6,8          2922 1894  184    1858  567   75    1064 1327  109
2,0          2896 1940  164    1783  637   80    1113 1303   84
9,1          2885 1915  200    1759  642   99    1126 1273  101
9,9          2875 1961  164    1759  655   86    1116 1306   78
5,2          2874 1937  189    1883  537   80     991 1400  109
8,6          2870 1949  181    1808  608   84    1062 1341   97
2,7          2867 1946  187    1804  614   82    1063 1332  105
4,9          2857 1951  192    1731  693   76    1126 1258  116
7,1          2842 1984  174    1799  619   82    1043 1365   92
0,3          2836 1967  197    1825  580   95    1011 1387  102
7,2          2834 1996  170    1767  639   94    1067 1357   76
2,1          2814 1990  196    1628  774   98    1186 1216   98
8,8          2812 2001  187    1778  639   83    1034 1362  104
4,8          2811 2012  177    1872  546   82     939 1466   95
6,5          2796 2019  185    1792  628   80    1004 1391  105
6,4          2790 2052  158    1820  614   66     970 1438   92
2,4          2729 2084  187    1767  640   93     962 1444   94
6,3          2709 2124  167    1783  653   64     926 1471  103
9,5          2669 2159  172    1830  598   72     839 1561  100
4,7          2664 2155  181    1805  613   82     859 1542   99
6,2          2612 2196  192    1769  638   93     843 1558   99
8,1          2593 2209  198    1753  659   88     840 1550  110
5,3          2554 2284  162    1731  691   78     823 1593   84
100


Team A Total Wins: 303465
Ties: 17822

50x50 vs 3k

Team A: 
Overall:           all             as Black          as White     
                W    L    T       W    L    T       W    L    T  
size: 100
1,9          3507 1342  151    1884  546   70    1623  796   81
3,7          3507 1344  149    1976  458   66    1531  886   83
1,6          3458 1381  161    1922  496   82    1536  885   79
4,1          3418 1413  169    1899  526   75    1519  887   94
8,3          3395 1434  171    1865  557   78    1530  877   93
5,4          3393 1430  177    1854  556   90    1539  874   87
0,0          3374 1473  153    1884  540   76    1490  933   77
2,6          3373 1466  161    1898  525   77    1475  941   84
2,3          3367 1446  187    1864  541   95    1503  905   92
4,2          3353 1489  158    1921  516   63    1432  973   95
4,4          3348 1478  174    1916  510   74    1432  968  100
0,9          3335 1482  183    1883  530   87    1452  952   96
7,8          3334 1496  170    1861  550   89    1473  946   81
0,4          3306 1510  184    1783  612  105    1523  898   79
9,4          3285 1534  181    1872  551   77    1413  983  104
7,9          3261 1590  149    1900  533   67    1361 1057   82
1,7          3260 1542  198    1815  601   84    1445  941  114
9,8          3257 1592  151    1884  540   76    1373 1052   75
7,0          3251 1581  168    1854  567   79    1397 1014   89
0,1          3235 1607  158    1911  505   84    1324 1102   74
4,5          3230 1595  175    1897  530   73    1333 1065  102
1,2          3218 1614  168    1909  524   67    1309 1090  101
3,9          3214 1609  177    1852  571   77    1362 1038  100
3,0          3212 1578  210    1917  508   75    1295 1070  135
9,2          3210 1593  197    1848  566   86    1362 1027  111
2,8          3209 1637  154    1929  487   84    1280 1150   70
6,7          3204 1608  188    1906  505   89    1298 1103   99
7,4          3203 1634  163    1929  500   71    1274 1134   92
9,7          3201 1620  179    1902  507   91    1299 1113   88
8,2          3199 1600  201    1816  593   91    1383 1007  110
1,8          3198 1630  172    1879  540   81    1319 1090   91
3,8          3189 1634  177    1890  535   75    1299 1099  102
1,3          3169 1653  178    1874  532   94    1295 1121   84
9,0          3169 1678  153    1872  565   63    1297 1113   90
3,2          3160 1673  167    1936  491   73    1224 1182   94
8,7          3157 1683  160    1858  577   65    1299 1106   95
0,7          3141 1703  156    1869  551   80    1272 1152   76
5,7          3138 1676  186    1868  544   88    1270 1132   98
1,4          3136 1683  181    1826  585   89    1310 1098   92
1,0          3132 1683  185    1851  561   88    1281 1122   97
6,6          3122 1696  182    1741  671   88    1381 1025   94
1,5          3117 1693  190    1865  548   87    1252 1145  103
7,3          3116 1724  160    1930  502   68    1186 1222   92
3,3          3113 1717  170    1884  529   87    1229 1188   83
8,5          3109 1690  201    1904  506   90    1205 1184  111
2,2          3108 1720  172    1897  527   76    1211 1193   96
5,0          3105 1724  171    1885  532   83    1220 1192   88
4,0          3101 1697  202    1847  558   95    1254 1139  107
7,5          3098 1739  163    1855  570   75    1243 1169   88
7,7          3093 1742  165    1915  505   80    1178 1237   85
6,1          3083 1732  185    1894  524   82    1189 1208  103
5,6          3081 1732  187    1853  566   81    1228 1166  106
5,9          3080 1750  170    1922  501   77    1158 1249   93
0,2          3079 1718  203    1889  518   93    1190 1200  110
4,6          3070 1775  155    1818  605   77    1252 1170   78
9,6          3065 1766  169    1889  523   88    1176 1243   81
2,1          3063 1756  181    1877  540   83    1186 1216   98
3,4          3063 1718  219    1810  590  100    1253 1128  119
6,0          3062 1749  189    1871  536   93    1191 1213   96
2,9          3059 1773  168    1939  489   72    1120 1284   96
3,1          3058 1778  164    1885  543   72    1173 1235   92
4,3          3057 1772  171    1859  571   70    1198 1201  101
8,0          3052 1774  174    1896  527   77    1156 1247   97
5,5          3051 1784  165    1891  526   83    1160 1258   82
8,4          3047 1781  172    1853  562   85    1194 1219   87
4,9          3046 1762  192    1920  504   76    1126 1258  116
1,1          3031 1788  181    1872  550   78    1159 1238  103
7,6          3030 1799  171    1764  661   75    1266 1138   96
3,6          3029 1787  184    1828  589   83    1201 1198  101
8,9          3023 1801  176    1866  558   76    1157 1243  100
0,8          3020 1804  176    1886  538   76    1134 1266  100
3,5          3008 1818  174    1867  568   65    1141 1250  109
0,5          3006 1787  207    1899  514   87    1107 1273  120
9,3          2998 1817  185    1856  564   80    1142 1253  105
5,8          2993 1826  181    1906  506   88    1087 1320   93
2,5          2982 1836  182    1861  571   68    1121 1265  114
5,1          2979 1823  198    1802  614   84    1177 1209  114
6,9          2979 1861  160    1872  552   76    1107 1309   84
8,8          2979 1839  182    1945  477   78    1034 1362  104
2,7          2978 1837  185    1915  505   80    1063 1332  105
0,6          2974 1817  209    1834  562  104    1140 1255  105
2,0          2961 1876  163    1848  573   79    1113 1303   84
9,9          2960 1877  163    1844  571   85    1116 1306   78
9,1          2957 1862  181    1831  589   80    1126 1273  101
7,2          2953 1895  152    1886  538   76    1067 1357   76
0,3          2930 1901  169    1919  514   67    1011 1387  102
6,8          2925 1884  191    1861  557   82    1064 1327  109
7,1          2914 1920  166    1871  555   74    1043 1365   92
8,6          2898 1924  178    1836  583   81    1062 1341   97
6,5          2890 1922  188    1886  531   83    1004 1391  105
6,4          2869 1965  166    1899  527   74     970 1438   92
5,2          2856 1949  195    1865  549   86     991 1400  109
4,8          2799 2023  178    1860  557   83     939 1466   95
6,3          2795 2025  180    1869  554   77     926 1471  103
2,4          2778 2050  172    1816  606   78     962 1444   94
6,2          2765 2064  171    1922  506   72     843 1558   99
9,5          2734 2087  179    1895  526   79     839 1561  100
8,1          2718 2091  191    1878  541   81     840 1550  110
4,7          2715 2094  191    1856  552   92     859 1542   99
5,3          2707 2132  161    1884  539   77     823 1593   84
100


Team A Total Wins: 309937
Ties: 17606

50x50 vs 4k

Team A: 
Overall:           all             as Black          as White     
                W    L    T       W    L    T       W    L    T  
size: 100
1,9          3519 1311  170    1896  515   89    1623  796   81
0,4          3474 1376  150    1951  478   71    1523  898   79
2,3          3441 1391  168    1938  486   76    1503  905   92
4,1          3435 1395  170    1916  508   76    1519  887   94
5,4          3427 1407  166    1888  533   79    1539  874   87
0,0          3424 1419  157    1934  486   80    1490  933   77
3,7          3400 1423  177    1869  537   94    1531  886   83
8,3          3395 1440  165    1865  563   72    1530  877   93
1,6          3383 1460  157    1847  575   78    1536  885   79
4,4          3361 1475  164    1929  507   64    1432  968  100
2,6          3354 1485  161    1879  544   77    1475  941   84
7,8          3352 1493  155    1879  547   74    1473  946   81
4,2          3327 1496  177    1895  523   82    1432  973   95
0,9          3323 1502  175    1871  550   79    1452  952   96
1,7          3311 1514  175    1866  573   61    1445  941  114
8,2          3295 1508  197    1912  501   87    1383 1007  110
9,4          3286 1531  183    1873  548   79    1413  983  104
7,0          3281 1529  190    1884  515  101    1397 1014   89
1,4          3276 1561  163    1966  463   71    1310 1098   92
7,9          3267 1578  155    1906  521   73    1361 1057   82
9,8          3261 1588  151    1888  536   76    1373 1052   75
3,9          3254 1582  164    1892  544   64    1362 1038  100
9,2          3254 1540  206    1892  513   95    1362 1027  111
1,3          3248 1588  164    1953  467   80    1295 1121   84
6,6          3243 1573  184    1862  548   90    1381 1025   94
0,1          3235 1608  157    1911  506   83    1324 1102   74
4,5          3223 1596  181    1890  531   79    1333 1065  102
1,2          3210 1609  181    1901  519   80    1309 1090  101
1,8          3206 1630  164    1887  540   73    1319 1090   91
7,4          3204 1631  165    1930  497   73    1274 1134   92
6,7          3202 1633  165    1904  530   66    1298 1103   99
3,8          3195 1620  185    1896  521   83    1299 1099  102
9,7          3194 1630  176    1895  517   88    1299 1113   88
9,0          3186 1648  166    1889  535   76    1297 1113   90
2,8          3177 1659  164    1897  509   94    1280 1150   70
0,7          3173 1674  153    1901  522   77    1272 1152   76
1,5          3169 1669  162    1917  524   59    1252 1145  103
7,6          3169 1654  177    1903  516   81    1266 1138   96
8,7          3159 1658  183    1860  552   88    1299 1106   95
7,5          3152 1686  162    1909  517   74    1243 1169   88
5,7          3150 1671  179    1880  539   81    1270 1132   98
4,6          3149 1682  169    1897  512   91    1252 1170   78
3,2          3142 1698  160    1918  516   66    1224 1182   94
3,3          3142 1701  157    1913  513   74    1229 1188   83
1,0          3140 1692  168    1859  570   71    1281 1122   97
3,0          3135 1643  222    1840  573   87    1295 1070  135
5,0          3131 1706  163    1911  514   75    1220 1192   88
5,6          3126 1690  184    1898  524   78    1228 1166  106
3,4          3123 1686  191    1870  558   72    1253 1128  119
3,6          3123 1698  179    1922  500   78    1201 1198  101
4,3          3119 1705  176    1921  504   75    1198 1201  101
7,3          3119 1721  160    1933  499   68    1186 1222   92
8,4          3110 1717  173    1916  498   86    1194 1219   87
4,0          3109 1715  176    1855  576   69    1254 1139  107
6,1          3109 1715  176    1920  507   73    1189 1208  103
8,9          3109 1722  169    1952  479   69    1157 1243  100
6,0          3100 1719  181    1909  506   85    1191 1213   96
8,5          3092 1719  189    1887  535   78    1205 1184  111
2,2          3085 1757  158    1874  564   62    1211 1193   96
5,1          3084 1734  182    1907  525   68    1177 1209  114
7,7          3079 1740  181    1901  503   96    1178 1237   85
8,0          3075 1753  172    1919  506   75    1156 1247   97
5,9          3070 1764  166    1912  515   73    1158 1249   93
2,5          3069 1729  202    1948  464   88    1121 1265  114
9,1          3067 1758  175    1941  485   74    1126 1273  101
3,1          3062 1770  168    1889  535   76    1173 1235   92
0,2          3059 1761  180    1869  561   70    1190 1200  110
0,8          3058 1766  176    1924  500   76    1134 1266  100
5,5          3036 1789  175    1876  531   93    1160 1258   82
0,6          3033 1786  181    1893  531   76    1140 1255  105
1,1          3032 1781  187    1873  543   84    1159 1238  103
2,1          3032 1776  192    1846  560   94    1186 1216   98
6,9          3028 1816  156    1921  507   72    1107 1309   84
9,9          3025 1824  151    1909  518   73    1116 1306   78
6,8          3015 1818  167    1951  491   58    1064 1327  109
4,9          2997 1809  194    1871  551   78    1126 1258  116
9,3          2980 1807  213    1838  554  108    1142 1253  105
2,0          2977 1841  182    1864  538   98    1113 1303   84
9,6          2975 1870  155    1799  627   74    1176 1243   81
3,5          2973 1834  193    1832  584   84    1141 1250  109
0,5          2966 1851  183    1859  578   63    1107 1273  120
2,7          2963 1865  172    1900  533   67    1063 1332  105
5,8          2961 1869  170    1874  549   77    1087 1320   93
8,6          2960 1865  175    1898  524   78    1062 1341   97
2,9          2939 1869  192    1819  585   96    1120 1284   96
0,3          2932 1903  165    1921  516   63    1011 1387  102
7,2          2928 1914  158    1861  557   82    1067 1357   76
6,5          2916 1891  193    1912  500   88    1004 1391  105
8,8          2916 1900  184    1882  538   80    1034 1362  104
7,1          2913 1910  177    1870  545   85    1043 1365   92
6,4          2890 1942  168    1920  504   76     970 1438   92
5,2          2871 1928  201    1880  528   92     991 1400  109
4,8          2860 1969  171    1921  503   76     939 1466   95
2,4          2845 1987  168    1883  543   74     962 1444   94
6,3          2836 1988  176    1910  517   73     926 1471  103
4,7          2772 2045  183    1913  503   84     859 1542   99
8,1          2767 2043  190    1927  493   80     840 1550  110
6,2          2746 2060  194    1903  502   95     843 1558   99
9,5          2717 2105  178    1878  544   78     839 1561  100
5,3          2709 2119  172    1886  526   88     823 1593   84
100


Team A Total Wins: 311891
Ties: 17433

50x50 vs 5k

Team A: 
Overall:           all             as Black          as White     
                W    L    T       W    L    T       W    L    T  
size: 100
1,9          3530 1318  152    1907  522   71    1623  796   81
5,4          3482 1358  160    1943  484   73    1539  874   87
1,6          3479 1373  148    1943  488   69    1536  885   79
8,3          3478 1357  165    1948  480   72    1530  877   93
0,4          3450 1396  154    1927  498   75    1523  898   79
3,7          3447 1407  146    1916  521   63    1531  886   83
4,1          3415 1423  162    1896  536   68    1519  887   94
0,0          3408 1456  136    1918  523   59    1490  933   77
2,6          3408 1438  154    1933  497   70    1475  941   84
0,9          3381 1452  167    1929  500   71    1452  952   96
1,7          3375 1430  195    1930  489   81    1445  941  114
2,3          3373 1457  170    1870  552   78    1503  905   92
7,0          3363 1484  153    1966  470   64    1397 1014   89
7,8          3363 1460  177    1890  514   96    1473  946   81
4,2          3358 1463  179    1926  490   84    1432  973   95
9,8          3333 1522  145    1960  470   70    1373 1052   75
4,4          3325 1490  185    1893  522   85    1432  968  100
7,9          3324 1526  150    1963  469   68    1361 1057   82
9,4          3323 1500  177    1910  517   73    1413  983  104
8,2          3310 1511  179    1927  504   69    1383 1007  110
6,6          3301 1541  158    1920  516   64    1381 1025   94
0,1          3269 1586  145    1945  484   71    1324 1102   74
9,2          3260 1551  189    1898  524   78    1362 1027  111
1,4          3258 1570  172    1948  472   80    1310 1098   92
4,5          3252 1561  187    1919  496   85    1333 1065  102
9,0          3249 1588  163    1952  475   73    1297 1113   90
1,3          3241 1591  168    1946  470   84    1295 1121   84
5,7          3241 1593  166    1971  461   68    1270 1132   98
6,7          3240 1587  173    1942  484   74    1298 1103   99
1,2          3231 1583  186    1922  493   85    1309 1090  101
3,9          3219 1612  169    1857  574   69    1362 1038  100
2,8          3203 1640  157    1923  490   87    1280 1150   70
1,8          3196 1640  164    1877  550   73    1319 1090   91
4,6          3196 1660  144    1944  490   66    1252 1170   78
8,7          3196 1643  161    1897  537   66    1299 1106   95
3,0          3192 1597  211    1897  527   76    1295 1070  135
6,1          3192 1637  171    2003  429   68    1189 1208  103
5,0          3185 1649  166    1965  457   78    1220 1192   88
9,7          3185 1639  176    1886  526   88    1299 1113   88
3,8          3183 1613  204    1884  514  102    1299 1099  102
5,1          3179 1640  181    2002  431   67    1177 1209  114
1,0          3177 1639  184    1896  517   87    1281 1122   97
5,6          3172 1636  192    1944  470   86    1228 1166  106
1,5          3161 1678  161    1909  533   58    1252 1145  103
2,2          3161 1663  176    1950  470   80    1211 1193   96
6,0          3161 1661  178    1970  448   82    1191 1213   96
7,6          3160 1671  169    1894  533   73    1266 1138   96
0,7          3159 1680  161    1887  528   85    1272 1152   76
3,6          3156 1674  170    1955  476   69    1201 1198  101
7,3          3147 1689  164    1961  467   72    1186 1222   92
3,4          3142 1653  205    1889  525   86    1253 1128  119
7,4          3137 1703  160    1863  569   68    1274 1134   92
8,4          3133 1695  172    1939  476   85    1194 1219   87
7,5          3130 1715  155    1887  546   67    1243 1169   88
4,0          3128 1676  196    1874  537   89    1254 1139  107
4,3          3127 1693  180    1929  492   79    1198 1201  101
2,1          3126 1708  166    1940  492   68    1186 1216   98
3,3          3121 1731  148    1892  543   65    1229 1188   83
8,5          3113 1705  182    1908  521   71    1205 1184  111
3,2          3104 1730  166    1880  548   72    1224 1182   94
0,2          3096 1725  179    1906  525   69    1190 1200  110
7,7          3095 1748  157    1917  511   72    1178 1237   85
6,9          3092 1743  165    1985  434   81    1107 1309   84
1,1          3089 1739  172    1930  501   69    1159 1238  103
3,5          3077 1740  183    1936  490   74    1141 1250  109
5,5          3076 1771  153    1916  513   71    1160 1258   82
0,5          3075 1733  192    1968  460   72    1107 1273  120
8,9          3071 1758  171    1914  515   71    1157 1243  100
9,6          3070 1763  167    1894  520   86    1176 1243   81
3,1          3066 1754  180    1893  519   88    1173 1235   92
5,9          3064 1773  163    1906  524   70    1158 1249   93
4,9          3061 1739  200    1935  481   84    1126 1258  116
0,6          3059 1755  186    1919  500   81    1140 1255  105
7,2          3057 1789  154    1990  432   78    1067 1357   76
0,8          3056 1769  175    1922  503   75    1134 1266  100
2,5          3055 1763  182    1934  498   68    1121 1265  114
5,8          3054 1779  167    1967  459   74    1087 1320   93
2,0          3050 1800  150    1937  497   66    1113 1303   84
6,8          3048 1787  165    1984  460   56    1064 1327  109
8,0          3044 1787  169    1888  540   72    1156 1247   97
9,1          3028 1797  175    1902  524   74    1126 1273  101
9,3          3028 1766  206    1886  513  101    1142 1253  105
2,9          3017 1817  166    1897  533   70    1120 1284   96
7,1          3016 1813  171    1973  448   79    1043 1365   92
2,7          2992 1829  179    1929  497   74    1063 1332  105
9,9          2986 1859  155    1870  553   77    1116 1306   78
0,3          2955 1879  166    1944  492   64    1011 1387  102
5,2          2951 1868  181    1960  468   72     991 1400  109
8,6          2946 1889  165    1884  548   68    1062 1341   97
8,8          2944 1873  183    1910  511   79    1034 1362  104
2,4          2941 1899  160    1979  455   66     962 1444   94
6,3          2901 1932  167    1975  461   64     926 1471  103
4,8          2894 1934  172    1955  468   77     939 1466   95
6,4          2892 1944  164    1922  506   72     970 1438   92
6,5          2877 1938  185    1873  547   80    1004 1391  105
5,3          2855 2004  141    2032  411   57     823 1593   84
4,7          2814 2015  171    1955  473   72     859 1542   99
6,2          2786 2023  191    1943  465   92     843 1558   99
9,5          2765 2050  185    1926  489   85     839 1561  100
8,1          2732 2085  183    1892  535   73     840 1550  110
100


Team A Total Wins: 314983
Ties: 17046

50x50 vs 6k

Team A: 
Overall:           all             as Black          as White     
                W    L    T       W    L    T       W    L    T  
size: 100
1,9          3554 1271  175    1931  475   94    1623  796   81
7,8          3510 1354  136    2037  408   55    1473  946   81
1,6          3503 1344  153    1967  459   74    1536  885   79
5,4          3473 1362  165    1934  488   78    1539  874   87
4,1          3466 1365  169    1947  478   75    1519  887   94
2,6          3464 1380  156    1989  439   72    1475  941   84
0,4          3462 1375  163    1939  477   84    1523  898   79
3,7          3459 1376  165    1928  490   82    1531  886   83
1,7          3434 1381  185    1989  440   71    1445  941  114
2,3          3429 1413  158    1926  508   66    1503  905   92
8,3          3427 1405  168    1897  528   75    1530  877   93
0,0          3412 1430  158    1922  497   81    1490  933   77
4,4          3412 1404  184    1980  436   84    1432  968  100
0,9          3376 1447  177    1924  495   81    1452  952   96
7,0          3359 1475  166    1962  461   77    1397 1014   89
4,2          3350 1475  175    1918  502   80    1432  973   95
7,9          3347 1513  140    1986  456   58    1361 1057   82
6,6          3346 1478  176    1965  453   82    1381 1025   94
9,4          3342 1476  182    1929  493   78    1413  983  104
9,8          3336 1503  161    1963  451   86    1373 1052   75
9,7          3317 1527  156    2018  414   68    1299 1113   88
3,9          3310 1507  183    1948  469   83    1362 1038  100
1,4          3291 1547  162    1981  449   70    1310 1098   92
9,2          3288 1530  182    1926  503   71    1362 1027  111
1,8          3287 1555  158    1968  465   67    1319 1090   91
0,1          3278 1577  145    1954  475   71    1324 1102   74
5,7          3276 1552  172    2006  420   74    1270 1132   98
6,7          3265 1572  163    1967  469   64    1298 1103   99
4,5          3263 1555  182    1930  490   80    1333 1065  102
1,2          3234 1599  167    1925  509   66    1309 1090  101
8,2          3233 1580  187    1850  573   77    1383 1007  110
7,6          3232 1596  172    1966  458   76    1266 1138   96
9,0          3232 1587  181    1935  474   91    1297 1113   90
3,0          3227 1563  210    1932  493   75    1295 1070  135
1,3          3225 1616  159    1930  495   75    1295 1121   84
7,4          3222 1608  170    1948  474   78    1274 1134   92
0,7          3221 1626  153    1949  474   77    1272 1152   76
4,0          3221 1603  176    1967  464   69    1254 1139  107
1,0          3217 1612  171    1936  490   74    1281 1122   97
1,5          3213 1598  189    1961  453   86    1252 1145  103
2,8          3212 1642  146    1932  492   76    1280 1150   70
3,8          3208 1620  172    1909  521   70    1299 1099  102
8,7          3202 1634  164    1903  528   69    1299 1106   95
3,4          3193 1600  207    1940  472   88    1253 1128  119
3,3          3183 1657  160    1954  469   77    1229 1188   83
2,2          3182 1653  165    1971  460   69    1211 1193   96
3,2          3180 1642  178    1956  460   84    1224 1182   94
4,6          3179 1676  145    1927  506   67    1252 1170   78
6,0          3151 1677  172    1960  464   76    1191 1213   96
9,6          3147 1687  166    1971  444   85    1176 1243   81
7,5          3146 1677  177    1903  508   89    1243 1169   88
8,4          3145 1682  173    1951  463   86    1194 1219   87
5,6          3144 1670  186    1916  504   80    1228 1166  106
7,7          3141 1694  165    1963  457   80    1178 1237   85
5,0          3138 1692  170    1918  500   82    1220 1192   88
3,6          3135 1695  170    1934  497   69    1201 1198  101
6,1          3134 1690  176    1945  482   73    1189 1208  103
2,1          3127 1691  182    1941  475   84    1186 1216   98
9,1          3125 1697  178    1999  424   77    1126 1273  101
5,5          3124 1729  147    1964  471   65    1160 1258   82
8,5          3124 1681  195    1919  497   84    1205 1184  111
0,2          3122 1685  193    1932  485   83    1190 1200  110
5,9          3120 1725  155    1962  476   62    1158 1249   93
7,3          3118 1708  174    1932  486   82    1186 1222   92
8,9          3116 1711  173    1959  468   73    1157 1243  100
4,3          3112 1697  191    1914  496   90    1198 1201  101
0,6          3097 1721  182    1957  466   77    1140 1255  105
3,1          3097 1721  182    1924  486   90    1173 1235   92
3,5          3095 1724  181    1954  474   72    1141 1250  109
9,9          3092 1747  161    1976  441   83    1116 1306   78
9,3          3090 1728  182    1948  475   77    1142 1253  105
8,0          3078 1759  163    1922  512   66    1156 1247   97
0,8          3070 1753  177    1936  487   77    1134 1266  100
6,9          3056 1788  156    1949  479   72    1107 1309   84
6,8          3055 1767  178    1991  440   69    1064 1327  109
2,0          3053 1799  148    1940  496   64    1113 1303   84
2,9          3044 1789  167    1924  505   71    1120 1284   96
2,5          3039 1752  209    1918  487   95    1121 1265  114
4,9          3037 1773  190    1911  515   74    1126 1258  116
1,1          3035 1780  185    1876  542   82    1159 1238  103
5,1          3035 1782  183    1858  573   69    1177 1209  114
8,8          3019 1807  174    1985  445   70    1034 1362  104
5,8          3016 1816  168    1929  496   75    1087 1320   93
0,5          3013 1801  186    1906  528   66    1107 1273  120
7,2          3009 1841  150    1942  484   74    1067 1357   76
8,6          2994 1829  177    1932  488   80    1062 1341   97
2,7          2983 1820  197    1920  488   92    1063 1332  105
7,1          2973 1866  161    1930  501   69    1043 1365   92
5,2          2955 1860  185    1964  460   76     991 1400  109
0,3          2948 1881  171    1937  494   69    1011 1387  102
6,5          2944 1875  181    1940  484   76    1004 1391  105
6,4          2914 1912  174    1944  474   82     970 1438   92
2,4          2909 1915  176    1947  471   82     962 1444   94
4,8          2896 1940  164    1957  474   69     939 1466   95
6,3          2875 1937  188    1949  466   85     926 1471  103
4,7          2836 1987  177    1977  445   78     859 1542   99
6,2          2799 2030  171    1956  472   72     843 1558   99
9,5          2796 2018  186    1957  457   86     839 1561  100
5,3          2790 2057  153    1967  464   69     823 1593   84
8,1          2725 2093  182    1885  543   72     840 1550  110
100


Team A Total Wins: 316788
Ties: 17195

50x50 vs 7k

Team A: 
Overall:           all             as Black          as White     
                W    L    T       W    L    T       W    L    T  
size: 100
1,9          3588 1259  153    1965  463   72    1623  796   81
4,1          3500 1325  175    1981  438   81    1519  887   94
1,6          3499 1348  153    1963  463   74    1536  885   79
0,4          3476 1367  157    1953  469   78    1523  898   79
2,3          3450 1384  166    1947  479   74    1503  905   92
8,3          3449 1389  162    1919  512   69    1530  877   93
0,0          3436 1416  148    1946  483   71    1490  933   77
3,7          3415 1426  159    1884  540   76    1531  886   83
4,2          3395 1445  160    1963  472   65    1432  973   95
5,4          3387 1434  179    1848  560   92    1539  874   87
2,6          3378 1466  156    1903  525   72    1475  941   84
7,8          3377 1466  157    1904  520   76    1473  946   81
7,0          3361 1482  157    1964  468   68    1397 1014   89
1,7          3346 1450  204    1901  509   90    1445  941  114
0,9          3338 1495  167    1886  543   71    1452  952   96
9,8          3323 1523  154    1950  471   79    1373 1052   75
4,4          3318 1499  183    1886  531   83    1432  968  100
0,1          3316 1543  141    1992  441   67    1324 1102   74
8,2          3301 1523  176    1918  516   66    1383 1007  110
9,2          3297 1513  190    1935  486   79    1362 1027  111
1,2          3281 1543  176    1972  453   75    1309 1090  101
9,4          3279 1539  182    1866  556   78    1413  983  104
1,3          3271 1573  156    1976  452   72    1295 1121   84
7,9          3268 1582  150    1907  525   68    1361 1057   82
6,6          3267 1568  165    1886  543   71    1381 1025   94
9,0          3263 1575  162    1966  462   72    1297 1113   90
3,9          3261 1542  197    1899  504   97    1362 1038  100
3,0          3255 1547  198    1960  477   63    1295 1070  135
4,5          3232 1592  176    1899  527   74    1333 1065  102
1,0          3225 1593  182    1944  471   85    1281 1122   97
6,7          3223 1621  156    1925  518   57    1298 1103   99
9,7          3220 1601  179    1921  488   91    1299 1113   88
1,4          3211 1615  174    1901  517   82    1310 1098   92
1,8          3211 1612  177    1892  522   86    1319 1090   91
7,6          3205 1609  186    1939  471   90    1266 1138   96
3,8          3202 1611  187    1903  512   85    1299 1099  102
7,4          3194 1627  179    1920  493   87    1274 1134   92
2,8          3191 1655  154    1911  505   84    1280 1150   70
8,7          3187 1631  182    1888  525   87    1299 1106   95
0,7          3182 1662  156    1910  510   80    1272 1152   76
3,3          3182 1660  158    1953  472   75    1229 1188   83
3,4          3182 1628  190    1929  500   71    1253 1128  119
2,2          3178 1649  173    1967  456   77    1211 1193   96
4,6          3177 1650  173    1925  480   95    1252 1170   78
4,0          3171 1646  183    1917  507   76    1254 1139  107
2,1          3165 1674  161    1979  458   63    1186 1216   98
3,2          3163 1660  177    1939  478   83    1224 1182   94
7,3          3162 1663  175    1976  441   83    1186 1222   92
1,5          3158 1661  181    1906  516   78    1252 1145  103
1,1          3157 1669  174    1998  431   71    1159 1238  103
5,6          3157 1661  182    1929  495   76    1228 1166  106
7,5          3155 1662  183    1912  493   95    1243 1169   88
6,1          3149 1684  167    1960  476   64    1189 1208  103
8,5          3148 1676  176    1943  492   65    1205 1184  111
8,0          3146 1681  173    1990  434   76    1156 1247   97
5,1          3138 1661  201    1961  452   87    1177 1209  114
5,7          3137 1682  181    1867  550   83    1270 1132   98
0,2          3131 1685  184    1941  485   74    1190 1200  110
5,0          3123 1713  164    1903  521   76    1220 1192   88
8,9          3114 1708  178    1957  465   78    1157 1243  100
4,3          3112 1705  183    1914  504   82    1198 1201  101
3,1          3103 1727  170    1930  492   78    1173 1235   92
6,0          3103 1722  175    1912  509   79    1191 1213   96
7,7          3101 1736  163    1923  499   78    1178 1237   85
3,6          3093 1724  183    1892  526   82    1201 1198  101
0,6          3092 1714  194    1952  459   89    1140 1255  105
9,6          3083 1753  164    1907  510   83    1176 1243   81
5,5          3078 1755  167    1918  497   85    1160 1258   82
8,4          3077 1761  162    1883  542   75    1194 1219   87
9,1          3075 1746  179    1949  473   78    1126 1273  101
2,9          3068 1771  161    1948  487   65    1120 1284   96
3,5          3065 1741  194    1924  491   85    1141 1250  109
4,9          3058 1742  200    1932  484   84    1126 1258  116
5,9          3039 1765  196    1881  516  103    1158 1249   93
9,3          3035 1782  183    1893  529   78    1142 1253  105
5,8          3034 1800  166    1947  480   73    1087 1320   93
0,5          3026 1779  195    1919  506   75    1107 1273  120
2,0          3016 1810  174    1903  507   90    1113 1303   84
9,9          3015 1807  178    1899  501  100    1116 1306   78
8,6          3012 1820  168    1950  479   71    1062 1341   97
2,5          3010 1798  192    1889  533   78    1121 1265  114
0,8          2984 1838  178    1850  572   78    1134 1266  100
6,5          2984 1824  192    1980  433   87    1004 1391  105
6,9          2965 1857  178    1858  548   94    1107 1309   84
5,2          2958 1876  166    1967  476   57     991 1400  109
7,1          2957 1874  169    1914  509   77    1043 1365   92
0,3          2956 1860  184    1945  473   82    1011 1387  102
6,8          2956 1861  183    1892  534   74    1064 1327  109
7,2          2954 1890  156    1887  533   80    1067 1357   76
2,7          2953 1865  182    1890  533   77    1063 1332  105
8,8          2951 1855  194    1917  493   90    1034 1362  104
2,4          2917 1911  172    1955  467   78     962 1444   94
6,3          2906 1913  181    1980  442   78     926 1471  103
6,4          2890 1934  176    1920  496   84     970 1438   92
4,8          2875 1972  153    1936  506   58     939 1466   95
8,1          2786 2037  177    1946  487   67     840 1550  110
6,2          2784 2039  177    1941  481   78     843 1558   99
5,3          2769 2068  163    1946  475   79     823 1593   84
4,7          2745 2079  176    1886  537   77     859 1542   99
9,5          2742 2080  178    1903  519   78     839 1561  100
100


Team A Total Wins: 314998
Ties: 17387

50x50 vs 8k

Team A: 
Overall:           all             as Black          as White     
                W    L    T       W    L    T       W    L    T  
size: 100
1,9          3569 1276  155    1946  480   74    1623  796   81
3,7          3472 1389  139    1941  503   56    1531  886   83
5,4          3456 1387  157    1917  513   70    1539  874   87
8,3          3451 1373  176    1921  496   83    1530  877   93
2,6          3439 1405  156    1964  464   72    1475  941   84
1,6          3435 1405  160    1899  520   81    1536  885   79
0,4          3426 1389  185    1903  491  106    1523  898   79
4,1          3413 1421  166    1894  534   72    1519  887   94
2,3          3411 1407  182    1908  502   90    1503  905   92
0,0          3410 1442  148    1920  509   71    1490  933   77
7,8          3371 1472  157    1898  526   76    1473  946   81
0,9          3363 1457  180    1911  505   84    1452  952   96
1,7          3360 1449  191    1915  508   77    1445  941  114
4,2          3347 1476  177    1915  503   82    1432  973   95
4,4          3342 1475  183    1910  507   83    1432  968  100
8,2          3338 1485  177    1955  478   67    1383 1007  110
9,4          3333 1493  174    1920  510   70    1413  983  104
7,0          3322 1522  156    1925  508   67    1397 1014   89
6,6          3309 1516  175    1928  491   81    1381 1025   94
3,9          3296 1540  164    1934  502   64    1362 1038  100
4,5          3281 1543  176    1948  478   74    1333 1065  102
7,9          3280 1566  154    1919  509   72    1361 1057   82
9,2          3270 1535  195    1908  508   84    1362 1027  111
1,4          3251 1573  176    1941  475   84    1310 1098   92
9,8          3247 1603  150    1874  551   75    1373 1052   75
1,8          3225 1608  167    1906  518   76    1319 1090   91
8,7          3225 1586  189    1926  480   94    1299 1106   95
6,7          3221 1606  173    1923  503   74    1298 1103   99
1,2          3213 1612  175    1904  522   74    1309 1090  101
9,0          3203 1636  161    1906  523   71    1297 1113   90
2,8          3202 1627  171    1922  477  101    1280 1150   70
0,7          3195 1649  156    1923  497   80    1272 1152   76
3,0          3191 1589  220    1896  519   85    1295 1070  135
7,5          3179 1660  161    1936  491   73    1243 1169   88
1,5          3173 1652  175    1921  507   72    1252 1145  103
0,1          3172 1674  154    1848  572   80    1324 1102   74
3,4          3172 1628  200    1919  500   81    1253 1128  119
3,8          3172 1647  181    1873  548   79    1299 1099  102
4,0          3168 1648  184    1914  509   77    1254 1139  107
4,6          3168 1675  157    1916  505   79    1252 1170   78
8,5          3166 1648  186    1961  464   75    1205 1184  111
7,6          3165 1667  168    1899  529   72    1266 1138   96
9,7          3165 1666  169    1866  553   81    1299 1113   88
5,7          3162 1658  180    1892  526   82    1270 1132   98
3,2          3153 1690  157    1929  508   63    1224 1182   94
5,6          3137 1673  190    1909  507   84    1228 1166  106
7,4          3137 1688  175    1863  554   83    1274 1134   92
1,3          3135 1694  171    1840  573   87    1295 1121   84
3,3          3134 1707  159    1905  519   76    1229 1188   83
5,0          3131 1703  166    1911  511   78    1220 1192   88
1,0          3130 1676  194    1849  554   97    1281 1122   97
3,6          3129 1699  172    1928  501   71    1201 1198  101
9,6          3129 1720  151    1953  477   70    1176 1243   81
2,1          3122 1706  172    1936  490   74    1186 1216   98
6,0          3117 1718  165    1926  505   69    1191 1213   96
7,7          3117 1723  160    1939  486   75    1178 1237   85
4,3          3112 1701  187    1914  500   86    1198 1201  101
8,4          3105 1713  182    1911  494   95    1194 1219   87
6,1          3098 1708  194    1909  500   91    1189 1208  103
5,5          3092 1763  145    1932  505   63    1160 1258   82
5,9          3086 1737  177    1928  488   84    1158 1249   93
7,3          3082 1746  172    1896  524   80    1186 1222   92
2,2          3069 1750  181    1858  557   85    1211 1193   96
0,6          3061 1752  187    1921  497   82    1140 1255  105
0,8          3058 1776  166    1924  510   66    1134 1266  100
2,5          3058 1752  190    1937  487   76    1121 1265  114
3,1          3058 1753  189    1885  518   97    1173 1235   92
8,0          3057 1767  176    1901  520   79    1156 1247   97
9,3          3057 1768  175    1915  515   70    1142 1253  105
0,2          3050 1753  197    1860  553   87    1190 1200  110
9,1          3050 1778  172    1924  505   71    1126 1273  101
8,9          3046 1761  193    1889  518   93    1157 1243  100
1,1          3045 1763  192    1886  525   89    1159 1238  103
4,9          3044 1764  192    1918  506   76    1126 1258  116
5,1          3043 1769  188    1866  560   74    1177 1209  114
9,9          3039 1817  144    1923  511   66    1116 1306   78
6,8          3036 1785  179    1972  458   70    1064 1327  109
3,5          3034 1758  208    1893  508   99    1141 1250  109
5,8          3027 1805  168    1940  485   75    1087 1320   93
2,7          3011 1804  185    1948  472   80    1063 1332  105
2,9          3004 1826  170    1884  542   74    1120 1284   96
6,9          2995 1853  152    1888  544   68    1107 1309   84
2,0          2993 1849  158    1880  546   74    1113 1303   84
0,5          2987 1827  186    1880  554   66    1107 1273  120
7,2          2983 1859  158    1916  502   82    1067 1357   76
8,6          2975 1846  179    1913  505   82    1062 1341   97
6,5          2922 1903  175    1918  512   70    1004 1391  105
0,3          2904 1908  188    1893  521   86    1011 1387  102
8,8          2896 1912  192    1862  550   88    1034 1362  104
6,4          2892 1944  164    1922  506   72     970 1438   92
7,1          2891 1925  184    1848  560   92    1043 1365   92
2,4          2887 1951  162    1925  507   68     962 1444   94
4,8          2863 1977  160    1924  511   65     939 1466   95
5,2          2848 1961  191    1857  561   82     991 1400  109
6,3          2803 2019  178    1877  548   75     926 1471  103
4,7          2765 2070  165    1906  528   66     859 1542   99
9,5          2747 2069  184    1908  508   84     839 1561  100
6,2          2708 2096  196    1865  538   97     843 1558   99
5,3          2690 2135  175    1867  542   91     823 1593   84
8,1          2685 2118  197    1845  568   87     840 1550  110
100


Team A Total Wins: 313156
Ties: 17421

50x50 vs 9k

Team A: 
Overall:           all             as Black          as White     
                W    L    T       W    L    T       W    L    T  
size: 100
0,4          3467 1381  152    1944  483   73    1523  898   79
1,9          3466 1357  177    1843  561   96    1623  796   81
8,3          3462 1372  166    1932  495   73    1530  877   93
7,8          3433 1402  165    1960  456   84    1473  946   81
1,6          3427 1428  145    1891  543   66    1536  885   79
4,1          3424 1405  171    1905  518   77    1519  887   94
2,3          3422 1403  175    1919  498   83    1503  905   92
0,0          3419 1436  145    1929  503   68    1490  933   77
5,4          3415 1418  167    1876  544   80    1539  874   87
0,9          3391 1451  158    1939  499   62    1452  952   96
9,4          3380 1451  169    1967  468   65    1413  983  104
8,2          3370 1440  190    1987  433   80    1383 1007  110
3,7          3363 1473  164    1832  587   81    1531  886   83
4,2          3363 1472  165    1931  499   70    1432  973   95
7,0          3362 1466  172    1965  452   83    1397 1014   89
1,7          3341 1458  201    1896  517   87    1445  941  114
4,4          3296 1521  183    1864  553   83    1432  968  100
9,8          3290 1561  149    1917  509   74    1373 1052   75
2,6          3275 1548  177    1800  607   93    1475  941   84
3,9          3268 1561  171    1906  523   71    1362 1038  100
9,2          3258 1559  183    1896  532   72    1362 1027  111
7,9          3253 1584  163    1892  527   81    1361 1057   82
6,6          3245 1579  176    1864  554   82    1381 1025   94
1,8          3244 1585  171    1925  495   80    1319 1090   91
8,7          3234 1592  174    1935  486   79    1299 1106   95
3,8          3233 1592  175    1934  493   73    1299 1099  102
4,5          3231 1576  193    1898  511   91    1333 1065  102
9,7          3222 1618  160    1923  505   72    1299 1113   88
0,7          3218 1646  136    1946  494   60    1272 1152   76
3,0          3214 1569  217    1919  499   82    1295 1070  135
1,4          3211 1626  163    1901  528   71    1310 1098   92
9,0          3209 1630  161    1912  517   71    1297 1113   90
0,1          3205 1632  163    1881  530   89    1324 1102   74
1,3          3184 1646  170    1889  525   86    1295 1121   84
7,4          3171 1663  166    1897  529   74    1274 1134   92
1,0          3169 1654  177    1888  532   80    1281 1122   97
1,2          3162 1659  179    1853  569   78    1309 1090  101
4,0          3159 1658  183    1905  519   76    1254 1139  107
5,7          3154 1666  180    1884  534   82    1270 1132   98
7,6          3153 1682  165    1887  544   69    1266 1138   96
6,7          3146 1675  179    1848  572   80    1298 1103   99
2,8          3145 1706  149    1865  556   79    1280 1150   70
8,4          3145 1701  154    1951  482   67    1194 1219   87
3,3          3141 1694  165    1912  506   82    1229 1188   83
4,6          3141 1692  167    1889  522   89    1252 1170   78
1,5          3139 1677  184    1887  532   81    1252 1145  103
3,4          3136 1679  185    1883  551   66    1253 1128  119
5,9          3133 1707  160    1975  458   67    1158 1249   93
7,5          3133 1701  166    1890  532   78    1243 1169   88
3,2          3128 1696  176    1904  514   82    1224 1182   94
5,0          3128 1694  178    1908  502   90    1220 1192   88
3,1          3126 1713  161    1953  478   69    1173 1235   92
5,6          3119 1699  182    1891  533   76    1228 1166  106
7,7          3110 1741  149    1932  504   64    1178 1237   85
8,5          3110 1697  193    1905  513   82    1205 1184  111
9,6          3105 1738  157    1929  495   76    1176 1243   81
3,6          3102 1702  196    1901  504   95    1201 1198  101
2,2          3101 1709  190    1890  516   94    1211 1193   96
4,3          3099 1715  186    1901  514   85    1198 1201  101
7,3          3098 1740  162    1912  518   70    1186 1222   92
4,9          3097 1713  190    1971  455   74    1126 1258  116
3,5          3091 1734  175    1950  484   66    1141 1250  109
6,0          3089 1737  174    1898  524   78    1191 1213   96
6,1          3088 1751  161    1899  543   58    1189 1208  103
0,8          3084 1744  172    1950  478   72    1134 1266  100
5,5          3072 1766  162    1912  508   80    1160 1258   82
7,2          3070 1759  171    2003  402   95    1067 1357   76
8,9          3067 1758  175    1910  515   75    1157 1243  100
0,6          3066 1751  183    1926  496   78    1140 1255  105
2,1          3065 1753  182    1879  537   84    1186 1216   98
9,3          3065 1757  178    1923  504   73    1142 1253  105
8,0          3064 1757  179    1908  510   82    1156 1247   97
0,2          3063 1733  204    1873  533   94    1190 1200  110
1,1          3057 1768  175    1898  530   72    1159 1238  103
6,9          3044 1799  157    1937  490   73    1107 1309   84
5,1          3027 1775  198    1850  566   84    1177 1209  114
0,5          3020 1785  195    1913  512   75    1107 1273  120
2,7          3019 1805  176    1956  473   71    1063 1332  105
5,8          3015 1822  163    1928  502   70    1087 1320   93
2,5          3014 1785  201    1893  520   87    1121 1265  114
9,9          3014 1827  159    1898  521   81    1116 1306   78
9,1          3013 1797  190    1887  524   89    1126 1273  101
2,9          3001 1823  176    1881  539   80    1120 1284   96
6,8          2989 1827  184    1925  500   75    1064 1327  109
2,0          2971 1865  164    1858  562   80    1113 1303   84
8,6          2956 1871  173    1894  530   76    1062 1341   97
7,1          2942 1874  184    1899  509   92    1043 1365   92
0,3          2933 1873  194    1922  486   92    1011 1387  102
5,2          2930 1882  188    1939  482   79     991 1400  109
6,5          2897 1913  190    1893  522   85    1004 1391  105
8,8          2895 1907  198    1861  545   94    1034 1362  104
6,4          2887 1950  163    1917  512   71     970 1438   92
4,8          2883 1943  174    1944  477   79     939 1466   95
2,4          2880 1944  176    1918  500   82     962 1444   94
6,3          2804 1999  197    1878  528   94     926 1471  103
6,2          2797 2018  185    1954  460   86     843 1558   99
9,5          2790 2034  176    1951  473   76     839 1561  100
8,1          2762 2059  179    1922  509   69     840 1550  110
5,3          2756 2091  153    1933  498   69     823 1593   84
4,7          2734 2089  177    1875  547   78     859 1542   99
100


Team A Total Wins: 313259
Ties: 17407

50x50 vs 10k

Team A: 
Overall:           all             as Black          as White     
                W    L    T       W    L    T       W    L    T  
size: 100
1,9          3577 1266  157    1954  470   76    1623  796   81
5,4          3521 1320  159    1982  446   72    1539  874   87
1,6          3499 1348  153    1963  463   74    1536  885   79
0,4          3486 1364  150    1963  466   71    1523  898   79
4,1          3480 1360  160    1961  473   66    1519  887   94
3,7          3475 1362  163    1944  476   80    1531  886   83
8,3          3472 1365  163    1942  488   70    1530  877   93
0,0          3452 1386  162    1962  453   85    1490  933   77
2,6          3437 1416  147    1962  475   63    1475  941   84
2,3          3417 1415  168    1914  510   76    1503  905   92
7,8          3414 1437  149    1941  491   68    1473  946   81
0,9          3413 1423  164    1961  471   68    1452  952   96
1,7          3413 1399  188    1968  458   74    1445  941  114
9,4          3371 1454  175    1958  471   71    1413  983  104
4,4          3362 1469  169    1930  501   69    1432  968  100
7,0          3353 1484  163    1956  470   74    1397 1014   89
4,2          3340 1499  161    1908  526   66    1432  973   95
8,2          3319 1485  196    1936  478   86    1383 1007  110
6,6          3315 1518  167    1934  493   73    1381 1025   94
9,8          3315 1532  153    1942  480   78    1373 1052   75
1,3          3313 1549  138    2018  428   54    1295 1121   84
9,2          3304 1512  184    1942  485   73    1362 1027  111
1,8          3302 1531  167    1983  441   76    1319 1090   91
7,9          3291 1551  158    1930  494   76    1361 1057   82
0,1          3288 1554  158    1964  452   84    1324 1102   74
6,7          3284 1544  172    1986  441   73    1298 1103   99
4,5          3262 1550  188    1929  485   86    1333 1065  102
8,7          3258 1577  165    1959  471   70    1299 1106   95
3,9          3255 1566  179    1893  528   79    1362 1038  100
9,7          3250 1585  165    1951  472   77    1299 1113   88
3,0          3248 1536  216    1953  466   81    1295 1070  135
0,7          3242 1604  154    1970  452   78    1272 1152   76
1,2          3238 1586  176    1929  496   75    1309 1090  101
1,4          3238 1592  170    1928  494   78    1310 1098   92
3,8          3237 1581  182    1938  482   80    1299 1099  102
4,6          3229 1612  159    1977  442   81    1252 1170   78
1,0          3228 1600  172    1947  478   75    1281 1122   97
9,0          3227 1607  166    1930  494   76    1297 1113   90
7,6          3222 1624  154    1956  486   58    1266 1138   96
3,3          3212 1637  151    1983  449   68    1229 1188   83
7,4          3209 1622  169    1935  488   77    1274 1134   92
5,7          3208 1615  177    1938  483   79    1270 1132   98
1,5          3204 1612  184    1952  467   81    1252 1145  103
3,4          3196 1602  202    1943  474   83    1253 1128  119
2,8          3192 1672  136    1912  522   66    1280 1150   70
0,2          3183 1632  185    1993  432   75    1190 1200  110
5,6          3183 1622  195    1955  456   89    1228 1166  106
4,0          3178 1634  188    1924  495   81    1254 1139  107
7,3          3178 1661  161    1992  439   69    1186 1222   92
5,0          3160 1666  174    1940  474   86    1220 1192   88
7,5          3152 1684  164    1909  515   76    1243 1169   88
8,5          3151 1672  177    1946  488   66    1205 1184  111
3,6          3148 1672  180    1947  474   79    1201 1198  101
2,2          3143 1692  165    1932  499   69    1211 1193   96
2,1          3141 1692  167    1955  476   69    1186 1216   98
3,2          3138 1690  172    1914  508   78    1224 1182   94
6,1          3133 1699  168    1944  491   65    1189 1208  103
4,3          3129 1695  176    1931  494   75    1198 1201  101
5,5          3128 1710  162    1968  452   80    1160 1258   82
8,4          3123 1705  172    1929  486   85    1194 1219   87
0,5          3113 1689  198    2006  416   78    1107 1273  120
8,9          3107 1722  171    1950  479   71    1157 1243  100
6,0          3103 1705  192    1912  492   96    1191 1213   96
5,9          3093 1723  184    1935  474   91    1158 1249   93
1,1          3090 1742  168    1931  504   65    1159 1238  103
9,6          3087 1751  162    1911  508   81    1176 1243   81
3,1          3082 1754  164    1909  519   72    1173 1235   92
0,6          3073 1737  190    1933  482   85    1140 1255  105
9,1          3069 1746  185    1943  473   84    1126 1273  101
2,9          3068 1758  174    1948  474   78    1120 1284   96
3,5          3067 1748  185    1926  498   76    1141 1250  109
7,7          3064 1777  159    1886  540   74    1178 1237   85
8,0          3064 1747  189    1908  500   92    1156 1247   97
9,9          3061 1796  143    1945  490   65    1116 1306   78
4,9          3059 1737  204    1933  479   88    1126 1258  116
5,1          3057 1737  206    1880  528   92    1177 1209  114
6,9          3050 1785  165    1943  476   81    1107 1309   84
2,0          3045 1811  144    1932  508   60    1113 1303   84
9,3          3034 1791  175    1892  538   70    1142 1253  105
5,8          3032 1808  160    1945  488   67    1087 1320   93
0,8          3028 1786  186    1894  520   86    1134 1266  100
2,5          3024 1787  189    1903  522   75    1121 1265  114
7,2          3007 1846  147    1940  489   71    1067 1357   76
8,6          2993 1832  175    1931  491   78    1062 1341   97
7,1          2992 1825  183    1949  460   91    1043 1365   92
6,8          2978 1824  198    1914  497   89    1064 1327  109
0,3          2971 1852  177    1960  465   75    1011 1387  102
2,7          2971 1859  170    1908  527   65    1063 1332  105
5,2          2963 1845  192    1972  445   83     991 1400  109
8,8          2961 1848  191    1927  486   87    1034 1362  104
6,5          2950 1862  188    1946  471   83    1004 1391  105
6,3          2913 1889  198    1987  418   95     926 1471  103
6,4          2906 1929  165    1936  491   73     970 1438   92
2,4          2894 1939  167    1932  495   73     962 1444   94
4,8          2888 1933  179    1949  467   84     939 1466   95
5,3          2786 2061  153    1963  468   69     823 1593   84
9,5          2772 2043  185    1933  482   85     839 1561  100
8,1          2767 2041  192    1927  491   82     840 1550  110
6,2          2762 2062  176    1919  504   77     843 1558   99
4,7          2761 2060  179    1902  518   80     859 1542   99
100


Team A Total Wins: 316541
Ties: 17223
