50x50 vs 0k
Team A: 
Overall:           all             as Black          as White     
                W    L    T       W    L    T       W    L    T  
size: 100
1,9          3067 1771  162    1444  975   81    1623  796   81
4,1          3004 1821  175    1485  934   81    1519  887   94
8,3          2895 1901  204    1365 1024  111    1530  877   93
0,1          2864 1993  143    1540  891   69    1324 1102   74
2,3          2853 1967  180    1350 1062   88    1503  905   92
3,6          2794 2025  181    1593  827   80    1201 1198  101
9,2          2780 2013  207    1418  986   96    1362 1027  111
1,7          2760 2032  208    1315 1091   94    1445  941  114
1,3          2733 2093  174    1438  972   90    1295 1121   84
7,0          2721 2106  173    1324 1092   84    1397 1014   89
1,6          2711 2087  202    1175 1202  123    1536  885   79
5,4          2690 2138  172    1151 1264   85    1539  874   87
4,3          2679 2142  179    1481  941   78    1198 1201  101
0,0          2661 2160  179    1171 1227  102    1490  933   77
1,4          2647 2162  191    1337 1064   99    1310 1098   92
9,7          2637 2191  172    1338 1078   84    1299 1113   88
1,0          2634 2188  178    1353 1066   81    1281 1122   97
7,8          2622 2199  179    1149 1253   98    1473  946   81
7,4          2619 2228  153    1345 1094   61    1274 1134   92
2,1          2614 2173  213    1428  957  115    1186 1216   98
3,7          2610 2212  178    1079 1326   95    1531  886   83
7,9          2608 2206  186    1247 1149  104    1361 1057   82
0,9          2590 2221  189    1138 1269   93    1452  952   96
9,8          2574 2253  173    1201 1201   98    1373 1052   75
1,8          2573 2236  191    1254 1146  100    1319 1090   91
5,7          2570 2240  190    1300 1108   92    1270 1132   98
6,5          2564 2248  188    1560  857   83    1004 1391  105
0,4          2555 2259  186    1032 1361  107    1523  898   79
1,5          2528 2262  210    1276 1117  107    1252 1145  103
3,0          2522 2233  245    1227 1163  110    1295 1070  135
6,6          2519 2306  175    1138 1281   81    1381 1025   94
9,0          2516 2306  178    1219 1193   88    1297 1113   90
6,1          2489 2314  197    1300 1106   94    1189 1208  103
6,7          2473 2327  200    1175 1224  101    1298 1103   99
3,9          2453 2341  206    1091 1303  106    1362 1038  100
4,2          2453 2348  199    1021 1375  104    1432  973   95
8,2          2443 2347  210    1060 1340  100    1383 1007  110
2,8          2426 2414  160    1146 1264   90    1280 1150   70
4,5          2424 2388  188    1091 1323   86    1333 1065  102
9,4          2423 2395  182    1010 1412   78    1413  983  104
4,9          2414 2393  193    1288 1135   77    1126 1258  116
2,9          2404 2422  174    1284 1138   78    1120 1284   96
3,4          2395 2379  226    1142 1251  107    1253 1128  119
8,5          2385 2399  216    1180 1215  105    1205 1184  111
0,6          2384 2417  199    1244 1162   94    1140 1255  105
5,0          2384 2444  172    1164 1252   84    1220 1192   88
4,0          2383 2406  211    1129 1267  104    1254 1139  107
4,4          2382 2425  193     950 1457   93    1432  968  100
5,8          2382 2434  184    1295 1114   91    1087 1320   93
5,5          2373 2437  190    1213 1179  108    1160 1258   82
8,7          2343 2461  196    1044 1355  101    1299 1106   95
7,3          2335 2477  188    1149 1255   96    1186 1222   92
9,6          2335 2489  176    1159 1246   95    1176 1243   81
8,6          2331 2474  195    1269 1133   98    1062 1341   97
4,6          2326 2507  167    1074 1337   89    1252 1170   78
6,9          2317 2503  180    1210 1194   96    1107 1309   84
0,8          2314 2509  177    1180 1243   77    1134 1266  100
5,9          2314 2480  206    1156 1231  113    1158 1249   93
0,2          2312 2489  199    1122 1289   89    1190 1200  110
2,0          2309 2513  178    1196 1210   94    1113 1303   84
2,6          2307 2528  165     832 1587   81    1475  941   84
9,1          2288 2532  180    1162 1259   79    1126 1273  101
8,0          2284 2519  197    1128 1272  100    1156 1247   97
2,4          2277 2543  180    1315 1099   86     962 1444   94
2,5          2277 2524  199    1156 1259   85    1121 1265  114
7,5          2275 2532  193    1032 1363  105    1243 1169   88
3,8          2272 2534  194     973 1435   92    1299 1099  102
5,1          2271 2512  217    1094 1303  103    1177 1209  114
8,9          2264 2544  192    1107 1301   92    1157 1243  100
1,2          2257 2555  188     948 1465   87    1309 1090  101
3,2          2254 2564  182    1030 1382   88    1224 1182   94
7,6          2254 2568  178     988 1430   82    1266 1138   96
9,3          2230 2554  216    1088 1301  111    1142 1253  105
1,1          2229 2559  212    1070 1321  109    1159 1238  103
2,7          2227 2570  203    1164 1238   98    1063 1332  105
9,9          2222 2594  184    1106 1288  106    1116 1306   78
6,0          2197 2611  192    1006 1398   96    1191 1213   96
0,3          2185 2613  202    1174 1226  100    1011 1387  102
0,5          2174 2604  222    1067 1331  102    1107 1273  120
7,1          2174 2654  172    1131 1289   80    1043 1365   92
3,1          2172 2633  195     999 1398  103    1173 1235   92
3,5          2164 2637  199    1023 1387   90    1141 1250  109
0,7          2156 2663  181     884 1511  105    1272 1152   76
2,2          2153 2663  184     942 1470   88    1211 1193   96
6,3          2144 2658  198    1218 1187   95     926 1471  103
8,4          2141 2686  173     947 1467   86    1194 1219   87
5,6          2114 2683  203     886 1517   97    1228 1166  106
7,7          2100 2732  168     922 1495   83    1178 1237   85
3,3          2081 2753  166     852 1565   83    1229 1188   83
6,4          2069 2726  205    1099 1288  113     970 1438   92
7,2          2051 2763  186     984 1406  110    1067 1357   76
8,1          2036 2739  225    1196 1189  115     840 1550  110
8,8          2029 2772  199     995 1410   95    1034 1362  104
4,8          2022 2772  206    1083 1306  111     939 1466   95
6,2          1986 2814  200    1143 1256  101     843 1558   99
4,7          1958 2838  204    1099 1296  105     859 1542   99
5,2          1940 2848  212     949 1448  103     991 1400  109
5,3          1898 2914  188    1075 1321  104     823 1593   84
6,8          1875 2919  206     811 1592   97    1064 1327  109
9,5          1718 3073  209     879 1512  109     839 1561  100
100


Team A Total Wins: 238145
Ties: 19051

50x50 vs 1k

Team A: 
Overall:           all             as Black          as White     
                W    L    T       W    L    T       W    L    T  
size: 100
4,1          3402 1441  157    1883  554   63    1519  887   94
8,3          3367 1481  152    1837  604   59    1530  877   93
1,9          3311 1516  173    1688  720   92    1623  796   81
1,6          3294 1561  145    1758  676   66    1536  885   79
0,4          3289 1554  157    1766  656   78    1523  898   79
9,4          3261 1562  177    1848  579   73    1413  983  104
3,7          3255 1575  170    1724  689   87    1531  886   83
7,8          3254 1562  184    1781  616  103    1473  946   81
7,0          3246 1589  165    1849  575   76    1397 1014   89
8,2          3234 1584  182    1851  577   72    1383 1007  110
9,2          3229 1582  189    1867  555   78    1362 1027  111
2,3          3226 1594  180    1723  689   88    1503  905   92
6,6          3225 1614  161    1844  589   67    1381 1025   94
4,2          3215 1615  170    1783  642   75    1432  973   95
0,0          3202 1637  161    1712  704   84    1490  933   77
5,4          3200 1610  190    1661  736  103    1539  874   87
1,3          3179 1665  156    1884  544   72    1295 1121   84
0,9          3154 1676  170    1702  724   74    1452  952   96
2,6          3148 1699  153    1673  758   69    1475  941   84
4,4          3129 1669  202    1697  701  102    1432  968  100
9,8          3127 1710  163    1754  658   88    1373 1052   75
7,9          3116 1716  168    1755  659   86    1361 1057   82
1,7          3115 1693  192    1670  752   78    1445  941  114
3,9          3112 1719  169    1750  681   69    1362 1038  100
9,7          3110 1730  160    1811  617   72    1299 1113   88
3,8          3099 1717  184    1800  618   82    1299 1099  102
7,4          3098 1737  165    1824  603   73    1274 1134   92
1,8          3094 1734  172    1775  644   81    1319 1090   91
8,7          3094 1729  177    1795  623   82    1299 1106   95
5,7          3082 1748  170    1812  616   72    1270 1132   98
4,0          3066 1740  194    1812  601   87    1254 1139  107
6,7          3054 1764  182    1756  661   83    1298 1103   99
1,2          3048 1772  180    1739  682   79    1309 1090  101
7,5          3042 1787  171    1799  618   83    1243 1169   88
6,1          3038 1785  177    1849  577   74    1189 1208  103
9,0          3038 1791  171    1741  678   81    1297 1113   90
1,0          3037 1787  176    1756  665   79    1281 1122   97
7,6          3036 1787  177    1770  649   81    1266 1138   96
2,2          3033 1791  176    1822  598   80    1211 1193   96
3,3          3027 1818  155    1798  630   72    1229 1188   83
2,1          3026 1809  165    1840  593   67    1186 1216   98
5,0          3025 1817  158    1805  625   70    1220 1192   88
0,7          3023 1816  161    1751  664   85    1272 1152   76
4,5          3021 1796  183    1688  731   81    1333 1065  102
0,8          3018 1796  186    1884  530   86    1134 1266  100
5,1          3015 1798  187    1838  589   73    1177 1209  114
9,6          3014 1834  152    1838  591   71    1176 1243   81
9,3          3013 1800  187    1871  547   82    1142 1253  105
4,3          3012 1795  193    1814  594   92    1198 1201  101
8,5          3011 1791  198    1806  607   87    1205 1184  111
3,2          3008 1836  156    1784  654   62    1224 1182   94
0,2          3003 1817  180    1813  617   70    1190 1200  110
7,7          3003 1840  157    1825  603   72    1178 1237   85
8,4          2999 1824  177    1805  605   90    1194 1219   87
3,0          2993 1794  213    1698  724   78    1295 1070  135
5,9          2992 1833  175    1834  584   82    1158 1249   93
8,0          2992 1822  186    1836  575   89    1156 1247   97
0,1          2986 1862  152    1662  760   78    1324 1102   74
1,4          2984 1846  170    1674  748   78    1310 1098   92
5,6          2981 1825  194    1753  659   88    1228 1166  106
7,3          2979 1837  184    1793  615   92    1186 1222   92
9,9          2976 1869  155    1860  563   77    1116 1306   78
1,1          2973 1845  182    1814  607   79    1159 1238  103
3,5          2965 1863  172    1824  613   63    1141 1250  109
2,8          2951 1883  166    1671  733   96    1280 1150   70
1,5          2950 1876  174    1698  731   71    1252 1145  103
4,6          2940 1891  169    1688  721   91    1252 1170   78
8,9          2936 1885  179    1779  642   79    1157 1243  100
3,1          2932 1895  173    1759  660   81    1173 1235   92
6,0          2920 1901  179    1729  688   83    1191 1213   96
3,4          2915 1882  203    1662  754   84    1253 1128  119
6,9          2909 1927  164    1802  618   80    1107 1309   84
7,2          2895 1951  154    1828  594   78    1067 1357   76
3,6          2894 1915  191    1693  717   90    1201 1198  101
2,0          2892 1946  162    1779  643   78    1113 1303   84
2,5          2885 1929  186    1764  664   72    1121 1265  114
2,7          2880 1945  175    1817  613   70    1063 1332  105
5,5          2876 1972  152    1716  714   70    1160 1258   82
0,3          2866 1967  167    1855  580   65    1011 1387  102
9,1          2866 1954  180    1740  681   79    1126 1273  101
4,9          2864 1946  190    1738  688   74    1126 1258  116
0,5          2861 1942  197    1754  669   77    1107 1273  120
5,8          2861 1960  179    1774  640   86    1087 1320   93
6,8          2850 1979  171    1786  652   62    1064 1327  109
8,6          2840 1971  189    1778  630   92    1062 1341   97
7,1          2813 2025  162    1770  660   70    1043 1365   92
5,2          2798 2012  190    1807  612   81     991 1400  109
2,9          2785 2035  180    1665  751   84    1120 1284   96
8,8          2767 2031  202    1733  669   98    1034 1362  104
0,6          2762 2041  197    1622  786   92    1140 1255  105
6,3          2758 2051  191    1832  580   88     926 1471  103
4,8          2724 2081  195    1785  615  100     939 1466   95
6,5          2706 2110  184    1702  719   79    1004 1391  105
6,4          2698 2119  183    1728  681   91     970 1438   92
9,5          2692 2127  181    1853  566   81     839 1561  100
2,4          2683 2153  164    1721  709   70     962 1444   94
5,3          2624 2200  176    1801  607   92     823 1593   84
4,7          2610 2197  193    1751  655   94     859 1542   99
8,1          2583 2233  184    1743  683   74     840 1550  110
6,2          2552 2269  179    1709  711   80     843 1558   99
100


Team A Total Wins: 299636
Ties: 17557

50x50 vs 2k

Team A: 
Overall:           all             as Black          as White     
                W    L    T       W    L    T       W    L    T  
size: 100
1,9          3488 1355  157    1865  559   76    1623  796   81
5,4          3418 1444  138    1879  570   51    1539  874   87
1,6          3383 1477  140    1847  592   61    1536  885   79
2,3          3383 1450  167    1880  545   75    1503  905   92
3,7          3376 1481  143    1845  595   60    1531  886   83
8,3          3376 1455  169    1846  578   76    1530  877   93
4,1          3356 1462  182    1837  575   88    1519  887   94
4,2          3331 1512  157    1899  539   62    1432  973   95
0,4          3322 1535  143    1799  637   64    1523  898   79
2,6          3310 1540  150    1835  599   66    1475  941   84
8,2          3270 1555  175    1887  548   65    1383 1007  110
7,9          3259 1592  149    1898  535   67    1361 1057   82
7,8          3255 1578  167    1782  632   86    1473  946   81
1,8          3229 1619  152    1910  529   61    1319 1090   91
1,7          3224 1589  187    1779  648   73    1445  941  114
0,0          3217 1638  145    1727  705   68    1490  933   77
3,9          3215 1626  159    1853  588   59    1362 1038  100
0,9          3210 1615  175    1758  663   79    1452  952   96
7,0          3209 1621  170    1812  607   81    1397 1014   89
9,8          3202 1653  145    1829  601   70    1373 1052   75
1,3          3194 1662  144    1899  541   60    1295 1121   84
6,6          3193 1644  163    1812  619   69    1381 1025   94
9,7          3193 1657  150    1894  544   62    1299 1113   88
9,4          3177 1633  190    1764  650   86    1413  983  104
4,4          3175 1653  172    1743  685   72    1432  968  100
3,0          3149 1645  206    1854  575   71    1295 1070  135
3,4          3145 1666  189    1892  538   70    1253 1128  119
1,2          3143 1696  161    1834  606   60    1309 1090  101
9,2          3141 1664  195    1779  637   84    1362 1027  111
3,8          3133 1694  173    1834  595   71    1299 1099  102
7,4          3133 1703  164    1859  569   72    1274 1134   92
8,7          3125 1718  157    1826  612   62    1299 1106   95
3,2          3117 1714  169    1893  532   75    1224 1182   94
9,0          3114 1727  159    1817  614   69    1297 1113   90
4,6          3106 1737  157    1854  567   79    1252 1170   78
7,3          3101 1730  169    1915  508   77    1186 1222   92
6,7          3098 1726  176    1800  623   77    1298 1103   99
2,2          3091 1751  158    1880  558   62    1211 1193   96
1,4          3088 1755  157    1778  657   65    1310 1098   92
0,7          3079 1778  143    1807  626   67    1272 1152   76
2,8          3079 1764  157    1799  614   87    1280 1150   70
3,3          3078 1757  165    1849  569   82    1229 1188   83
4,0          3072 1752  176    1818  613   69    1254 1139  107
7,6          3065 1759  176    1799  621   80    1266 1138   96
0,2          3060 1753  187    1870  553   77    1190 1200  110
0,1          3059 1803  138    1735  701   64    1324 1102   74
6,1          3057 1773  170    1868  565   67    1189 1208  103
7,5          3049 1793  158    1806  624   70    1243 1169   88
5,7          3038 1802  160    1768  670   62    1270 1132   98
2,1          3035 1790  175    1849  574   77    1186 1216   98
5,6          3033 1784  183    1805  618   77    1228 1166  106
5,1          3029 1778  193    1852  569   79    1177 1209  114
8,0          3026 1799  175    1870  552   78    1156 1247   97
3,1          3024 1803  173    1851  568   81    1173 1235   92
8,5          3023 1788  189    1818  604   78    1205 1184  111
7,7          3022 1814  164    1844  577   79    1178 1237   85
1,5          3016 1809  175    1764  664   72    1252 1145  103
5,0          3016 1821  163    1796  629   75    1220 1192   88
9,6          3014 1828  158    1838  585   77    1176 1243   81
4,3          3004 1821  175    1806  620   74    1198 1201  101
5,9          3004 1839  157    1846  590   64    1158 1249   93
5,5          2997 1852  151    1837  594   69    1160 1258   82
8,9          2996 1839  165    1839  596   65    1157 1243  100
4,5          2990 1817  193    1657  752   91    1333 1065  102
3,6          2987 1854  159    1786  656   58    1201 1198  101
6,0          2979 1864  157    1788  651   61    1191 1213   96
9,9          2973 1867  160    1857  561   82    1116 1306   78
4,9          2971 1846  183    1845  588   67    1126 1258  116
1,0          2968 1860  172    1687  738   75    1281 1122   97
8,4          2967 1865  168    1773  646   81    1194 1219   87
9,3          2967 1852  181    1825  599   76    1142 1253  105
2,9          2961 1863  176    1841  579   80    1120 1284   96
2,7          2959 1869  172    1896  537   67    1063 1332  105
2,0          2958 1888  154    1845  585   70    1113 1303   84
6,9          2950 1893  157    1843  584   73    1107 1309   84
3,5          2938 1876  186    1797  626   77    1141 1250  109
6,8          2936 1886  178    1872  559   69    1064 1327  109
5,8          2926 1906  168    1839  586   75    1087 1320   93
1,1          2925 1882  193    1766  644   90    1159 1238  103
8,8          2913 1917  170    1879  555   66    1034 1362  104
8,6          2889 1939  172    1827  598   75    1062 1341   97
9,1          2878 1949  173    1752  676   72    1126 1273  101
7,1          2870 1948  182    1827  583   90    1043 1365   92
0,6          2862 1947  191    1722  692   86    1140 1255  105
0,8          2861 1969  170    1727  703   70    1134 1266  100
2,5          2859 1960  181    1738  695   67    1121 1265  114
0,5          2855 1936  209    1748  663   89    1107 1273  120
7,2          2829 2023  148    1762  666   72    1067 1357   76
6,5          2808 2008  184    1804  617   79    1004 1391  105
2,4          2807 2029  164    1845  585   70     962 1444   94
4,8          2804 2036  160    1865  570   65     939 1466   95
0,3          2800 2024  176    1789  637   74    1011 1387  102
6,4          2785 2042  173    1815  604   81     970 1438   92
5,2          2779 2039  182    1788  639   73     991 1400  109
6,3          2759 2065  176    1833  594   73     926 1471  103
8,1          2698 2136  166    1858  586   56     840 1550  110
4,7          2691 2148  161    1832  606   62     859 1542   99
5,3          2685 2153  162    1862  560   78     823 1593   84
9,5          2646 2188  166    1807  627   66     839 1561  100
6,2          2633 2183  184    1790  625   85     843 1558   99
100


Team A Total Wins: 304590
Ties: 16812

50x50 vs 3k

Team A: 
Overall:           all             as Black          as White     
                W    L    T       W    L    T       W    L    T  
size: 100
1,9          3499 1341  160    1876  545   79    1623  796   81
3,7          3414 1431  155    1883  545   72    1531  886   83
5,4          3409 1444  147    1870  570   60    1539  874   87
0,4          3408 1432  160    1885  534   81    1523  898   79
0,0          3401 1462  137    1911  529   60    1490  933   77
8,3          3378 1457  165    1848  580   72    1530  877   93
2,6          3372 1473  155    1897  532   71    1475  941   84
1,6          3361 1485  154    1825  600   75    1536  885   79
4,1          3360 1469  171    1841  582   77    1519  887   94
7,8          3331 1518  151    1858  572   70    1473  946   81
2,3          3298 1522  180    1795  617   88    1503  905   92
1,7          3288 1508  204    1843  567   90    1445  941  114
4,4          3270 1563  167    1838  595   67    1432  968  100
7,9          3233 1613  154    1872  556   72    1361 1057   82
8,2          3233 1576  191    1850  569   81    1383 1007  110
8,7          3232 1607  161    1933  501   66    1299 1106   95
9,8          3230 1625  145    1857  573   70    1373 1052   75
4,2          3229 1588  183    1797  615   88    1432  973   95
0,9          3224 1612  164    1772  660   68    1452  952   96
3,9          3224 1613  163    1862  575   63    1362 1038  100
7,0          3223 1606  171    1826  592   82    1397 1014   89
3,8          3217 1604  179    1918  505   77    1299 1099  102
9,4          3217 1592  191    1804  609   87    1413  983  104
9,2          3210 1618  172    1848  591   61    1362 1027  111
1,8          3207 1621  172    1888  531   81    1319 1090   91
6,6          3200 1638  162    1819  613   68    1381 1025   94
6,7          3198 1629  173    1900  526   74    1298 1103   99
4,5          3197 1631  172    1864  566   70    1333 1065  102
7,6          3189 1648  163    1923  510   67    1266 1138   96
0,1          3187 1663  150    1863  561   76    1324 1102   74
9,7          3176 1660  164    1877  547   76    1299 1113   88
1,2          3152 1687  161    1843  597   60    1309 1090  101
9,0          3152 1669  179    1855  556   89    1297 1113   90
1,0          3143 1693  164    1862  571   67    1281 1122   97
3,0          3140 1658  202    1845  588   67    1295 1070  135
1,3          3138 1701  161    1843  580   77    1295 1121   84
5,6          3138 1689  173    1910  523   67    1228 1166  106
0,7          3132 1712  156    1860  560   80    1272 1152   76
4,0          3129 1706  165    1875  567   58    1254 1139  107
1,4          3120 1705  175    1810  607   83    1310 1098   92
4,6          3112 1744  144    1860  574   66    1252 1170   78
7,4          3105 1734  161    1831  600   69    1274 1134   92
3,4          3095 1714  191    1842  586   72    1253 1128  119
7,7          3094 1756  150    1916  519   65    1178 1237   85
2,8          3090 1763  147    1810  613   77    1280 1150   70
3,3          3090 1761  149    1861  573   66    1229 1188   83
2,2          3086 1733  181    1875  540   85    1211 1193   96
4,3          3086 1749  165    1888  548   64    1198 1201  101
8,5          3086 1741  173    1881  557   62    1205 1184  111
8,4          3082 1735  183    1888  516   96    1194 1219   87
5,7          3074 1749  177    1804  617   79    1270 1132   98
5,0          3069 1767  164    1849  575   76    1220 1192   88
7,5          3064 1776  160    1821  607   72    1243 1169   88
5,9          3061 1781  158    1903  532   65    1158 1249   93
3,2          3060 1768  172    1836  586   78    1224 1182   94
7,3          3060 1771  169    1874  549   77    1186 1222   92
6,0          3058 1761  181    1867  548   85    1191 1213   96
4,9          3043 1792  165    1917  534   49    1126 1258  116
0,2          3042 1781  177    1852  581   67    1190 1200  110
3,6          3040 1783  177    1839  585   76    1201 1198  101
8,9          3038 1778  184    1881  535   84    1157 1243  100
1,1          3035 1791  174    1876  553   71    1159 1238  103
8,0          3031 1797  172    1875  550   75    1156 1247   97
0,8          3028 1785  187    1894  519   87    1134 1266  100
9,9          3021 1828  151    1905  522   73    1116 1306   78
6,8          3015 1824  161    1951  497   52    1064 1327  109
3,1          3010 1826  164    1837  591   72    1173 1235   92
9,1          3007 1830  163    1881  557   62    1126 1273  101
9,6          3007 1844  149    1831  601   68    1176 1243   81
0,6          3004 1819  177    1864  564   72    1140 1255  105
2,9          3004 1840  156    1884  556   60    1120 1284   96
2,5          3000 1801  199    1879  536   85    1121 1265  114
5,5          3000 1855  145    1840  597   63    1160 1258   82
1,5          2997 1813  190    1745  668   87    1252 1145  103
2,1          2997 1824  179    1811  608   81    1186 1216   98
5,1          2997 1818  185    1820  609   71    1177 1209  114
0,5          2986 1811  203    1879  538   83    1107 1273  120
9,3          2977 1840  183    1835  587   78    1142 1253  105
3,5          2976 1843  181    1835  593   72    1141 1250  109
8,8          2964 1862  174    1930  500   70    1034 1362  104
5,8          2940 1889  171    1853  569   78    1087 1320   93
6,9          2931 1921  148    1824  612   64    1107 1309   84
6,1          2927 1901  172    1738  693   69    1189 1208  103
8,6          2906 1906  188    1844  565   91    1062 1341   97
2,0          2886 1941  173    1773  638   89    1113 1303   84
5,2          2860 1961  179    1869  561   70     991 1400  109
7,1          2858 1968  174    1815  603   82    1043 1365   92
4,8          2857 1981  162    1918  515   67     939 1466   95
2,7          2851 1969  180    1788  637   75    1063 1332  105
2,4          2846 2008  146    1884  564   52     962 1444   94
6,5          2842 1968  190    1838  577   85    1004 1391  105
7,2          2825 2018  157    1758  661   81    1067 1357   76
0,3          2823 1993  184    1812  606   82    1011 1387  102
6,3          2792 2034  174    1866  563   71     926 1471  103
6,4          2792 2035  173    1822  597   81     970 1438   92
9,5          2756 2076  168    1917  515   68     839 1561  100
6,2          2703 2119  178    1860  561   79     843 1558   99
4,7          2684 2138  178    1825  596   79     859 1542   99
5,3          2682 2162  156    1859  569   72     823 1593   84
8,1          2623 2186  191    1783  636   81     840 1550  110
100


Team A Total Wins: 307834
Ties: 16935

50x50 vs 4k

Team A: 
Overall:           all             as Black          as White     
                W    L    T       W    L    T       W    L    T  
size: 100
1,9          3557 1294  149    1934  498   68    1623  796   81
0,4          3446 1406  148    1923  508   69    1523  898   79
8,3          3422 1427  151    1892  550   58    1530  877   93
5,4          3415 1425  160    1876  551   73    1539  874   87
1,6          3383 1455  162    1847  570   83    1536  885   79
2,6          3382 1472  146    1907  531   62    1475  941   84
0,0          3348 1484  168    1858  551   91    1490  933   77
3,7          3339 1504  157    1808  618   74    1531  886   83
8,2          3338 1497  165    1955  490   55    1383 1007  110
4,1          3331 1493  176    1812  606   82    1519  887   94
1,7          3329 1490  181    1884  549   67    1445  941  114
7,8          3325 1519  156    1852  573   75    1473  946   81
0,9          3310 1519  171    1858  567   75    1452  952   96
2,3          3307 1532  161    1804  627   69    1503  905   92
9,2          3302 1518  180    1940  491   69    1362 1027  111
9,4          3302 1519  179    1889  536   75    1413  983  104
6,6          3297 1533  170    1916  508   76    1381 1025   94
4,4          3292 1522  186    1860  554   86    1432  968  100
3,9          3279 1549  172    1917  511   72    1362 1038  100
4,2          3267 1573  160    1835  600   65    1432  973   95
7,9          3243 1595  162    1882  538   80    1361 1057   82
1,4          3242 1603  155    1932  505   63    1310 1098   92
7,6          3238 1602  160    1972  464   64    1266 1138   96
9,8          3233 1615  152    1860  563   77    1373 1052   75
7,0          3229 1621  150    1832  607   61    1397 1014   89
0,1          3206 1654  140    1882  552   66    1324 1102   74
1,2          3197 1631  172    1888  541   71    1309 1090  101
1,3          3193 1651  156    1898  530   72    1295 1121   84
3,8          3184 1631  185    1885  532   83    1299 1099  102
1,0          3171 1651  178    1890  529   81    1281 1122   97
2,8          3171 1695  134    1891  545   64    1280 1150   70
5,7          3171 1673  156    1901  541   58    1270 1132   98
1,8          3166 1676  158    1847  586   67    1319 1090   91
4,5          3165 1669  166    1832  604   64    1333 1065  102
3,0          3159 1642  199    1864  572   64    1295 1070  135
7,4          3148 1694  158    1874  560   66    1274 1134   92
7,5          3142 1699  159    1899  530   71    1243 1169   88
0,7          3136 1700  164    1864  548   88    1272 1152   76
3,4          3128 1680  192    1875  552   73    1253 1128  119
9,7          3125 1708  167    1826  595   79    1299 1113   88
1,5          3124 1698  178    1872  553   75    1252 1145  103
4,6          3119 1728  153    1867  558   75    1252 1170   78
5,6          3119 1698  183    1891  532   77    1228 1166  106
3,2          3117 1716  167    1893  534   73    1224 1182   94
6,7          3116 1714  170    1818  611   71    1298 1103   99
8,7          3116 1709  175    1817  603   80    1299 1106   95
9,0          3116 1722  162    1819  609   72    1297 1113   90
2,1          3113 1715  172    1927  499   74    1186 1216   98
7,7          3111 1733  156    1933  496   71    1178 1237   85
7,3          3110 1739  151    1924  517   59    1186 1222   92
3,3          3098 1739  163    1869  551   80    1229 1188   83
6,0          3078 1741  181    1887  528   85    1191 1213   96
0,2          3077 1742  181    1887  542   71    1190 1200  110
1,1          3073 1765  162    1914  527   59    1159 1238  103
2,2          3072 1754  174    1861  561   78    1211 1193   96
6,1          3072 1746  182    1883  538   79    1189 1208  103
8,5          3071 1739  190    1866  555   79    1205 1184  111
5,1          3069 1741  190    1892  532   76    1177 1209  114
8,4          3060 1771  169    1866  552   82    1194 1219   87
5,5          3055 1796  149    1895  538   67    1160 1258   82
9,6          3051 1794  155    1875  551   74    1176 1243   81
2,0          3044 1804  152    1931  501   68    1113 1303   84
8,0          3044 1784  172    1888  537   75    1156 1247   97
9,3          3039 1772  189    1897  519   84    1142 1253  105
5,0          3037 1803  160    1817  611   72    1220 1192   88
4,9          3029 1788  183    1903  530   67    1126 1258  116
3,6          3024 1786  190    1823  588   89    1201 1198  101
5,9          3021 1801  178    1863  552   85    1158 1249   93
4,0          3020 1810  170    1766  671   63    1254 1139  107
2,9          3019 1819  162    1899  535   66    1120 1284   96
8,9          3018 1812  170    1861  569   70    1157 1243  100
6,9          3012 1826  162    1905  517   78    1107 1309   84
4,3          3010 1810  180    1812  609   79    1198 1201  101
9,1          3006 1822  172    1880  549   71    1126 1273  101
0,5          3001 1811  188    1894  538   68    1107 1273  120
0,8          2992 1827  181    1858  561   81    1134 1266  100
3,5          2983 1831  186    1842  581   77    1141 1250  109
2,5          2979 1825  196    1858  560   82    1121 1265  114
7,2          2978 1888  134    1911  531   58    1067 1357   76
7,1          2976 1863  161    1933  498   69    1043 1365   92
5,8          2968 1851  181    1881  531   88    1087 1320   93
0,3          2960 1867  173    1949  480   71    1011 1387  102
0,6          2960 1853  187    1820  598   82    1140 1255  105
9,9          2938 1893  169    1822  587   91    1116 1306   78
3,1          2930 1895  175    1757  660   83    1173 1235   92
8,6          2902 1917  181    1840  576   84    1062 1341   97
2,7          2896 1907  197    1833  575   92    1063 1332  105
6,8          2874 1934  192    1810  607   83    1064 1327  109
8,8          2866 1952  182    1832  590   78    1034 1362  104
6,4          2865 1972  163    1895  534   71     970 1438   92
2,4          2863 1961  176    1901  517   82     962 1444   94
5,2          2844 1972  184    1853  572   75     991 1400  109
6,5          2825 2006  169    1821  615   64    1004 1391  105
4,8          2795 2024  181    1856  558   86     939 1466   95
8,1          2787 2035  178    1947  485   68     840 1550  110
4,7          2757 2077  166    1898  535   67     859 1542   99
6,2          2730 2093  177    1887  535   78     843 1558   99
9,5          2710 2119  171    1871  558   71     839 1561  100
5,3          2708 2148  144    1885  555   60     823 1593   84
6,3          2695 2126  179    1769  655   76     926 1471  103
100


Team A Total Wins: 309660
Ties: 16935

50x50 vs 5k

Team A: 
Overall:           all             as Black          as White     
                W    L    T       W    L    T       W    L    T  
size: 100
1,9          3535 1309  156    1912  513   75    1623  796   81
1,6          3421 1434  145    1885  549   66    1536  885   79
0,0          3418 1443  139    1928  510   62    1490  933   77
3,7          3392 1456  152    1861  570   69    1531  886   83
5,4          3382 1466  152    1843  592   65    1539  874   87
4,1          3373 1456  171    1854  569   77    1519  887   94
8,3          3349 1474  177    1819  597   84    1530  877   93
2,3          3345 1486  169    1842  581   77    1503  905   92
0,9          3337 1479  184    1885  527   88    1452  952   96
0,4          3334 1513  153    1811  615   74    1523  898   79
2,6          3330 1520  150    1855  579   66    1475  941   84
1,7          3298 1504  198    1853  563   84    1445  941  114
4,2          3291 1532  177    1859  559   82    1432  973   95
6,6          3281 1545  174    1900  520   80    1381 1025   94
9,4          3266 1543  191    1853  560   87    1413  983  104
7,8          3251 1572  177    1778  626   96    1473  946   81
3,9          3233 1596  171    1871  558   71    1362 1038  100
9,8          3233 1608  159    1860  556   84    1373 1052   75
7,9          3230 1621  149    1869  564   67    1361 1057   82
8,2          3207 1610  183    1824  603   73    1383 1007  110
9,2          3207 1603  190    1845  576   79    1362 1027  111
0,1          3201 1651  148    1877  549   74    1324 1102   74
9,7          3190 1643  167    1891  530   79    1299 1113   88
3,8          3184 1637  179    1885  538   77    1299 1099  102
2,8          3179 1675  146    1899  525   76    1280 1150   70
8,7          3173 1652  175    1874  546   80    1299 1106   95
1,0          3169 1648  183    1888  526   86    1281 1122   97
7,0          3167 1651  182    1770  637   93    1397 1014   89
9,0          3164 1664  172    1867  551   82    1297 1113   90
1,2          3161 1658  181    1852  568   80    1309 1090  101
4,4          3161 1662  177    1729  694   77    1432  968  100
5,7          3160 1658  182    1890  526   84    1270 1132   98
1,3          3149 1704  147    1854  583   63    1295 1121   84
3,0          3140 1649  211    1845  579   76    1295 1070  135
6,7          3138 1684  178    1840  581   79    1298 1103   99
4,5          3136 1683  181    1803  618   79    1333 1065  102
7,6          3132 1687  181    1866  549   85    1266 1138   96
3,3          3130 1706  164    1901  518   81    1229 1188   83
7,4          3127 1709  164    1853  575   72    1274 1134   92
1,4          3119 1686  195    1809  588  103    1310 1098   92
7,5          3117 1722  161    1874  553   73    1243 1169   88
3,4          3112 1700  188    1859  572   69    1253 1128  119
1,5          3109 1725  166    1857  580   63    1252 1145  103
4,6          3106 1742  152    1854  572   74    1252 1170   78
5,0          3097 1739  164    1877  547   76    1220 1192   88
3,2          3094 1748  158    1870  566   64    1224 1182   94
2,1          3093 1720  187    1907  504   89    1186 1216   98
5,6          3093 1727  180    1865  561   74    1228 1166  106
4,0          3087 1729  184    1833  590   77    1254 1139  107
2,2          3085 1742  173    1874  549   77    1211 1193   96
1,8          3082 1724  194    1763  634  103    1319 1090   91
0,7          3078 1757  165    1806  605   89    1272 1152   76
7,3          3077 1739  184    1891  517   92    1186 1222   92
9,6          3070 1776  154    1894  533   73    1176 1243   81
0,6          3067 1754  179    1927  499   74    1140 1255  105
0,2          3058 1766  176    1868  566   66    1190 1200  110
6,1          3056 1782  162    1867  574   59    1189 1208  103
6,0          3053 1772  175    1862  559   79    1191 1213   96
8,5          3045 1770  185    1840  586   74    1205 1184  111
5,5          3032 1813  155    1872  555   73    1160 1258   82
5,1          3031 1782  187    1854  573   73    1177 1209  114
7,7          3030 1807  163    1852  570   78    1178 1237   85
1,1          3027 1798  175    1868  560   72    1159 1238  103
8,9          3022 1809  169    1865  566   69    1157 1243  100
9,3          3005 1808  187    1863  555   82    1142 1253  105
2,0          3004 1835  161    1891  532   77    1113 1303   84
9,9          3003 1844  153    1887  538   75    1116 1306   78
0,8          3002 1823  175    1868  557   75    1134 1266  100
5,9          2993 1830  177    1835  581   84    1158 1249   93
8,4          2992 1843  165    1798  624   78    1194 1219   87
3,1          2985 1848  167    1812  613   75    1173 1235   92
8,0          2985 1837  178    1829  590   81    1156 1247   97
2,9          2983 1854  163    1863  570   67    1120 1284   96
3,5          2982 1830  188    1841  580   79    1141 1250  109
3,6          2977 1831  192    1776  633   91    1201 1198  101
4,3          2973 1867  160    1775  666   59    1198 1201  101
0,5          2970 1834  196    1863  561   76    1107 1273  120
9,1          2969 1856  175    1843  583   74    1126 1273  101
8,6          2953 1876  171    1891  535   74    1062 1341   97
2,5          2949 1849  202    1828  584   88    1121 1265  114
4,9          2947 1858  195    1821  600   79    1126 1258  116
6,8          2934 1865  201    1870  538   92    1064 1327  109
7,2          2923 1943  134    1856  586   58    1067 1357   76
6,9          2922 1913  165    1815  604   81    1107 1309   84
5,8          2916 1922  162    1829  602   69    1087 1320   93
2,7          2908 1910  182    1845  578   77    1063 1332  105
6,5          2907 1902  191    1903  511   86    1004 1391  105
8,8          2906 1923  171    1872  561   67    1034 1362  104
7,1          2879 1939  182    1836  574   90    1043 1365   92
6,4          2868 1977  155    1898  539   63     970 1438   92
5,2          2851 1952  197    1860  552   88     991 1400  109
0,3          2843 1974  183    1832  587   81    1011 1387  102
6,3          2812 2010  178    1886  539   75     926 1471  103
4,8          2799 2042  159    1860  576   64     939 1466   95
2,4          2747 2094  159    1785  650   65     962 1444   94
9,5          2726 2094  180    1887  533   80     839 1561  100
4,7          2724 2107  169    1865  565   70     859 1542   99
6,2          2713 2105  182    1870  547   83     843 1558   99
8,1          2657 2163  180    1817  613   70     840 1550  110
5,3          2598 2256  146    1775  663   62     823 1593   84
100


Team A Total Wins: 307719
Ties: 17247

50x50 vs 6k

Team A: 
Overall:           all             as Black          as White     
                W    L    T       W    L    T       W    L    T  
size: 100
1,9          3503 1320  177    1880  524   96    1623  796   81
4,1          3458 1380  162    1939  493   68    1519  887   94
1,6          3453 1389  158    1917  504   79    1536  885   79
8,3          3436 1393  171    1906  516   78    1530  877   93
5,4          3428 1415  157    1889  541   70    1539  874   87
2,3          3392 1442  166    1889  537   74    1503  905   92
3,7          3367 1474  159    1836  588   76    1531  886   83
0,4          3354 1496  150    1831  598   71    1523  898   79
0,0          3349 1494  157    1859  561   80    1490  933   77
2,6          3349 1490  161    1874  549   77    1475  941   84
0,9          3333 1497  170    1881  545   74    1452  952   96
7,8          3332 1502  166    1859  556   85    1473  946   81
1,7          3328 1482  190    1883  541   76    1445  941  114
7,0          3321 1521  158    1924  507   69    1397 1014   89
4,2          3301 1534  165    1869  561   70    1432  973   95
4,4          3286 1540  174    1854  572   74    1432  968  100
7,9          3280 1565  155    1919  508   73    1361 1057   82
6,6          3273 1564  163    1892  539   69    1381 1025   94
9,4          3265 1559  176    1852  576   72    1413  983  104
9,8          3260 1588  152    1887  536   77    1373 1052   75
9,0          3218 1615  167    1921  502   77    1297 1113   90
1,8          3213 1623  164    1894  533   73    1319 1090   91
8,7          3213 1608  179    1914  502   84    1299 1106   95
8,2          3212 1611  177    1829  604   67    1383 1007  110
9,7          3210 1638  152    1911  525   64    1299 1113   88
0,7          3208 1644  148    1936  492   72    1272 1152   76
3,0          3202 1586  212    1907  516   77    1295 1070  135
1,2          3197 1625  178    1888  535   77    1309 1090  101
0,1          3195 1652  153    1871  550   79    1324 1102   74
7,4          3193 1635  172    1919  501   80    1274 1134   92
6,7          3191 1647  162    1893  544   63    1298 1103   99
3,8          3188 1637  175    1889  538   73    1299 1099  102
9,2          3187 1632  181    1825  605   70    1362 1027  111
3,9          3181 1627  192    1819  589   92    1362 1038  100
4,5          3177 1659  164    1844  594   62    1333 1065  102
7,6          3175 1647  178    1909  509   82    1266 1138   96
1,4          3168 1658  174    1858  560   82    1310 1098   92
1,5          3161 1653  186    1909  508   83    1252 1145  103
3,4          3159 1650  191    1906  522   72    1253 1128  119
5,7          3152 1688  160    1882  556   62    1270 1132   98
1,3          3150 1673  177    1855  552   93    1295 1121   84
3,2          3140 1698  162    1916  516   68    1224 1182   94
1,0          3129 1697  174    1848  575   77    1281 1122   97
3,3          3129 1725  146    1900  537   63    1229 1188   83
2,8          3126 1731  143    1846  581   73    1280 1150   70
4,0          3115 1700  185    1861  561   78    1254 1139  107
4,6          3113 1729  158    1861  559   80    1252 1170   78
4,3          3108 1741  151    1910  540   50    1198 1201  101
5,6          3096 1712  192    1868  546   86    1228 1166  106
7,3          3084 1751  165    1898  529   73    1186 1222   92
7,5          3082 1745  173    1839  576   85    1243 1169   88
8,0          3081 1745  174    1925  498   77    1156 1247   97
2,1          3078 1740  182    1892  524   84    1186 1216   98
2,2          3071 1751  178    1860  558   82    1211 1193   96
9,6          3071 1763  166    1895  520   85    1176 1243   81
5,5          3064 1788  148    1904  530   66    1160 1258   82
3,5          3055 1752  193    1914  502   84    1141 1250  109
4,9          3053 1775  172    1927  517   56    1126 1258  116
5,1          3048 1759  193    1871  550   79    1177 1209  114
8,9          3048 1778  174    1891  535   74    1157 1243  100
6,1          3046 1769  185    1857  561   82    1189 1208  103
9,9          3045 1806  149    1929  500   71    1116 1306   78
3,1          3044 1789  167    1871  554   75    1173 1235   92
5,9          3040 1800  160    1882  551   67    1158 1249   93
3,6          3035 1782  183    1834  584   82    1201 1198  101
8,4          3028 1811  161    1834  592   74    1194 1219   87
5,0          3027 1801  172    1807  609   84    1220 1192   88
2,5          3020 1800  180    1899  535   66    1121 1265  114
8,5          3020 1780  200    1815  596   89    1205 1184  111
1,1          3017 1808  175    1858  570   72    1159 1238  103
6,0          3017 1797  186    1826  584   90    1191 1213   96
0,8          3014 1809  177    1880  543   77    1134 1266  100
0,2          3004 1800  196    1814  600   86    1190 1200  110
9,1          3002 1816  182    1876  543   81    1126 1273  101
7,7          2997 1834  169    1819  597   84    1178 1237   85
2,9          2991 1850  159    1871  566   63    1120 1284   96
6,9          2990 1847  163    1883  538   79    1107 1309   84
0,6          2984 1821  195    1844  566   90    1140 1255  105
9,3          2976 1845  179    1834  592   74    1142 1253  105
8,8          2964 1851  185    1930  489   81    1034 1362  104
0,5          2955 1840  205    1848  567   85    1107 1273  120
7,2          2953 1892  155    1886  535   79    1067 1357   76
2,0          2945 1882  173    1832  579   89    1113 1303   84
8,6          2945 1873  182    1883  532   85    1062 1341   97
6,8          2932 1886  182    1868  559   73    1064 1327  109
5,8          2931 1900  169    1844  580   76    1087 1320   93
7,1          2905 1924  171    1862  559   79    1043 1365   92
6,5          2895 1935  170    1891  544   65    1004 1391  105
0,3          2894 1938  168    1883  551   66    1011 1387  102
2,7          2888 1930  182    1825  598   77    1063 1332  105
5,2          2871 1946  183    1880  546   74     991 1400  109
6,4          2870 1967  163    1900  529   71     970 1438   92
2,4          2849 1978  173    1887  534   79     962 1444   94
6,3          2837 1986  177    1911  515   74     926 1471  103
4,8          2767 2046  187    1828  580   92     939 1466   95
6,2          2756 2065  179    1913  507   80     843 1558   99
5,3          2755 2095  150    1932  502   66     823 1593   84
8,1          2712 2091  197    1872  541   87     840 1550  110
4,7          2711 2105  184    1852  563   85     859 1542   99
9,5          2675 2150  175    1836  589   75     839 1561  100
100


Team A Total Wins: 310016
Ties: 17206

50x50 vs 7k

Team A: 
Overall:           all             as Black          as White     
                W    L    T       W    L    T       W    L    T  
size: 100
1,9          3505 1311  184    1882  515  103    1623  796   81
4,1          3457 1383  160    1938  496   66    1519  887   94
2,3          3439 1402  159    1936  497   67    1503  905   92
5,4          3428 1402  170    1889  528   83    1539  874   87
8,3          3407 1411  182    1877  534   89    1530  877   93
1,6          3403 1435  162    1867  550   83    1536  885   79
0,4          3399 1452  149    1876  554   70    1523  898   79
3,7          3399 1444  157    1868  558   74    1531  886   83
2,6          3385 1469  146    1910  528   62    1475  941   84
7,8          3365 1470  165    1892  524   84    1473  946   81
0,9          3354 1475  171    1902  523   75    1452  952   96
4,4          3352 1481  167    1920  513   67    1432  968  100
4,2          3334 1493  173    1902  520   78    1432  973   95
8,2          3316 1514  170    1933  507   60    1383 1007  110
1,7          3308 1507  185    1863  566   71    1445  941  114
9,4          3300 1518  182    1887  535   78    1413  983  104
9,8          3300 1541  159    1927  489   84    1373 1052   75
0,0          3285 1557  158    1795  624   81    1490  933   77
4,5          3275 1559  166    1942  494   64    1333 1065  102
7,0          3272 1562  166    1875  548   77    1397 1014   89
9,2          3255 1567  178    1893  540   67    1362 1027  111
1,4          3243 1588  169    1933  490   77    1310 1098   92
7,9          3243 1588  169    1882  531   87    1361 1057   82
6,6          3229 1602  169    1848  577   75    1381 1025   94
8,7          3222 1601  177    1923  495   82    1299 1106   95
3,9          3219 1601  180    1857  563   80    1362 1038  100
9,0          3208 1633  159    1911  520   69    1297 1113   90
1,3          3199 1656  145    1904  535   61    1295 1121   84
3,0          3199 1594  207    1904  524   72    1295 1070  135
6,7          3194 1641  165    1896  538   66    1298 1103   99
0,7          3190 1673  137    1918  521   61    1272 1152   76
9,7          3189 1659  152    1890  546   64    1299 1113   88
5,7          3180 1643  177    1910  511   79    1270 1132   98
7,4          3178 1659  163    1904  525   71    1274 1134   92
1,8          3176 1667  157    1857  577   66    1319 1090   91
2,8          3175 1678  147    1895  528   77    1280 1150   70
1,5          3173 1667  160    1921  522   57    1252 1145  103
4,3          3170 1672  158    1972  471   57    1198 1201  101
3,8          3168 1657  175    1869  558   73    1299 1099  102
1,2          3165 1651  184    1856  561   83    1309 1090  101
3,3          3163 1661  176    1934  473   93    1229 1188   83
4,0          3163 1653  184    1909  514   77    1254 1139  107
5,6          3163 1660  177    1935  494   71    1228 1166  106
1,0          3148 1673  179    1867  551   82    1281 1122   97
3,2          3148 1688  164    1924  506   70    1224 1182   94
7,6          3141 1693  166    1875  555   70    1266 1138   96
3,4          3134 1674  192    1881  546   73    1253 1128  119
6,0          3133 1686  181    1942  473   85    1191 1213   96
0,1          3126 1725  149    1802  623   75    1324 1102   74
2,1          3118 1710  172    1932  494   74    1186 1216   98
4,6          3118 1732  150    1866  562   72    1252 1170   78
5,0          3110 1721  169    1890  529   81    1220 1192   88
8,4          3104 1731  165    1910  512   78    1194 1219   87
2,2          3101 1733  166    1890  540   70    1211 1193   96
3,6          3098 1730  172    1897  532   71    1201 1198  101
3,1          3096 1738  166    1923  503   74    1173 1235   92
6,1          3096 1738  166    1907  530   63    1189 1208  103
5,9          3094 1729  177    1936  480   84    1158 1249   93
8,0          3076 1757  167    1920  510   70    1156 1247   97
8,5          3076 1741  183    1871  557   72    1205 1184  111
5,1          3075 1732  193    1898  523   79    1177 1209  114
0,2          3069 1741  190    1879  541   80    1190 1200  110
5,5          3066 1784  150    1906  526   68    1160 1258   82
7,3          3064 1755  181    1878  533   89    1186 1222   92
7,7          3062 1772  166    1884  535   81    1178 1237   85
4,9          3057 1751  192    1931  493   76    1126 1258  116
7,5          3057 1761  182    1814  592   94    1243 1169   88
6,9          3052 1816  132    1945  507   48    1107 1309   84
8,9          3052 1772  176    1895  529   76    1157 1243  100
9,9          3045 1797  158    1929  491   80    1116 1306   78
9,6          3041 1803  156    1865  560   75    1176 1243   81
0,8          3036 1792  172    1902  526   72    1134 1266  100
0,6          3030 1798  172    1890  543   67    1140 1255  105
0,5          3019 1790  191    1912  517   71    1107 1273  120
3,5          3019 1779  202    1878  529   93    1141 1250  109
1,1          3016 1797  187    1857  559   84    1159 1238  103
2,0          3016 1820  164    1903  517   80    1113 1303   84
2,9          3014 1806  180    1894  522   84    1120 1284   96
2,5          2992 1825  183    1871  560   69    1121 1265  114
7,1          2983 1845  172    1940  480   80    1043 1365   92
9,1          2977 1847  176    1851  574   75    1126 1273  101
9,3          2975 1846  179    1833  593   74    1142 1253  105
8,6          2972 1868  160    1910  527   63    1062 1341   97
5,2          2971 1852  177    1980  452   68     991 1400  109
5,8          2961 1874  165    1874  554   72    1087 1320   93
7,2          2960 1889  151    1893  532   75    1067 1357   76
2,7          2950 1871  179    1887  539   74    1063 1332  105
6,8          2932 1880  188    1868  553   79    1064 1327  109
0,3          2918 1911  171    1907  524   69    1011 1387  102
6,5          2909 1925  166    1905  534   61    1004 1391  105
6,4          2901 1936  163    1931  498   71     970 1438   92
8,8          2897 1936  167    1863  574   63    1034 1362  104
2,4          2892 1954  154    1930  510   60     962 1444   94
6,3          2855 1975  170    1929  504   67     926 1471  103
4,8          2848 1973  179    1909  507   84     939 1466   95
6,2          2793 2052  155    1950  494   56     843 1558   99
5,3          2751 2094  155    1928  501   71     823 1593   84
4,7          2748 2083  169    1889  541   70     859 1542   99
9,5          2675 2146  179    1836  585   79     839 1561  100
8,1          2672 2148  180    1832  598   70     840 1550  110
100


Team A Total Wins: 311986
Ties: 16962

50x50 vs 8k

Team A: 
Overall:           all             as Black          as White     
                W    L    T       W    L    T       W    L    T  
size: 100
1,9          3483 1364  153    1860  568   72    1623  796   81
5,4          3413 1442  145    1874  568   58    1539  874   87
1,6          3411 1443  146    1875  558   67    1536  885   79
0,4          3400 1456  144    1877  558   65    1523  898   79
4,1          3391 1449  160    1872  562   66    1519  887   94
3,7          3373 1466  161    1842  580   78    1531  886   83
8,3          3369 1454  177    1839  577   84    1530  877   93
2,6          3362 1490  148    1887  549   64    1475  941   84
2,3          3361 1480  159    1858  575   67    1503  905   92
7,8          3321 1516  163    1848  570   82    1473  946   81
6,6          3314 1511  175    1933  486   81    1381 1025   94
0,0          3309 1550  141    1819  617   64    1490  933   77
1,7          3272 1520  208    1827  579   94    1445  941  114
9,4          3264 1553  183    1851  570   79    1413  983  104
4,2          3261 1566  173    1829  593   78    1432  973   95
4,4          3261 1564  175    1829  596   75    1432  968  100
0,9          3235 1586  179    1783  634   83    1452  952   96
7,0          3230 1605  165    1833  591   76    1397 1014   89
9,8          3227 1622  151    1854  570   76    1373 1052   75
8,2          3224 1584  192    1841  577   82    1383 1007  110
9,2          3209 1607  184    1847  580   73    1362 1027  111
7,9          3206 1645  149    1845  588   67    1361 1057   82
0,1          3184 1659  157    1860  557   83    1324 1102   74
1,8          3176 1654  170    1857  564   79    1319 1090   91
3,0          3159 1642  199    1864  572   64    1295 1070  135
3,4          3156 1654  190    1903  526   71    1253 1128  119
4,5          3156 1663  181    1823  598   79    1333 1065  102
1,5          3152 1687  161    1900  542   58    1252 1145  103
0,7          3151 1700  149    1879  548   73    1272 1152   76
7,4          3148 1698  154    1874  564   62    1274 1134   92
8,7          3148 1673  179    1849  567   84    1299 1106   95
9,7          3147 1697  156    1848  584   68    1299 1113   88
7,6          3136 1707  157    1870  569   61    1266 1138   96
2,8          3130 1751  119    1850  601   49    1280 1150   70
1,0          3128 1693  179    1847  571   82    1281 1122   97
3,3          3127 1716  157    1898  528   74    1229 1188   83
3,9          3126 1682  192    1764  644   92    1362 1038  100
6,7          3126 1705  169    1828  602   70    1298 1103   99
1,2          3124 1703  173    1815  613   72    1309 1090  101
3,8          3123 1693  184    1824  594   82    1299 1099  102
4,0          3123 1709  168    1869  570   61    1254 1139  107
2,2          3117 1717  166    1906  524   70    1211 1193   96
4,6          3115 1740  145    1863  570   67    1252 1170   78
1,3          3106 1740  154    1811  619   70    1295 1121   84
1,4          3106 1719  175    1796  621   83    1310 1098   92
5,7          3095 1717  188    1825  585   90    1270 1132   98
2,1          3070 1759  171    1884  543   73    1186 1216   98
7,5          3070 1765  165    1827  596   77    1243 1169   88
3,6          3064 1766  170    1863  568   69    1201 1198  101
8,4          3061 1781  158    1867  562   71    1194 1219   87
5,0          3054 1788  158    1834  596   70    1220 1192   88
8,5          3043 1761  196    1838  577   85    1205 1184  111
6,1          3037 1786  177    1848  578   74    1189 1208  103
3,2          3036 1798  166    1812  616   72    1224 1182   94
5,6          3036 1777  187    1808  611   81    1228 1166  106
4,3          3034 1796  170    1836  595   69    1198 1201  101
5,1          3027 1775  198    1850  566   84    1177 1209  114
9,6          3020 1823  157    1844  580   76    1176 1243   81
1,1          3014 1820  166    1855  582   63    1159 1238  103
3,1          3010 1816  174    1837  581   82    1173 1235   92
9,0          3010 1821  169    1713  708   79    1297 1113   90
7,7          3008 1831  161    1830  594   76    1178 1237   85
5,9          3007 1814  179    1849  565   86    1158 1249   93
7,3          3002 1818  180    1816  596   88    1186 1222   92
0,6          3000 1814  186    1860  559   81    1140 1255  105
2,9          2994 1820  186    1874  536   90    1120 1284   96
9,1          2991 1837  172    1865  564   71    1126 1273  101
2,5          2988 1815  197    1867  550   83    1121 1265  114
9,3          2988 1844  168    1846  591   63    1142 1253  105
5,5          2977 1861  162    1817  603   80    1160 1258   82
8,0          2973 1850  177    1817  603   80    1156 1247   97
6,0          2965 1862  173    1774  649   77    1191 1213   96
6,9          2962 1874  164    1855  565   80    1107 1309   84
0,8          2959 1845  196    1825  579   96    1134 1266  100
0,2          2954 1854  192    1764  654   82    1190 1200  110
8,9          2953 1879  168    1796  636   68    1157 1243  100
9,9          2947 1907  146    1831  601   68    1116 1306   78
5,8          2946 1882  172    1859  562   79    1087 1320   93
2,0          2944 1904  152    1831  601   68    1113 1303   84
6,8          2941 1887  172    1877  560   63    1064 1327  109
0,5          2936 1859  205    1829  586   85    1107 1273  120
3,5          2935 1871  194    1794  621   85    1141 1250  109
8,6          2931 1908  161    1869  567   64    1062 1341   97
4,9          2926 1882  192    1800  624   76    1126 1258  116
6,5          2897 1943  160    1893  552   55    1004 1391  105
7,2          2896 1954  150    1829  597   74    1067 1357   76
2,7          2888 1929  183    1825  597   78    1063 1332  105
8,8          2885 1929  186    1851  567   82    1034 1362  104
7,1          2862 1975  163    1819  610   71    1043 1365   92
0,3          2858 1961  181    1847  574   79    1011 1387  102
5,2          2847 1966  187    1856  566   78     991 1400  109
6,4          2845 2000  155    1875  562   63     970 1438   92
2,4          2789 2022  189    1827  578   95     962 1444   94
6,3          2749 2065  186    1823  594   83     926 1471  103
4,8          2737 2093  170    1798  627   75     939 1466   95
9,5          2728 2100  172    1889  539   72     839 1561  100
6,2          2721 2118  161    1878  560   62     843 1558   99
4,7          2705 2111  184    1846  569   85     859 1542   99
5,3          2659 2181  160    1836  588   76     823 1593   84
8,1          2647 2148  205    1807  598   95     840 1550  110
100


Team A Total Wins: 306681
Ties: 17082

50x50 vs 9k

Team A: 
Overall:           all             as Black          as White     
                W    L    T       W    L    T       W    L    T  
size: 100
1,9          3449 1386  165    1826  590   84    1623  796   81
1,6          3372 1468  160    1836  583   81    1536  885   79
7,8          3364 1497  139    1891  551   58    1473  946   81
5,4          3353 1478  169    1814  604   82    1539  874   87
4,1          3333 1491  176    1814  604   82    1519  887   94
3,7          3332 1498  170    1801  612   87    1531  886   83
8,3          3332 1501  167    1802  624   74    1530  877   93
0,0          3329 1514  157    1839  581   80    1490  933   77
2,6          3307 1543  150    1832  602   66    1475  941   84
2,3          3303 1522  175    1800  617   83    1503  905   92
1,7          3276 1536  188    1831  595   74    1445  941  114
4,2          3256 1575  169    1824  602   74    1432  973   95
0,4          3254 1579  167    1731  681   88    1523  898   79
0,9          3251 1573  176    1799  621   80    1452  952   96
6,6          3250 1588  162    1869  563   68    1381 1025   94
7,0          3250 1588  162    1853  574   73    1397 1014   89
4,4          3232 1597  171    1800  629   71    1432  968  100
9,4          3217 1596  187    1804  613   83    1413  983  104
9,2          3212 1597  191    1850  570   80    1362 1027  111
7,9          3208 1642  150    1847  585   68    1361 1057   82
9,8          3207 1649  144    1834  597   69    1373 1052   75
8,2          3203 1611  186    1820  604   76    1383 1007  110
3,9          3199 1630  171    1837  592   71    1362 1038  100
1,8          3195 1631  174    1876  541   83    1319 1090   91
1,2          3176 1653  171    1867  563   70    1309 1090  101
1,4          3171 1664  165    1861  566   73    1310 1098   92
9,7          3163 1661  176    1864  548   88    1299 1113   88
8,7          3161 1664  175    1862  558   80    1299 1106   95
2,8          3159 1705  136    1879  555   66    1280 1150   70
0,1          3151 1696  153    1827  594   79    1324 1102   74
9,0          3137 1705  158    1840  592   68    1297 1113   90
4,5          3134 1678  188    1801  613   86    1333 1065  102
5,7          3132 1682  186    1862  550   88    1270 1132   98
6,7          3127 1685  188    1829  582   89    1298 1103   99
1,0          3120 1702  178    1839  580   81    1281 1122   97
4,6          3116 1716  168    1864  546   90    1252 1170   78
7,4          3108 1734  158    1834  600   66    1274 1134   92
4,0          3101 1723  176    1847  584   69    1254 1139  107
1,3          3097 1743  160    1802  622   76    1295 1121   84
5,0          3089 1747  164    1869  555   76    1220 1192   88
3,0          3086 1700  214    1791  630   79    1295 1070  135
1,5          3082 1746  172    1830  601   69    1252 1145  103
7,6          3075 1741  184    1809  603   88    1266 1138   96
3,8          3070 1740  190    1771  641   88    1299 1099  102
2,1          3069 1747  184    1883  531   86    1186 1216   98
2,2          3068 1763  169    1857  570   73    1211 1193   96
8,5          3061 1756  183    1856  572   72    1205 1184  111
3,2          3060 1767  173    1836  585   79    1224 1182   94
5,6          3052 1767  181    1824  601   75    1228 1166  106
4,3          3047 1767  186    1849  566   85    1198 1201  101
7,5          3047 1781  172    1804  612   84    1243 1169   88
3,1          3041 1800  159    1868  565   67    1173 1235   92
7,7          3041 1786  173    1863  549   88    1178 1237   85
8,0          3041 1779  180    1885  532   83    1156 1247   97
5,1          3037 1774  189    1860  565   75    1177 1209  114
6,1          3033 1807  160    1844  599   57    1189 1208  103
3,4          3030 1748  222    1777  620  103    1253 1128  119
0,2          3022 1777  201    1832  577   91    1190 1200  110
6,0          3018 1822  160    1827  609   64    1191 1213   96
3,3          3014 1818  168    1785  630   85    1229 1188   83
5,9          3014 1810  176    1856  561   83    1158 1249   93
0,7          3012 1827  161    1740  675   85    1272 1152   76
3,6          3010 1808  182    1809  610   81    1201 1198  101
9,6          3005 1849  146    1829  606   65    1176 1243   81
7,3          3004 1823  173    1818  601   81    1186 1222   92
8,4          3004 1840  156    1810  621   69    1194 1219   87
9,9          2997 1834  169    1881  528   91    1116 1306   78
3,5          2985 1833  182    1844  583   73    1141 1250  109
5,5          2984 1858  158    1824  600   76    1160 1258   82
8,9          2978 1865  157    1821  622   57    1157 1243  100
0,8          2970 1861  169    1836  595   69    1134 1266  100
1,1          2967 1859  174    1808  621   71    1159 1238  103
0,5          2957 1856  187    1850  583   67    1107 1273  120
6,9          2955 1890  155    1848  581   71    1107 1309   84
9,3          2954 1856  190    1812  603   85    1142 1253  105
0,6          2952 1863  185    1812  608   80    1140 1255  105
4,9          2936 1875  189    1810  617   73    1126 1258  116
2,7          2935 1878  187    1872  546   82    1063 1332  105
5,8          2933 1891  176    1846  571   83    1087 1320   93
2,5          2927 1882  191    1806  617   77    1121 1265  114
9,1          2923 1890  187    1797  617   86    1126 1273  101
8,6          2921 1926  153    1859  585   56    1062 1341   97
2,0          2913 1923  164    1800  620   80    1113 1303   84
6,8          2912 1904  184    1848  577   75    1064 1327  109
2,9          2908 1923  169    1788  639   73    1120 1284   96
7,2          2876 1966  158    1809  609   82    1067 1357   76
8,8          2857 1957  186    1823  595   82    1034 1362  104
7,1          2855 1962  183    1812  597   91    1043 1365   92
0,3          2850 1973  177    1839  586   75    1011 1387  102
5,2          2839 1973  188    1848  573   79     991 1400  109
6,5          2832 2000  168    1828  609   63    1004 1391  105
2,4          2815 2012  173    1853  568   79     962 1444   94
6,4          2773 2060  167    1803  622   75     970 1438   92
4,8          2762 2070  168    1823  604   73     939 1466   95
6,3          2748 2069  183    1822  598   80     926 1471  103
8,1          2701 2109  190    1861  559   80     840 1550  110
9,5          2694 2129  177    1855  568   77     839 1561  100
4,7          2688 2130  182    1829  588   83     859 1542   99
6,2          2665 2143  192    1822  585   93     843 1558   99
5,3          2652 2165  183    1829  572   99     823 1593   84
100


Team A Total Wins: 305483
Ties: 17341

50x50 vs 10k

Team A: 
Overall:           all             as Black          as White     
                W    L    T       W    L    T       W    L    T  
size: 100
1,9          3415 1428  157    1792  632   76    1623  796   81
5,4          3381 1465  154    1842  591   67    1539  874   87
8,3          3330 1496  174    1800  619   81    1530  877   93
3,7          3323 1511  166    1792  625   83    1531  886   83
1,6          3308 1536  156    1772  651   77    1536  885   79
0,4          3305 1540  155    1782  642   76    1523  898   79
4,4          3296 1516  188    1864  548   88    1432  968  100
4,1          3295 1540  165    1776  653   71    1519  887   94
2,6          3284 1544  172    1809  603   88    1475  941   84
0,0          3272 1577  151    1782  644   74    1490  933   77
2,3          3263 1549  188    1760  644   96    1503  905   92
4,2          3251 1569  180    1819  596   85    1432  973   95
7,8          3251 1590  159    1778  644   78    1473  946   81
6,6          3218 1610  172    1837  585   78    1381 1025   94
7,0          3216 1598  186    1819  584   97    1397 1014   89
8,2          3202 1618  180    1819  611   70    1383 1007  110
9,4          3191 1626  183    1778  643   79    1413  983  104
3,9          3189 1648  163    1827  610   63    1362 1038  100
1,4          3175 1658  167    1865  560   75    1310 1098   92
7,9          3164 1673  163    1803  616   81    1361 1057   82
9,8          3148 1703  149    1775  651   74    1373 1052   75
7,4          3141 1703  156    1867  569   64    1274 1134   92
0,9          3137 1666  197    1685  714  101    1452  952   96
1,3          3128 1717  155    1833  596   71    1295 1121   84
1,7          3125 1676  199    1680  735   85    1445  941  114
4,5          3122 1695  183    1789  630   81    1333 1065  102
3,4          3115 1697  188    1862  569   69    1253 1128  119
9,0          3115 1708  177    1818  595   87    1297 1113   90
8,7          3105 1733  162    1806  627   67    1299 1106   95
1,2          3103 1709  188    1794  619   87    1309 1090  101
2,8          3099 1756  145    1819  606   75    1280 1150   70
4,0          3095 1713  192    1841  574   85    1254 1139  107
1,0          3091 1730  179    1810  608   82    1281 1122   97
0,7          3090 1759  151    1818  607   75    1272 1152   76
9,2          3090 1704  206    1728  677   95    1362 1027  111
9,7          3090 1738  172    1791  625   84    1299 1113   88
7,6          3086 1750  164    1820  612   68    1266 1138   96
0,1          3084 1768  148    1760  666   74    1324 1102   74
1,8          3079 1747  174    1760  657   83    1319 1090   91
3,8          3079 1732  189    1780  633   87    1299 1099  102
6,7          3077 1740  183    1779  637   84    1298 1103   99
3,2          3076 1741  183    1852  559   89    1224 1182   94
7,5          3076 1756  168    1833  587   80    1243 1169   88
5,7          3065 1752  183    1795  620   85    1270 1132   98
2,2          3061 1769  170    1850  576   74    1211 1193   96
6,0          3061 1768  171    1870  555   75    1191 1213   96
7,3          3061 1758  181    1875  536   89    1186 1222   92
4,6          3058 1790  152    1806  620   74    1252 1170   78
3,0          3053 1722  225    1758  652   90    1295 1070  135
5,0          3050 1773  177    1830  581   89    1220 1192   88
1,5          3049 1763  188    1797  618   85    1252 1145  103
5,1          3032 1779  189    1855  570   75    1177 1209  114
3,3          3025 1812  163    1796  624   80    1229 1188   83
3,6          3024 1801  175    1823  603   74    1201 1198  101
5,6          3022 1797  181    1794  631   75    1228 1166  106
2,1          3010 1831  159    1824  615   61    1186 1216   98
8,5          3004 1807  189    1799  623   78    1205 1184  111
0,2          2990 1821  189    1800  621   79    1190 1200  110
5,5          2983 1847  170    1823  589   88    1160 1258   82
8,4          2979 1855  166    1785  636   79    1194 1219   87
5,9          2977 1864  159    1819  615   66    1158 1249   93
2,0          2975 1857  168    1862  554   84    1113 1303   84
9,6          2972 1871  157    1796  628   76    1176 1243   81
4,9          2965 1860  175    1839  602   59    1126 1258  116
8,9          2965 1860  175    1808  617   75    1157 1243  100
6,1          2962 1847  191    1773  639   88    1189 1208  103
4,3          2961 1834  205    1763  633  104    1198 1201  101
9,1          2960 1865  175    1834  592   74    1126 1273  101
3,1          2956 1874  170    1783  639   78    1173 1235   92
2,5          2955 1862  183    1834  597   69    1121 1265  114
2,9          2937 1893  170    1817  609   74    1120 1284   96
7,7          2937 1889  174    1759  652   89    1178 1237   85
6,9          2933 1907  160    1826  598   76    1107 1309   84
9,9          2915 1921  164    1799  615   86    1116 1306   78
9,3          2912 1906  182    1770  653   77    1142 1253  105
2,7          2907 1905  188    1844  573   83    1063 1332  105
1,1          2906 1896  198    1747  658   95    1159 1238  103
5,8          2905 1918  177    1818  598   84    1087 1320   93
8,0          2885 1943  172    1729  696   75    1156 1247   97
0,6          2883 1933  184    1743  678   79    1140 1255  105
3,5          2874 1944  182    1733  694   73    1141 1250  109
6,8          2866 1941  193    1802  614   84    1064 1327  109
0,5          2859 1931  210    1752  658   90    1107 1273  120
8,6          2855 1967  178    1793  626   81    1062 1341   97
8,8          2854 1954  192    1820  592   88    1034 1362  104
0,8          2845 1950  205    1711  684  105    1134 1266  100
5,2          2828 2005  167    1837  605   58     991 1400  109
6,4          2808 2016  176    1838  578   84     970 1438   92
7,2          2800 2044  156    1733  687   80    1067 1357   76
0,3          2791 2033  176    1780  646   74    1011 1387  102
7,1          2791 2035  174    1748  670   82    1043 1365   92
6,5          2777 2034  189    1773  643   84    1004 1391  105
2,4          2748 2085  167    1786  641   73     962 1444   94
6,3          2743 2067  190    1817  596   87     926 1471  103
9,5          2675 2160  165    1836  599   65     839 1561  100
4,7          2671 2157  172    1812  615   73     859 1542   99
4,8          2670 2141  189    1731  675   94     939 1466   95
6,2          2660 2160  180    1817  602   81     843 1558   99
8,1          2625 2184  191    1785  634   81     840 1550  110
5,3          2620 2206  174    1797  613   90     823 1593   84
100


Team A Total Wins: 302335
Ties: 17568
