50x50 vs 0k
Team A: 
Overall:           all             as Black          as White     
                W    L    T       W    L    T       W    L    T  
size: 100
0,4          2942 1882  176    1419  984   97    1523  898   79
2,6          2858 1960  182    1383 1019   98    1475  941   84
3,0          2834 1934  232    1539  864   97    1295 1070  135
1,0          2781 2029  190    1500  907   93    1281 1122   97
2,8          2757 2101  142    1477  951   72    1280 1150   70
1,6          2731 2109  160    1195 1224   81    1536  885   79
2,3          2728 2100  172    1225 1195   80    1503  905   92
8,7          2718 2083  199    1419  977  104    1299 1106   95
5,7          2705 2102  193    1435  970   95    1270 1132   98
1,1          2692 2107  201    1533  869   98    1159 1238  103
0,9          2679 2125  196    1227 1173  100    1452  952   96
4,1          2659 2153  188    1140 1266   94    1519  887   94
7,9          2652 2186  162    1291 1129   80    1361 1057   82
1,3          2647 2161  192    1352 1040  108    1295 1121   84
4,6          2647 2197  156    1395 1027   78    1252 1170   78
8,3          2647 2173  180    1117 1296   87    1530  877   93
5,9          2633 2181  186    1475  932   93    1158 1249   93
1,2          2631 2186  183    1322 1096   82    1309 1090  101
7,6          2629 2178  193    1363 1040   97    1266 1138   96
1,8          2608 2217  175    1289 1127   84    1319 1090   91
7,0          2603 2215  182    1206 1201   93    1397 1014   89
3,2          2581 2246  173    1357 1064   79    1224 1182   94
9,7          2571 2245  184    1272 1132   96    1299 1113   88
2,2          2569 2235  196    1358 1042  100    1211 1193   96
0,7          2564 2258  178    1292 1106  102    1272 1152   76
9,0          2564 2253  183    1267 1140   93    1297 1113   90
9,2          2551 2241  208    1189 1214   97    1362 1027  111
9,8          2547 2270  183    1174 1218  108    1373 1052   75
6,1          2546 2266  188    1357 1058   85    1189 1208  103
7,8          2537 2275  188    1064 1329  107    1473  946   81
3,7          2529 2295  176     998 1409   93    1531  886   83
5,8          2517 2294  189    1430  974   96    1087 1320   93
4,4          2509 2285  206    1077 1317  106    1432  968  100
5,4          2498 2335  167     959 1461   80    1539  874   87
1,5          2453 2352  195    1201 1207   92    1252 1145  103
4,5          2444 2371  185    1111 1306   83    1333 1065  102
1,9          2443 2378  179     820 1582   98    1623  796   81
2,7          2436 2357  207    1373 1025  102    1063 1332  105
3,9          2424 2384  192    1062 1346   92    1362 1038  100
7,3          2419 2403  178    1233 1181   86    1186 1222   92
8,2          2415 2375  210    1032 1368  100    1383 1007  110
4,0          2406 2387  207    1152 1248  100    1254 1139  107
4,2          2401 2404  195     969 1431  100    1432  973   95
6,6          2389 2426  185    1008 1401   91    1381 1025   94
5,0          2387 2426  187    1167 1234   99    1220 1192   88
0,5          2383 2409  208    1276 1136   88    1107 1273  120
2,0          2382 2454  164    1269 1151   80    1113 1303   84
9,3          2380 2440  180    1238 1187   75    1142 1253  105
0,0          2365 2472  163     875 1539   86    1490  933   77
3,3          2361 2457  182    1132 1269   99    1229 1188   83
1,7          2348 2469  183     903 1528   69    1445  941  114
0,8          2345 2468  187    1211 1202   87    1134 1266  100
4,3          2345 2458  197    1147 1257   96    1198 1201  101
3,6          2342 2478  180    1141 1280   79    1201 1198  101
7,4          2340 2459  201    1066 1325  109    1274 1134   92
0,1          2321 2498  181     997 1396  107    1324 1102   74
6,0          2315 2485  200    1124 1272  104    1191 1213   96
6,7          2311 2492  197    1013 1389   98    1298 1103   99
8,8          2289 2499  212    1255 1137  108    1034 1362  104
8,4          2285 2525  190    1091 1306  103    1194 1219   87
6,9          2281 2548  171    1174 1239   87    1107 1309   84
9,6          2280 2514  206    1104 1271  125    1176 1243   81
8,5          2279 2524  197    1074 1340   86    1205 1184  111
5,6          2277 2512  211    1049 1346  105    1228 1166  106
8,0          2261 2535  204    1105 1288  107    1156 1247   97
2,1          2257 2555  188    1071 1339   90    1186 1216   98
5,3          2231 2591  178    1408  998   94     823 1593   84
9,5          2228 2585  187    1389 1024   87     839 1561  100
7,5          2226 2582  192     983 1413  104    1243 1169   88
1,4          2215 2579  206     905 1481  114    1310 1098   92
0,6          2212 2587  201    1072 1332   96    1140 1255  105
4,8          2208 2600  192    1269 1134   97     939 1466   95
6,3          2206 2604  190    1280 1133   87     926 1471  103
3,4          2186 2608  206     933 1480   87    1253 1128  119
9,9          2181 2630  189    1065 1324  111    1116 1306   78
6,8          2162 2642  196    1098 1315   87    1064 1327  109
8,6          2161 2639  200    1099 1298  103    1062 1341   97
4,9          2157 2623  220    1031 1365  104    1126 1258  116
7,7          2149 2668  183     971 1431   98    1178 1237   85
5,1          2138 2647  215     961 1438  101    1177 1209  114
9,1          2126 2675  199    1000 1402   98    1126 1273  101
9,4          2125 2691  184     712 1708   80    1413  983  104
3,8          2120 2698  182     821 1599   80    1299 1099  102
0,2          2105 2698  197     915 1498   87    1190 1200  110
2,5          2094 2694  212     973 1429   98    1121 1265  114
7,1          2086 2757  157    1043 1392   65    1043 1365   92
3,1          2079 2735  186     906 1500   94    1173 1235   92
8,1          2072 2720  208    1232 1170   98     840 1550  110
8,9          2062 2746  192     905 1503   92    1157 1243  100
7,2          2049 2767  184     982 1410  108    1067 1357   76
0,3          2045 2744  211    1034 1357  109    1011 1387  102
6,5          2022 2770  208    1018 1379  103    1004 1391  105
2,4          2010 2803  187    1048 1359   93     962 1444   94
6,2          2006 2809  185    1163 1251   86     843 1558   99
6,4          1949 2866  185     979 1428   93     970 1438   92
5,2          1920 2872  208     929 1472   99     991 1400  109
4,7          1907 2905  188    1048 1363   89     859 1542   99
5,5          1852 2984  164     692 1726   82    1160 1258   82
3,5          1832 2978  190     691 1728   81    1141 1250  109
2,9          1829 2992  179     709 1708   83    1120 1284   96
100


Team A Total Wins: 236178
Ties: 18942

50x50 vs 1k

Team A: 
Overall:           all             as Black          as White     
                W    L    T       W    L    T       W    L    T  
size: 100
1,9          3760 1103  137    2137  307   56    1623  796   81
2,3          3681 1181  138    2178  276   46    1503  905   92
0,4          3660 1219  121    2137  321   42    1523  898   79
5,4          3646 1213  141    2107  339   54    1539  874   87
1,6          3643 1222  135    2107  337   56    1536  885   79
8,3          3634 1219  147    2104  342   54    1530  877   93
4,1          3631 1225  144    2112  338   50    1519  887   94
0,9          3594 1254  152    2142  302   56    1452  952   96
0,0          3578 1287  135    2088  354   58    1490  933   77
4,2          3571 1285  144    2139  312   49    1432  973   95
2,6          3553 1298  149    2078  357   65    1475  941   84
1,7          3552 1269  179    2107  328   65    1445  941  114
3,7          3546 1313  141    2015  427   58    1531  886   83
7,8          3527 1311  162    2054  365   81    1473  946   81
3,9          3519 1330  151    2157  292   51    1362 1038  100
9,4          3507 1337  156    2094  354   52    1413  983  104
4,4          3505 1321  174    2073  353   74    1432  968  100
7,9          3502 1367  131    2141  310   49    1361 1057   82
1,8          3495 1371  134    2176  281   43    1319 1090   91
6,6          3488 1367  145    2107  342   51    1381 1025   94
1,2          3467 1373  160    2158  283   59    1309 1090  101
1,3          3465 1408  127    2170  287   43    1295 1121   84
1,4          3465 1392  143    2155  294   51    1310 1098   92
9,2          3465 1355  180    2103  328   69    1362 1027  111
9,0          3463 1397  140    2166  284   50    1297 1113   90
9,8          3458 1404  138    2085  352   63    1373 1052   75
8,2          3451 1375  174    2068  368   64    1383 1007  110
7,0          3442 1414  144    2045  400   55    1397 1014   89
0,1          3420 1443  137    2096  341   63    1324 1102   74
3,0          3408 1402  190    2113  332   55    1295 1070  135
8,7          3400 1453  147    2101  347   52    1299 1106   95
6,7          3390 1447  163    2092  344   64    1298 1103   99
0,7          3387 1475  138    2115  323   62    1272 1152   76
1,5          3385 1462  153    2133  317   50    1252 1145  103
5,7          3385 1472  143    2115  340   45    1270 1132   98
3,3          3383 1487  130    2154  299   47    1229 1188   83
2,8          3377 1500  123    2097  350   53    1280 1150   70
4,0          3375 1465  160    2121  326   53    1254 1139  107
1,0          3373 1461  166    2092  339   69    1281 1122   97
3,8          3372 1466  162    2073  367   60    1299 1099  102
3,6          3362 1496  142    2161  298   41    1201 1198  101
4,5          3362 1476  162    2029  411   60    1333 1065  102
7,6          3354 1501  145    2088  363   49    1266 1138   96
9,7          3354 1496  150    2055  383   62    1299 1113   88
7,4          3353 1500  147    2079  366   55    1274 1134   92
4,6          3347 1521  132    2095  351   54    1252 1170   78
8,5          3337 1489  174    2132  305   63    1205 1184  111
5,0          3328 1535  137    2108  343   49    1220 1192   88
7,5          3325 1528  147    2082  359   59    1243 1169   88
2,2          3319 1528  153    2108  335   57    1211 1193   96
3,4          3311 1496  193    2058  368   74    1253 1128  119
5,6          3311 1531  158    2083  365   52    1228 1166  106
3,2          3310 1539  151    2086  357   57    1224 1182   94
2,1          3300 1540  160    2114  324   62    1186 1216   98
4,3          3300 1549  151    2102  348   50    1198 1201  101
5,5          3298 1557  145    2138  299   63    1160 1258   82
2,0          3297 1569  134    2184  266   50    1113 1303   84
8,4          3296 1560  144    2102  341   57    1194 1219   87
3,5          3291 1538  171    2150  288   62    1141 1250  109
6,0          3285 1566  149    2094  353   53    1191 1213   96
5,9          3280 1577  143    2122  328   50    1158 1249   93
9,9          3269 1592  139    2153  286   61    1116 1306   78
8,0          3266 1578  156    2110  331   59    1156 1247   97
3,1          3262 1590  148    2089  355   56    1173 1235   92
0,2          3261 1578  161    2071  378   51    1190 1200  110
2,5          3261 1556  183    2140  291   69    1121 1265  114
5,1          3261 1569  170    2084  360   56    1177 1209  114
0,5          3242 1591  167    2135  318   47    1107 1273  120
6,1          3242 1591  167    2053  383   64    1189 1208  103
0,8          3234 1594  172    2100  328   72    1134 1266  100
1,1          3233 1608  159    2074  370   56    1159 1238  103
0,6          3231 1610  159    2091  355   54    1140 1255  105
7,7          3227 1626  147    2049  389   62    1178 1237   85
7,3          3210 1622  168    2024  400   76    1186 1222   92
4,9          3205 1611  184    2079  353   68    1126 1258  116
9,6          3203 1654  143    2027  411   62    1176 1243   81
7,2          3192 1691  117    2125  334   41    1067 1357   76
5,8          3190 1662  148    2103  342   55    1087 1320   93
2,9          3188 1645  167    2068  361   71    1120 1284   96
9,3          3184 1650  166    2042  397   61    1142 1253  105
9,1          3180 1651  169    2054  378   68    1126 1273  101
7,1          3171 1682  147    2128  317   55    1043 1365   92
6,9          3170 1692  138    2063  383   54    1107 1309   84
2,7          3169 1653  178    2106  321   73    1063 1332  105
6,8          3164 1666  170    2100  339   61    1064 1327  109
8,6          3158 1671  171    2096  330   74    1062 1341   97
0,3          3144 1702  154    2133  315   52    1011 1387  102
2,4          3144 1715  141    2182  271   47     962 1444   94
6,5          3134 1720  146    2130  329   41    1004 1391  105
8,8          3134 1704  162    2100  342   58    1034 1362  104
6,4          3093 1759  148    2123  321   56     970 1438   92
5,2          3082 1756  162    2091  356   53     991 1400  109
6,3          3067 1770  163    2141  299   60     926 1471  103
4,8          3033 1811  156    2094  345   61     939 1466   95
8,9          2946 1873  181    1789  630   81    1157 1243  100
6,2          2943 1896  161    2100  338   62     843 1558   99
4,7          2940 1906  154    2081  364   55     859 1542   99
5,3          2935 1924  141    2112  331   57     823 1593   84
9,5          2927 1901  172    2088  340   72     839 1561  100
8,1          2849 1983  168    2009  433   58     840 1550  110
100


Team A Total Wins: 332387
Ties: 15325

50x50 vs 2k

Team A: 
Overall:           all             as Black          as White     
                W    L    T       W    L    T       W    L    T  
size: 100
1,9          3663 1191  146    2040  395   65    1623  796   81
5,4          3622 1230  148    2083  356   61    1539  874   87
1,6          3617 1247  136    2081  362   57    1536  885   79
0,4          3578 1267  155    2055  369   76    1523  898   79
3,7          3568 1281  151    2037  395   68    1531  886   83
0,0          3566 1296  138    2076  363   61    1490  933   77
2,3          3561 1282  157    2058  377   65    1503  905   92
8,3          3558 1283  159    2028  406   66    1530  877   93
2,6          3546 1302  152    2071  361   68    1475  941   84
7,8          3544 1301  155    2071  355   74    1473  946   81
1,7          3538 1280  182    2093  339   68    1445  941  114
4,1          3516 1329  155    1997  442   61    1519  887   94
0,9          3510 1324  166    2058  372   70    1452  952   96
7,0          3503 1350  147    2106  336   58    1397 1014   89
4,4          3492 1323  185    2060  355   85    1432  968  100
6,6          3462 1385  153    2081  360   59    1381 1025   94
8,2          3461 1369  170    2078  362   60    1383 1007  110
9,8          3449 1412  139    2076  360   64    1373 1052   75
4,2          3447 1390  163    2015  417   68    1432  973   95
9,2          3436 1395  169    2074  368   58    1362 1027  111
9,4          3428 1391  181    2015  408   77    1413  983  104
1,4          3419 1431  150    2109  333   58    1310 1098   92
7,9          3408 1447  145    2047  390   63    1361 1057   82
0,1          3389 1468  143    2065  366   69    1324 1102   74
3,0          3382 1418  200    2087  348   65    1295 1070  135
9,0          3376 1468  156    2079  355   66    1297 1113   90
3,9          3374 1457  169    2012  419   69    1362 1038  100
1,8          3373 1466  161    2054  376   70    1319 1090   91
1,2          3370 1471  159    2061  381   58    1309 1090  101
4,5          3369 1473  158    2036  408   56    1333 1065  102
9,7          3369 1483  148    2070  370   60    1299 1113   88
1,0          3365 1468  167    2084  346   70    1281 1122   97
6,7          3357 1469  174    2059  366   75    1298 1103   99
3,8          3352 1491  157    2053  392   55    1299 1099  102
7,6          3345 1494  161    2079  356   65    1266 1138   96
5,7          3344 1505  151    2074  373   53    1270 1132   98
0,7          3337 1523  140    2065  371   64    1272 1152   76
7,4          3337 1513  150    2063  379   58    1274 1134   92
3,4          3333 1494  173    2080  366   54    1253 1128  119
1,3          3322 1529  149    2027  408   65    1295 1121   84
2,1          3297 1546  157    2111  330   59    1186 1216   98
3,2          3295 1556  149    2071  374   55    1224 1182   94
4,0          3294 1529  177    2040  390   70    1254 1139  107
2,2          3293 1545  162    2082  352   66    1211 1193   96
8,7          3291 1535  174    1992  429   79    1299 1106   95
4,6          3290 1575  135    2038  405   57    1252 1170   78
5,0          3287 1567  146    2067  375   58    1220 1192   88
1,5          3286 1544  170    2034  399   67    1252 1145  103
2,8          3286 1574  140    2006  424   70    1280 1150   70
7,5          3277 1572  151    2034  403   63    1243 1169   88
3,3          3273 1582  145    2044  394   62    1229 1188   83
5,6          3266 1563  171    2038  397   65    1228 1166  106
7,3          3261 1596  143    2075  374   51    1186 1222   92
7,7          3257 1612  131    2079  375   46    1178 1237   85
6,1          3256 1571  173    2067  363   70    1189 1208  103
6,0          3251 1594  155    2060  381   59    1191 1213   96
8,5          3241 1592  167    2036  408   56    1205 1184  111
8,0          3233 1611  156    2077  364   59    1156 1247   97
1,1          3227 1613  160    2068  375   57    1159 1238  103
4,3          3221 1611  168    2023  410   67    1198 1201  101
8,4          3221 1629  150    2027  410   63    1194 1219   87
5,9          3220 1625  155    2062  376   62    1158 1249   93
5,1          3219 1600  181    2042  391   67    1177 1209  114
9,6          3215 1630  155    2039  387   74    1176 1243   81
0,8          3212 1620  168    2078  354   68    1134 1266  100
0,2          3206 1623  171    2016  423   61    1190 1200  110
3,1          3197 1645  158    2024  410   66    1173 1235   92
5,5          3193 1652  155    2033  394   73    1160 1258   82
8,9          3188 1658  154    2031  415   54    1157 1243  100
3,6          3187 1632  181    1986  434   80    1201 1198  101
3,5          3181 1654  165    2040  404   56    1141 1250  109
2,5          3180 1642  178    2059  377   64    1121 1265  114
0,6          3178 1648  174    2038  393   69    1140 1255  105
4,9          3176 1640  184    2050  382   68    1126 1258  116
2,9          3168 1672  160    2048  388   64    1120 1284   96
9,9          3167 1694  139    2051  388   61    1116 1306   78
5,8          3163 1681  156    2076  361   63    1087 1320   93
9,3          3160 1661  179    2018  408   74    1142 1253  105
0,5          3147 1665  188    2040  392   68    1107 1273  120
6,9          3138 1700  162    2031  391   78    1107 1309   84
7,1          3123 1724  153    2080  359   61    1043 1365   92
7,2          3123 1736  141    2056  379   65    1067 1357   76
6,8          3118 1708  174    2054  381   65    1064 1327  109
2,0          3116 1724  160    2003  421   76    1113 1303   84
2,7          3110 1721  169    2047  389   64    1063 1332  105
9,1          3100 1725  175    1974  452   74    1126 1273  101
6,5          3090 1726  184    2086  335   79    1004 1391  105
0,3          3088 1754  158    2077  367   56    1011 1387  102
8,6          3086 1758  156    2024  417   59    1062 1341   97
8,8          3078 1742  180    2044  380   76    1034 1362  104
5,2          3034 1788  178    2043  388   69     991 1400  109
6,4          3022 1819  159    2052  381   67     970 1438   92
2,4          3015 1823  162    2053  379   68     962 1444   94
6,3          2984 1859  157    2058  388   54     926 1471  103
4,8          2972 1862  166    2033  396   71     939 1466   95
8,1          2910 1911  179    2070  361   69     840 1550  110
4,7          2897 1928  175    2038  386   76     859 1542   99
6,2          2894 1949  157    2051  391   58     843 1558   99
9,5          2886 1963  151    2047  402   51     839 1561  100
5,3          2849 2009  142    2026  416   58     823 1593   84
100


Team A Total Wins: 327579
Ties: 16037

50x50 vs 3k

Team A: 
Overall:           all             as Black          as White     
                W    L    T       W    L    T       W    L    T  
size: 100
0,4          3480 1367  153    1957  469   74    1523  898   79
8,3          3474 1379  147    1944  502   54    1530  877   93
1,9          3468 1380  152    1845  584   71    1623  796   81
1,6          3429 1417  154    1893  532   75    1536  885   79
2,3          3416 1425  159    1913  520   67    1503  905   92
5,4          3410 1428  162    1871  554   75    1539  874   87
1,7          3382 1441  177    1937  500   63    1445  941  114
9,4          3379 1446  175    1966  463   71    1413  983  104
7,8          3374 1482  144    1901  536   63    1473  946   81
4,1          3356 1487  157    1837  600   63    1519  887   94
2,6          3341 1500  159    1866  559   75    1475  941   84
3,7          3336 1508  156    1805  622   73    1531  886   83
7,0          3298 1533  169    1901  519   80    1397 1014   89
6,6          3296 1528  176    1915  503   82    1381 1025   94
9,2          3296 1529  175    1934  502   64    1362 1027  111
4,2          3275 1552  173    1843  579   78    1432  973   95
7,9          3273 1561  166    1912  504   84    1361 1057   82
1,4          3266 1585  149    1956  487   57    1310 1098   92
4,5          3263 1572  165    1930  507   63    1333 1065  102
1,8          3244 1604  152    1925  514   61    1319 1090   91
0,0          3242 1613  145    1752  680   68    1490  933   77
4,4          3235 1592  173    1803  624   73    1432  968  100
0,9          3229 1611  160    1777  659   64    1452  952   96
1,2          3221 1616  163    1912  526   62    1309 1090  101
8,2          3210 1601  189    1827  594   79    1383 1007  110
7,4          3206 1615  179    1932  481   87    1274 1134   92
9,8          3206 1637  157    1833  585   82    1373 1052   75
7,5          3195 1635  170    1952  466   82    1243 1169   88
1,0          3192 1659  149    1911  537   52    1281 1122   97
0,1          3183 1662  155    1859  560   81    1324 1102   74
9,0          3175 1653  172    1878  540   82    1297 1113   90
8,7          3171 1653  176    1872  547   81    1299 1106   95
6,0          3155 1677  168    1964  464   72    1191 1213   96
9,7          3150 1688  162    1851  575   74    1299 1113   88
4,6          3149 1694  157    1897  524   79    1252 1170   78
1,3          3144 1697  159    1849  576   75    1295 1121   84
5,7          3127 1702  171    1857  570   73    1270 1132   98
3,8          3126 1705  169    1827  606   67    1299 1099  102
0,2          3125 1703  172    1935  503   62    1190 1200  110
3,9          3120 1695  185    1758  657   85    1362 1038  100
4,0          3114 1702  184    1860  563   77    1254 1139  107
6,7          3114 1698  188    1816  595   89    1298 1103   99
5,6          3110 1714  176    1882  548   70    1228 1166  106
0,7          3108 1726  166    1836  574   90    1272 1152   76
7,6          3106 1722  172    1840  584   76    1266 1138   96
8,4          3105 1738  157    1911  519   70    1194 1219   87
2,8          3104 1739  157    1824  589   87    1280 1150   70
2,1          3097 1720  183    1911  504   85    1186 1216   98
3,4          3094 1713  193    1841  585   74    1253 1128  119
3,0          3093 1691  216    1798  621   81    1295 1070  135
1,5          3091 1725  184    1839  580   81    1252 1145  103
5,0          3088 1751  161    1868  559   73    1220 1192   88
9,3          3086 1741  173    1944  488   68    1142 1253  105
7,7          3077 1758  165    1899  521   80    1178 1237   85
1,1          3075 1749  176    1916  511   73    1159 1238  103
6,1          3068 1756  176    1879  548   73    1189 1208  103
0,8          3049 1784  167    1915  518   67    1134 1266  100
5,1          3046 1770  184    1869  561   70    1177 1209  114
3,2          3045 1786  169    1821  604   75    1224 1182   94
2,2          3042 1781  177    1831  588   81    1211 1193   96
7,3          3040 1795  165    1854  573   73    1186 1222   92
0,6          3024 1805  171    1884  550   66    1140 1255  105
3,3          3023 1798  179    1794  610   96    1229 1188   83
9,6          3021 1813  166    1845  570   85    1176 1243   81
5,5          3018 1822  160    1858  564   78    1160 1258   82
8,5          3013 1798  189    1808  614   78    1205 1184  111
8,8          3013 1820  167    1979  458   63    1034 1362  104
4,9          3009 1794  197    1883  536   81    1126 1258  116
3,6          3004 1812  184    1803  614   83    1201 1198  101
4,3          3000 1815  185    1802  614   84    1198 1201  101
5,8          2994 1842  164    1907  522   71    1087 1320   93
0,5          2992 1821  187    1885  548   67    1107 1273  120
9,1          2979 1840  181    1853  567   80    1126 1273  101
8,0          2977 1832  191    1821  585   94    1156 1247   97
8,6          2976 1863  161    1914  522   64    1062 1341   97
8,9          2974 1847  179    1817  604   79    1157 1243  100
2,0          2970 1862  168    1857  559   84    1113 1303   84
2,9          2970 1850  180    1850  566   84    1120 1284   96
2,5          2964 1840  196    1843  575   82    1121 1265  114
9,9          2962 1864  174    1846  558   96    1116 1306   78
3,1          2955 1867  178    1782  632   86    1173 1235   92
6,5          2946 1881  173    1942  490   68    1004 1391  105
5,9          2945 1861  194    1787  612  101    1158 1249   93
3,5          2938 1869  193    1797  619   84    1141 1250  109
6,8          2936 1888  176    1872  561   67    1064 1327  109
0,3          2935 1892  173    1924  505   71    1011 1387  102
6,9          2913 1943  144    1806  634   60    1107 1309   84
7,2          2911 1929  160    1844  572   84    1067 1357   76
7,1          2908 1918  174    1865  553   82    1043 1365   92
2,7          2885 1921  194    1822  589   89    1063 1332  105
5,2          2846 1978  176    1855  578   67     991 1400  109
4,8          2798 2027  175    1859  561   80     939 1466   95
2,4          2792 2029  179    1830  585   85     962 1444   94
6,4          2773 2054  173    1803  616   81     970 1438   92
9,5          2745 2077  178    1906  516   78     839 1561  100
6,2          2707 2106  187    1864  548   88     843 1558   99
6,3          2700 2113  187    1774  642   84     926 1471  103
8,1          2700 2115  185    1860  565   75     840 1550  110
4,7          2673 2150  177    1814  608   78     859 1542   99
5,3          2632 2192  176    1809  599   92     823 1593   84
100


Team A Total Wins: 308890
Ties: 17171

50x50 vs 4k

Team A: 
Overall:           all             as Black          as White     
                W    L    T       W    L    T       W    L    T  
size: 100
1,9          3683 1180  137    2060  384   56    1623  796   81
2,3          3587 1262  151    2084  357   59    1503  905   92
0,4          3545 1315  140    2022  417   61    1523  898   79
5,4          3545 1292  163    2006  418   76    1539  874   87
3,7          3540 1305  155    2009  419   72    1531  886   83
1,6          3534 1322  144    1998  437   65    1536  885   79
2,6          3520 1340  140    2045  399   56    1475  941   84
1,7          3513 1295  192    2068  354   78    1445  941  114
7,8          3512 1327  161    2039  381   80    1473  946   81
4,4          3509 1328  163    2077  360   63    1432  968  100
4,1          3462 1362  176    1943  475   82    1519  887   94
9,4          3456 1382  162    2043  399   58    1413  983  104
0,0          3448 1409  143    1958  476   66    1490  933   77
7,0          3448 1393  159    2051  379   70    1397 1014   89
9,2          3436 1397  167    2074  370   56    1362 1027  111
4,2          3424 1400  176    1992  427   81    1432  973   95
8,2          3420 1400  180    2037  393   70    1383 1007  110
3,9          3411 1424  165    2049  386   65    1362 1038  100
7,9          3406 1444  150    2045  387   68    1361 1057   82
8,3          3401 1408  191    1871  531   98    1530  877   93
0,1          3400 1456  144    2076  354   70    1324 1102   74
0,9          3398 1435  167    1946  483   71    1452  952   96
1,2          3391 1448  161    2082  358   60    1309 1090  101
6,6          3388 1451  161    2007  426   67    1381 1025   94
9,8          3384 1457  159    2011  405   84    1373 1052   75
4,5          3366 1462  172    2033  397   70    1333 1065  102
1,8          3362 1475  163    2043  385   72    1319 1090   91
1,3          3354 1503  143    2059  382   59    1295 1121   84
9,7          3326 1525  149    2027  412   61    1299 1113   88
3,0          3315 1478  207    2020  408   72    1295 1070  135
5,6          3313 1531  156    2085  365   50    1228 1166  106
5,7          3313 1525  162    2043  393   64    1270 1132   98
4,0          3309 1515  176    2055  376   69    1254 1139  107
3,8          3306 1525  169    2007  426   67    1299 1099  102
4,6          3306 1543  151    2054  373   73    1252 1170   78
1,4          3305 1544  151    1995  446   59    1310 1098   92
8,7          3305 1527  168    2006  421   73    1299 1106   95
3,4          3301 1509  190    2048  381   71    1253 1128  119
9,0          3294 1531  175    1997  418   85    1297 1113   90
2,2          3289 1557  154    2078  364   58    1211 1193   96
6,7          3286 1542  172    1988  439   73    1298 1103   99
0,7          3285 1571  144    2013  419   68    1272 1152   76
1,5          3283 1551  166    2031  406   63    1252 1145  103
3,3          3281 1578  141    2052  390   58    1229 1188   83
7,4          3281 1565  154    2007  431   62    1274 1134   92
3,2          3271 1560  169    2047  378   75    1224 1182   94
0,2          3270 1573  157    2080  373   47    1190 1200  110
7,5          3270 1583  147    2027  414   59    1243 1169   88
7,6          3270 1567  163    2004  429   67    1266 1138   96
2,8          3264 1594  142    1984  444   72    1280 1150   70
5,0          3256 1601  143    2036  409   55    1220 1192   88
3,6          3254 1593  153    2053  395   52    1201 1198  101
6,1          3247 1576  177    2058  368   74    1189 1208  103
2,1          3245 1579  176    2059  363   78    1186 1216   98
1,0          3244 1596  160    1963  474   63    1281 1122   97
7,7          3244 1610  146    2066  373   61    1178 1237   85
3,1          3243 1599  158    2070  364   66    1173 1235   92
1,1          3241 1583  176    2082  345   73    1159 1238  103
4,3          3238 1592  170    2040  391   69    1198 1201  101
8,9          3227 1617  156    2070  374   56    1157 1243  100
8,5          3219 1600  181    2014  416   70    1205 1184  111
0,6          3216 1615  169    2076  360   64    1140 1255  105
8,0          3210 1636  154    2054  389   57    1156 1247   97
6,0          3203 1626  171    2012  413   75    1191 1213   96
5,1          3197 1603  200    2020  394   86    1177 1209  114
5,5          3194 1668  138    2034  410   56    1160 1258   82
9,3          3191 1633  176    2049  380   71    1142 1253  105
9,6          3185 1677  138    2009  434   57    1176 1243   81
2,9          3168 1676  156    2048  392   60    1120 1284   96
6,9          3160 1684  156    2053  375   72    1107 1309   84
5,9          3158 1682  160    2000  433   67    1158 1249   93
4,9          3155 1663  182    2029  405   66    1126 1258  116
2,0          3154 1703  143    2041  400   59    1113 1303   84
0,8          3141 1693  166    2007  427   66    1134 1266  100
7,3          3141 1685  174    1955  463   82    1186 1222   92
9,1          3140 1698  162    2014  425   61    1126 1273  101
3,5          3124 1691  185    1983  441   76    1141 1250  109
6,8          3114 1722  164    2050  395   55    1064 1327  109
2,5          3110 1718  172    1989  453   58    1121 1265  114
0,3          3106 1735  159    2095  348   57    1011 1387  102
0,5          3106 1722  172    1999  449   52    1107 1273  120
8,6          3100 1736  164    2038  395   67    1062 1341   97
7,1          3096 1751  153    2053  386   61    1043 1365   92
9,9          3092 1773  135    1976  467   57    1116 1306   78
5,8          3083 1755  162    1996  435   69    1087 1320   93
2,7          3072 1763  165    2009  431   60    1063 1332  105
7,2          3071 1784  145    2004  427   69    1067 1357   76
8,4          3067 1755  178    1873  536   91    1194 1219   87
8,8          3027 1786  187    1993  424   83    1034 1362  104
2,4          3022 1833  145    2060  389   51     962 1444   94
5,2          3019 1803  178    2028  403   69     991 1400  109
6,5          3018 1808  174    2014  417   69    1004 1391  105
6,4          3017 1820  163    2047  382   71     970 1438   92
4,8          2967 1864  169    2028  398   74     939 1466   95
6,3          2932 1891  177    2006  420   74     926 1471  103
6,2          2906 1938  156    2063  380   57     843 1558   99
4,7          2874 1952  174    2015  410   75     859 1542   99
8,1          2873 1950  177    2033  400   67     840 1550  110
5,3          2855 1991  154    2032  398   70     823 1593   84
9,5          2818 2013  169    1979  452   69     839 1561  100
100


Team A Total Wins: 325026
Ties: 16266

50x50 vs 5k

Team A: 
Overall:           all             as Black          as White     
                W    L    T       W    L    T       W    L    T  
size: 100
1,9          3707 1148  145    2084  352   64    1623  796   81
3,7          3641 1223  136    2110  337   53    1531  886   83
1,6          3621 1244  135    2085  359   56    1536  885   79
0,0          3620 1251  129    2130  318   52    1490  933   77
0,4          3619 1244  137    2096  346   58    1523  898   79
8,3          3598 1257  145    2068  380   52    1530  877   93
2,6          3596 1261  143    2121  320   59    1475  941   84
2,3          3593 1256  151    2090  351   59    1503  905   92
4,1          3584 1259  157    2065  372   63    1519  887   94
5,4          3573 1264  163    2034  390   76    1539  874   87
1,7          3566 1271  163    2121  330   49    1445  941  114
7,8          3547 1298  155    2074  352   74    1473  946   81
9,4          3503 1337  160    2090  354   56    1413  983  104
0,9          3501 1342  157    2049  390   61    1452  952   96
6,6          3500 1338  162    2119  313   68    1381 1025   94
4,2          3492 1356  152    2060  383   57    1432  973   95
4,4          3487 1344  169    2055  376   69    1432  968  100
7,0          3481 1374  145    2084  360   56    1397 1014   89
9,8          3474 1396  130    2101  344   55    1373 1052   75
8,2          3462 1363  175    2079  356   65    1383 1007  110
1,8          3430 1422  148    2111  332   57    1319 1090   91
0,1          3420 1443  137    2096  341   63    1324 1102   74
7,9          3415 1432  153    2054  375   71    1361 1057   82
9,2          3415 1424  161    2053  397   50    1362 1027  111
0,7          3410 1462  128    2138  310   52    1272 1152   76
1,0          3403 1445  152    2122  323   55    1281 1122   97
8,7          3403 1445  152    2104  339   57    1299 1106   95
3,0          3401 1404  195    2106  334   60    1295 1070  135
4,5          3395 1431  174    2062  366   72    1333 1065  102
1,3          3391 1471  138    2096  350   54    1295 1121   84
1,5          3388 1456  156    2136  311   53    1252 1145  103
1,4          3382 1466  152    2072  368   60    1310 1098   92
3,9          3381 1446  173    2019  408   73    1362 1038  100
6,7          3381 1452  167    2083  349   68    1298 1103   99
9,7          3380 1475  145    2081  362   57    1299 1113   88
9,0          3376 1477  147    2079  364   57    1297 1113   90
1,2          3372 1462  166    2063  372   65    1309 1090  101
2,8          3360 1508  132    2080  358   62    1280 1150   70
7,6          3356 1476  168    2090  338   72    1266 1138   96
3,8          3339 1483  178    2040  384   76    1299 1099  102
8,5          3334 1493  173    2129  309   62    1205 1184  111
7,7          3332 1513  155    2154  276   70    1178 1237   85
3,4          3327 1499  174    2074  371   55    1253 1128  119
4,0          3327 1506  167    2073  367   60    1254 1139  107
5,6          3321 1506  173    2093  340   67    1228 1166  106
3,2          3309 1535  156    2085  353   62    1224 1182   94
8,4          3309 1547  144    2115  328   57    1194 1219   87
4,6          3308 1560  132    2056  390   54    1252 1170   78
3,3          3303 1555  142    2074  367   59    1229 1188   83
6,0          3300 1550  150    2109  337   54    1191 1213   96
9,6          3299 1556  145    2123  313   64    1176 1243   81
5,0          3298 1564  138    2078  372   50    1220 1192   88
7,4          3293 1544  163    2019  410   71    1274 1134   92
2,1          3282 1559  159    2096  343   61    1186 1216   98
7,5          3280 1567  153    2037  398   65    1243 1169   88
5,1          3279 1543  178    2102  334   64    1177 1209  114
2,2          3277 1576  147    2066  383   51    1211 1193   96
0,8          3276 1570  154    2142  304   54    1134 1266  100
7,3          3273 1581  146    2087  359   54    1186 1222   92
5,7          3271 1569  160    2001  437   62    1270 1132   98
4,3          3267 1562  171    2069  361   70    1198 1201  101
0,2          3262 1583  155    2072  383   45    1190 1200  110
3,1          3261 1592  147    2088  357   55    1173 1235   92
3,6          3259 1576  165    2058  378   64    1201 1198  101
6,1          3247 1581  172    2058  373   69    1189 1208  103
8,0          3247 1591  162    2091  344   65    1156 1247   97
0,6          3245 1588  167    2105  333   62    1140 1255  105
9,3          3236 1608  156    2094  355   51    1142 1253  105
5,5          3228 1641  131    2068  383   49    1160 1258   82
2,5          3225 1594  181    2104  329   67    1121 1265  114
2,9          3222 1619  159    2102  335   63    1120 1284   96
5,9          3222 1617  161    2064  368   68    1158 1249   93
6,9          3220 1634  146    2113  325   62    1107 1309   84
9,1          3220 1614  166    2094  341   65    1126 1273  101
8,9          3217 1621  162    2060  378   62    1157 1243  100
5,8          3216 1632  152    2129  312   59    1087 1320   93
3,5          3213 1615  172    2072  365   63    1141 1250  109
9,9          3213 1660  127    2097  354   49    1116 1306   78
0,5          3205 1614  181    2098  341   61    1107 1273  120
6,8          3194 1632  174    2130  305   65    1064 1327  109
1,1          3174 1663  163    2015  425   60    1159 1238  103
8,8          3158 1690  152    2124  328   48    1034 1362  104
2,0          3157 1700  143    2044  397   59    1113 1303   84
7,2          3155 1700  145    2088  343   69    1067 1357   76
8,6          3151 1694  155    2089  353   58    1062 1341   97
2,7          3148 1673  179    2085  341   74    1063 1332  105
4,9          3145 1672  183    2019  414   67    1126 1258  116
0,3          3120 1732  148    2109  345   46    1011 1387  102
6,5          3119 1704  177    2115  313   72    1004 1391  105
7,1          3097 1757  146    2054  392   54    1043 1365   92
2,4          3067 1790  143    2105  346   49     962 1444   94
5,2          3067 1759  174    2076  359   65     991 1400  109
6,4          3022 1815  163    2052  377   71     970 1438   92
6,3          2969 1864  167    2043  393   64     926 1471  103
4,8          2958 1881  161    2019  415   66     939 1466   95
9,5          2952 1888  160    2113  327   60     839 1561  100
8,1          2908 1916  176    2068  366   66     840 1550  110
6,2          2891 1937  172    2048  379   73     843 1558   99
5,3          2878 1968  154    2055  375   70     823 1593   84
4,7          2869 1957  174    2010  415   75     859 1542   99
100


Team A Total Wins: 330585
Ties: 15682

50x50 vs 6k

Team A: 
Overall:           all             as Black          as White     
                W    L    T       W    L    T       W    L    T  
size: 100
1,9          3593 1261  146    1970  465   65    1623  796   81
4,1          3568 1275  157    2049  388   63    1519  887   94
0,4          3561 1301  138    2038  403   59    1523  898   79
8,3          3532 1321  147    2002  444   54    1530  877   93
5,4          3520 1321  159    1981  447   72    1539  874   87
7,8          3520 1337  143    2047  391   62    1473  946   81
1,6          3518 1336  146    1982  451   67    1536  885   79
1,7          3517 1310  173    2072  369   59    1445  941  114
0,0          3513 1348  139    2023  415   62    1490  933   77
2,3          3513 1328  159    2010  423   67    1503  905   92
3,7          3507 1350  143    1976  464   60    1531  886   83
2,6          3454 1402  144    1979  461   60    1475  941   84
4,2          3449 1405  146    2017  432   51    1432  973   95
0,9          3446 1393  161    1994  441   65    1452  952   96
6,6          3440 1386  174    2059  361   80    1381 1025   94
7,9          3434 1420  146    2073  363   64    1361 1057   82
9,4          3428 1414  158    2015  431   54    1413  983  104
4,4          3426 1412  162    1994  444   62    1432  968  100
7,0          3414 1435  151    2017  421   62    1397 1014   89
9,8          3375 1490  135    2002  438   60    1373 1052   75
1,8          3372 1497  131    2053  407   40    1319 1090   91
9,2          3372 1451  177    2010  424   66    1362 1027  111
8,2          3371 1441  188    1988  434   78    1383 1007  110
8,7          3364 1473  163    2065  367   68    1299 1106   95
9,7          3362 1493  145    2063  380   57    1299 1113   88
3,9          3336 1491  173    1974  453   73    1362 1038  100
9,0          3336 1519  145    2039  406   55    1297 1113   90
0,7          3324 1549  127    2052  397   51    1272 1152   76
3,8          3315 1531  154    2016  432   52    1299 1099  102
4,5          3314 1528  158    1981  463   56    1333 1065  102
0,1          3312 1554  134    1988  452   60    1324 1102   74
1,2          3308 1527  165    1999  437   64    1309 1090  101
1,4          3307 1531  162    1997  433   70    1310 1098   92
1,3          3303 1556  141    2008  435   57    1295 1121   84
6,7          3294 1555  151    1996  452   52    1298 1103   99
4,0          3287 1524  189    2033  385   82    1254 1139  107
5,0          3286 1567  147    2066  375   59    1220 1192   88
2,8          3282 1585  133    2002  435   63    1280 1150   70
5,7          3278 1567  155    2008  435   57    1270 1132   98
7,6          3276 1556  168    2010  418   72    1266 1138   96
3,0          3275 1520  205    1980  450   70    1295 1070  135
1,0          3272 1568  160    1991  446   63    1281 1122   97
7,4          3265 1572  163    1991  438   71    1274 1134   92
3,3          3254 1620  126    2025  432   43    1229 1188   83
3,4          3254 1559  187    2001  431   68    1253 1128  119
0,2          3245 1590  165    2055  390   55    1190 1200  110
1,5          3239 1595  166    1987  450   63    1252 1145  103
6,0          3236 1597  167    2045  384   71    1191 1213   96
7,5          3236 1620  144    1993  451   56    1243 1169   88
4,6          3231 1641  128    1979  471   50    1252 1170   78
8,5          3231 1600  169    2026  416   58    1205 1184  111
5,6          3218 1624  158    1990  458   52    1228 1166  106
5,1          3215 1603  182    2038  394   68    1177 1209  114
0,6          3205 1634  161    2065  379   56    1140 1255  105
8,4          3203 1644  153    2009  425   66    1194 1219   87
5,9          3202 1625  173    2044  376   80    1158 1249   93
7,3          3199 1640  161    2013  418   69    1186 1222   92
3,2          3198 1652  150    1974  470   56    1224 1182   94
6,1          3198 1654  148    2009  446   45    1189 1208  103
7,7          3197 1645  158    2019  408   73    1178 1237   85
9,6          3196 1660  144    2020  417   63    1176 1243   81
4,3          3186 1646  168    1988  445   67    1198 1201  101
2,2          3182 1655  163    1971  462   67    1211 1193   96
9,3          3178 1657  165    2036  404   60    1142 1253  105
2,1          3173 1665  162    1987  449   64    1186 1216   98
0,8          3164 1673  163    2030  407   63    1134 1266  100
3,6          3160 1673  167    1959  475   66    1201 1198  101
9,9          3157 1701  142    2041  395   64    1116 1306   78
0,5          3153 1668  179    2046  395   59    1107 1273  120
3,5          3146 1691  163    2005  441   54    1141 1250  109
8,9          3146 1696  158    1989  453   58    1157 1243  100
1,1          3140 1674  186    1981  436   83    1159 1238  103
6,9          3140 1706  154    2033  397   70    1107 1309   84
3,1          3139 1709  152    1966  474   60    1173 1235   92
2,9          3131 1714  155    2011  430   59    1120 1284   96
5,5          3131 1714  155    1971  456   73    1160 1258   82
4,9          3130 1688  182    2004  430   66    1126 1258  116
9,1          3125 1718  157    1999  445   56    1126 1273  101
2,5          3118 1711  171    1997  446   57    1121 1265  114
5,8          3108 1745  147    2021  425   54    1087 1320   93
6,8          3090 1742  168    2026  415   59    1064 1327  109
8,6          3083 1751  166    2021  410   69    1062 1341   97
8,8          3080 1740  180    2046  378   76    1034 1362  104
7,2          3078 1772  150    2011  415   74    1067 1357   76
2,0          3074 1780  146    1961  477   62    1113 1303   84
5,2          3049 1791  160    2058  391   51     991 1400  109
0,3          3046 1804  150    2035  417   48    1011 1387  102
6,5          3041 1803  156    2037  412   51    1004 1391  105
7,1          3040 1798  162    1997  433   70    1043 1365   92
8,0          3034 1804  162    1878  557   65    1156 1247   97
2,7          3025 1805  170    1962  473   65    1063 1332  105
2,4          2958 1883  159    1996  439   65     962 1444   94
4,8          2953 1892  155    2014  426   60     939 1466   95
6,4          2945 1899  156    1975  461   64     970 1438   92
6,3          2934 1901  165    2008  430   62     926 1471  103
8,1          2886 1953  161    2046  403   51     840 1550  110
9,5          2883 1960  157    2044  399   57     839 1561  100
4,7          2862 1987  151    2003  445   52     859 1542   99
6,2          2860 1981  159    2017  423   60     843 1558   99
5,3          2837 2030  133    2014  437   49     823 1593   84
100


Team A Total Wins: 323461
Ties: 15756

50x50 vs 7k

Team A: 
Overall:           all             as Black          as White     
                W    L    T       W    L    T       W    L    T  
size: 100
1,9          3513 1317  170    1890  521   89    1623  796   81
4,1          3401 1428  171    1882  541   77    1519  887   94
3,7          3308 1510  182    1777  624   99    1531  886   83
0,0          3305 1535  160    1815  602   83    1490  933   77
5,4          3295 1536  169    1756  662   82    1539  874   87
8,3          3293 1529  178    1763  652   85    1530  877   93
2,3          3287 1534  179    1784  629   87    1503  905   92
9,4          3284 1520  196    1871  537   92    1413  983  104
0,4          3283 1551  166    1760  653   87    1523  898   79
4,2          3282 1542  176    1850  569   81    1432  973   95
1,6          3271 1563  166    1735  678   87    1536  885   79
7,8          3246 1589  165    1773  643   84    1473  946   81
0,9          3226 1585  189    1774  633   93    1452  952   96
2,6          3222 1597  181    1747  656   97    1475  941   84
4,4          3219 1588  193    1787  620   93    1432  968  100
1,7          3214 1584  202    1769  643   88    1445  941  114
9,2          3204 1583  213    1842  556  102    1362 1027  111
3,9          3187 1635  178    1825  597   78    1362 1038  100
6,6          3168 1656  176    1787  631   82    1381 1025   94
3,0          3167 1607  226    1872  537   91    1295 1070  135
8,2          3167 1624  209    1784  617   99    1383 1007  110
9,8          3166 1659  175    1793  607  100    1373 1052   75
7,0          3158 1655  187    1761  641   98    1397 1014   89
4,0          3128 1679  193    1874  540   86    1254 1139  107
3,8          3125 1691  184    1826  592   82    1299 1099  102
4,5          3122 1701  177    1789  636   75    1333 1065  102
1,8          3117 1704  179    1798  614   88    1319 1090   91
3,2          3103 1724  173    1879  542   79    1224 1182   94
0,1          3095 1743  162    1771  641   88    1324 1102   74
5,0          3087 1748  165    1867  556   77    1220 1192   88
7,9          3087 1729  184    1726  672  102    1361 1057   82
6,7          3083 1733  184    1785  630   85    1298 1103   99
1,2          3082 1720  198    1773  630   97    1309 1090  101
9,7          3078 1746  176    1779  633   88    1299 1113   88
8,7          3073 1737  190    1774  631   95    1299 1106   95
1,4          3062 1758  180    1752  660   88    1310 1098   92
9,0          3061 1743  196    1764  630  106    1297 1113   90
1,3          3059 1767  174    1764  646   90    1295 1121   84
7,4          3050 1783  167    1776  649   75    1274 1134   92
6,1          3043 1770  187    1854  562   84    1189 1208  103
7,6          3043 1774  183    1777  636   87    1266 1138   96
5,7          3039 1777  184    1769  645   86    1270 1132   98
2,8          3038 1792  170    1758  642  100    1280 1150   70
4,6          3038 1797  165    1786  627   87    1252 1170   78
7,5          3033 1816  151    1790  647   63    1243 1169   88
1,5          3032 1782  186    1780  637   83    1252 1145  103
5,9          3026 1785  189    1868  536   96    1158 1249   93
0,7          3017 1812  171    1745  660   95    1272 1152   76
3,1          3015 1807  178    1842  572   86    1173 1235   92
3,4          3015 1774  211    1762  646   92    1253 1128  119
5,1          3013 1796  191    1836  587   77    1177 1209  114
3,6          3008 1812  180    1807  614   79    1201 1198  101
1,0          3006 1804  190    1725  682   93    1281 1122   97
8,5          3006 1808  186    1801  624   75    1205 1184  111
3,3          3005 1822  173    1776  634   90    1229 1188   83
9,3          2998 1792  210    1856  539  105    1142 1253  105
4,3          2990 1828  182    1792  627   81    1198 1201  101
5,6          2974 1839  187    1746  673   81    1228 1166  106
6,0          2966 1851  183    1775  638   87    1191 1213   96
8,4          2956 1866  178    1762  647   91    1194 1219   87
0,2          2955 1849  196    1765  649   86    1190 1200  110
9,6          2953 1887  160    1777  644   79    1176 1243   81
8,0          2951 1857  192    1795  610   95    1156 1247   97
2,1          2946 1876  178    1760  660   80    1186 1216   98
4,9          2946 1847  207    1820  589   91    1126 1258  116
5,5          2943 1895  162    1783  637   80    1160 1258   82
7,7          2941 1896  163    1763  659   78    1178 1237   85
2,2          2934 1874  192    1723  681   96    1211 1193   96
7,3          2914 1893  193    1728  671  101    1186 1222   92
9,1          2911 1899  190    1785  626   89    1126 1273  101
1,1          2907 1902  191    1748  664   88    1159 1238  103
0,8          2899 1917  184    1765  651   84    1134 1266  100
0,6          2898 1904  198    1758  649   93    1140 1255  105
3,5          2895 1913  192    1754  663   83    1141 1250  109
8,9          2892 1914  194    1735  671   94    1157 1243  100
0,5          2885 1913  202    1778  640   82    1107 1273  120
2,0          2880 1937  183    1767  634   99    1113 1303   84
9,9          2871 1956  173    1755  650   95    1116 1306   78
8,6          2867 1962  171    1805  621   74    1062 1341   97
2,9          2862 1949  189    1742  665   93    1120 1284   96
5,8          2856 1979  165    1769  659   72    1087 1320   93
2,7          2847 1959  194    1784  627   89    1063 1332  105
6,8          2842 1969  189    1778  642   80    1064 1327  109
6,9          2839 1974  187    1732  665  103    1107 1309   84
2,5          2834 1954  212    1713  689   98    1121 1265  114
5,2          2834 1978  188    1843  578   79     991 1400  109
7,1          2818 2016  166    1775  651   74    1043 1365   92
7,2          2792 2025  183    1725  668  107    1067 1357   76
6,3          2791 2031  178    1865  560   75     926 1471  103
8,8          2750 2057  193    1716  695   89    1034 1362  104
6,5          2749 2064  187    1745  673   82    1004 1391  105
0,3          2743 2079  178    1732  692   76    1011 1387  102
6,4          2727 2090  183    1757  652   91     970 1438   92
2,4          2716 2109  175    1754  665   81     962 1444   94
6,2          2713 2112  175    1870  554   76     843 1558   99
4,8          2712 2117  171    1773  651   76     939 1466   95
4,7          2639 2174  187    1780  632   88     859 1542   99
5,3          2610 2231  159    1787  638   75     823 1593   84
9,5          2605 2211  184    1766  650   84     839 1561  100
8,1          2589 2210  201    1749  660   91     840 1550  110
100


Team A Total Wins: 300795
Ties: 18289

50x50 vs 8k

Team A: 
Overall:           all             as Black          as White     
                W    L    T       W    L    T       W    L    T  
size: 100
1,9          3464 1366  170    1841  570   89    1623  796   81
3,7          3388 1458  154    1857  572   71    1531  886   83
0,4          3382 1466  152    1859  568   73    1523  898   79
5,4          3375 1470  155    1836  596   68    1539  874   87
8,3          3374 1449  177    1844  572   84    1530  877   93
2,3          3355 1483  162    1852  578   70    1503  905   92
0,0          3340 1500  160    1850  567   83    1490  933   77
2,6          3324 1508  168    1849  567   84    1475  941   84
1,6          3319 1507  174    1783  622   95    1536  885   79
4,1          3312 1509  179    1793  622   85    1519  887   94
7,8          3296 1550  154    1823  604   73    1473  946   81
0,9          3281 1548  171    1829  596   75    1452  952   96
9,4          3276 1542  182    1863  559   78    1413  983  104
4,2          3271 1557  172    1839  584   77    1432  973   95
4,4          3267 1550  183    1835  582   83    1432  968  100
1,7          3251 1548  201    1806  607   87    1445  941  114
9,2          3250 1562  188    1888  535   77    1362 1027  111
8,2          3247 1576  177    1864  569   67    1383 1007  110
7,0          3224 1615  161    1827  601   72    1397 1014   89
3,9          3209 1614  177    1847  576   77    1362 1038  100
0,1          3195 1660  145    1871  558   71    1324 1102   74
6,6          3192 1635  173    1811  610   79    1381 1025   94
9,8          3191 1652  157    1818  600   82    1373 1052   75
1,3          3180 1666  154    1885  545   70    1295 1121   84
3,8          3179 1641  180    1880  542   78    1299 1099  102
4,5          3173 1655  172    1840  590   70    1333 1065  102
1,0          3172 1661  167    1891  539   70    1281 1122   97
2,8          3168 1686  146    1888  536   76    1280 1150   70
1,4          3161 1671  168    1851  573   76    1310 1098   92
3,0          3159 1626  215    1864  556   80    1295 1070  135
1,2          3154 1667  179    1845  577   78    1309 1090  101
6,7          3150 1680  170    1852  577   71    1298 1103   99
1,8          3148 1687  165    1829  597   74    1319 1090   91
7,9          3144 1690  166    1783  633   84    1361 1057   82
5,7          3140 1694  166    1870  562   68    1270 1132   98
8,7          3136 1681  183    1837  575   88    1299 1106   95
9,7          3131 1702  167    1832  589   79    1299 1113   88
7,4          3127 1703  170    1853  569   78    1274 1134   92
3,4          3113 1714  173    1860  586   54    1253 1128  119
0,7          3110 1738  152    1838  586   76    1272 1152   76
9,0          3108 1723  169    1811  610   79    1297 1113   90
4,6          3103 1749  148    1851  579   70    1252 1170   78
7,6          3094 1737  169    1828  599   73    1266 1138   96
1,5          3093 1738  169    1841  593   66    1252 1145  103
3,2          3082 1755  163    1858  573   69    1224 1182   94
5,6          3079 1741  180    1851  575   74    1228 1166  106
7,5          3073 1764  163    1830  595   75    1243 1169   88
8,5          3060 1752  188    1855  568   77    1205 1184  111
4,0          3059 1745  196    1805  606   89    1254 1139  107
2,2          3052 1766  182    1841  573   86    1211 1193   96
3,1          3046 1792  162    1873  557   70    1173 1235   92
8,4          3045 1799  156    1851  580   69    1194 1219   87
0,2          3043 1765  192    1853  565   82    1190 1200  110
6,1          3037 1793  170    1848  585   67    1189 1208  103
5,0          3036 1790  174    1816  598   86    1220 1192   88
4,3          3032 1797  171    1834  596   70    1198 1201  101
3,3          3023 1816  161    1794  628   78    1229 1188   83
5,5          3021 1820  159    1861  562   77    1160 1258   82
9,6          3020 1821  159    1844  578   78    1176 1243   81
0,6          3019 1802  179    1879  547   74    1140 1255  105
7,3          3019 1811  170    1833  589   78    1186 1222   92
2,1          3016 1807  177    1830  591   79    1186 1216   98
7,7          3013 1840  147    1835  603   62    1178 1237   85
8,0          3012 1835  153    1856  588   56    1156 1247   97
5,9          3009 1819  172    1851  570   79    1158 1249   93
4,9          3002 1813  185    1876  555   69    1126 1258  116
5,1          3001 1807  192    1824  598   78    1177 1209  114
9,3          2999 1814  187    1857  561   82    1142 1253  105
3,6          2995 1820  185    1794  622   84    1201 1198  101
6,0          2995 1815  190    1804  602   94    1191 1213   96
1,1          2991 1823  186    1832  585   83    1159 1238  103
2,9          2986 1825  189    1866  541   93    1120 1284   96
3,5          2975 1834  191    1834  584   82    1141 1250  109
8,9          2974 1850  176    1817  607   76    1157 1243  100
0,5          2973 1819  208    1866  546   88    1107 1273  120
2,0          2973 1858  169    1860  555   85    1113 1303   84
9,1          2969 1852  179    1843  579   78    1126 1273  101
6,9          2957 1888  155    1850  579   71    1107 1309   84
0,8          2945 1878  177    1811  612   77    1134 1266  100
9,9          2931 1907  162    1815  601   84    1116 1306   78
5,8          2929 1902  169    1842  582   76    1087 1320   93
6,8          2924 1900  176    1860  573   67    1064 1327  109
7,2          2915 1935  150    1848  578   74    1067 1357   76
8,6          2910 1915  175    1848  574   78    1062 1341   97
2,7          2896 1923  181    1833  591   76    1063 1332  105
2,5          2894 1919  187    1773  654   73    1121 1265  114
7,1          2890 1944  166    1847  579   74    1043 1365   92
0,3          2877 1940  183    1866  553   81    1011 1387  102
5,2          2844 1979  177    1853  579   68     991 1400  109
6,5          2843 1971  186    1839  580   81    1004 1391  105
8,8          2824 1995  181    1790  633   77    1034 1362  104
6,4          2812 2007  181    1842  569   89     970 1438   92
4,8          2799 2029  172    1860  563   77     939 1466   95
2,4          2794 2043  163    1832  599   69     962 1444   94
6,3          2780 2052  168    1854  581   65     926 1471  103
4,7          2735 2092  173    1876  550   74     859 1542   99
8,1          2694 2122  184    1854  572   74     840 1550  110
9,5          2692 2128  180    1853  567   80     839 1561  100
6,2          2685 2138  177    1842  580   78     843 1558   99
5,3          2621 2226  153    1798  633   69     823 1593   84
100


Team A Total Wins: 306546
Ties: 17227

50x50 vs 9k

Team A: 
Overall:           all             as Black          as White     
                W    L    T       W    L    T       W    L    T  
size: 100
1,9          3330 1494  176    1707  698   95    1623  796   81
8,3          3300 1525  175    1770  648   82    1530  877   93
5,4          3299 1546  155    1760  672   68    1539  874   87
0,4          3281 1562  157    1758  664   78    1523  898   79
2,3          3267 1556  177    1764  651   85    1503  905   92
1,6          3253 1586  161    1717  701   82    1536  885   79
4,1          3243 1585  172    1724  698   78    1519  887   94
3,7          3233 1585  182    1702  699   99    1531  886   83
7,8          3212 1620  168    1739  674   87    1473  946   81
0,0          3207 1638  155    1717  705   78    1490  933   77
2,6          3197 1626  177    1722  685   93    1475  941   84
0,9          3180 1634  186    1728  682   90    1452  952   96
4,2          3177 1659  164    1745  686   69    1432  973   95
9,4          3174 1635  191    1761  652   87    1413  983  104
9,8          3158 1687  155    1785  635   80    1373 1052   75
4,4          3150 1648  202    1718  680  102    1432  968  100
8,2          3150 1660  190    1767  653   80    1383 1007  110
1,7          3148 1647  205    1703  706   91    1445  941  114
7,9          3124 1709  167    1763  652   85    1361 1057   82
9,2          3119 1687  194    1757  660   83    1362 1027  111
7,0          3114 1703  183    1717  689   94    1397 1014   89
4,5          3110 1714  176    1777  649   74    1333 1065  102
6,6          3099 1715  186    1718  690   92    1381 1025   94
0,1          3097 1752  151    1773  650   77    1324 1102   74
3,8          3071 1746  183    1772  647   81    1299 1099  102
9,0          3071 1767  162    1774  654   72    1297 1113   90
1,2          3068 1752  180    1759  662   79    1309 1090  101
1,4          3067 1760  173    1757  662   81    1310 1098   92
3,9          3062 1758  180    1700  720   80    1362 1038  100
1,8          3051 1773  176    1732  683   85    1319 1090   91
1,3          3046 1783  171    1751  662   87    1295 1121   84
9,7          3031 1785  184    1732  672   96    1299 1113   88
7,4          3029 1800  171    1755  666   79    1274 1134   92
3,0          3021 1762  217    1726  692   82    1295 1070  135
3,4          3019 1784  197    1766  656   78    1253 1128  119
8,7          3018 1794  188    1719  688   93    1299 1106   95
2,8          3005 1832  163    1725  682   93    1280 1150   70
0,7          3003 1833  164    1731  681   88    1272 1152   76
1,0          2991 1817  192    1710  695   95    1281 1122   97
5,0          2987 1850  163    1767  658   75    1220 1192   88
7,6          2986 1832  182    1720  694   86    1266 1138   96
3,3          2983 1859  158    1754  671   75    1229 1188   83
6,7          2982 1822  196    1684  719   97    1298 1103   99
5,7          2978 1833  189    1708  701   91    1270 1132   98
7,5          2978 1847  175    1735  678   87    1243 1169   88
3,6          2976 1842  182    1775  644   81    1201 1198  101
4,6          2972 1865  163    1720  695   85    1252 1170   78
1,5          2955 1839  206    1703  694  103    1252 1145  103
3,2          2955 1861  184    1731  679   90    1224 1182   94
7,3          2952 1880  168    1766  658   76    1186 1222   92
6,1          2949 1871  180    1760  663   77    1189 1208  103
6,0          2946 1882  172    1755  669   76    1191 1213   96
8,4          2941 1880  179    1747  661   92    1194 1219   87
4,0          2940 1860  200    1686  721   93    1254 1139  107
0,2          2936 1872  192    1746  672   82    1190 1200  110
1,1          2925 1890  185    1766  652   82    1159 1238  103
8,5          2925 1878  197    1720  694   86    1205 1184  111
2,2          2921 1892  187    1710  699   91    1211 1193   96
5,6          2918 1879  203    1690  713   97    1228 1166  106
5,1          2910 1906  184    1733  697   70    1177 1209  114
3,5          2902 1908  190    1761  658   81    1141 1250  109
9,9          2902 1946  152    1786  640   74    1116 1306   78
5,5          2899 1930  171    1739  672   89    1160 1258   82
5,9          2898 1920  182    1740  671   89    1158 1249   93
4,3          2895 1907  198    1697  706   97    1198 1201  101
9,6          2893 1927  180    1717  684   99    1176 1243   81
9,3          2892 1921  187    1750  668   82    1142 1253  105
2,9          2890 1942  168    1770  658   72    1120 1284   96
7,7          2888 1933  179    1710  696   94    1178 1237   85
8,0          2885 1932  183    1729  685   86    1156 1247   97
0,6          2884 1923  193    1744  668   88    1140 1255  105
0,8          2880 1930  190    1746  664   90    1134 1266  100
8,9          2876 1928  196    1719  685   96    1157 1243  100
0,5          2872 1926  202    1765  653   82    1107 1273  120
2,1          2868 1935  197    1682  719   99    1186 1216   98
6,9          2867 1957  176    1760  648   92    1107 1309   84
3,1          2859 1951  190    1686  716   98    1173 1235   92
2,5          2846 1951  203    1725  686   89    1121 1265  114
9,1          2843 1971  186    1717  698   85    1126 1273  101
2,0          2842 1971  187    1729  668  103    1113 1303   84
6,8          2824 1991  185    1760  664   76    1064 1327  109
4,9          2823 1962  215    1697  704   99    1126 1258  116
7,2          2806 2034  160    1739  677   84    1067 1357   76
5,8          2798 2019  183    1711  699   90    1087 1320   93
2,7          2795 2023  182    1732  691   77    1063 1332  105
7,1          2772 2045  183    1729  680   91    1043 1365   92
8,6          2760 2055  185    1698  714   88    1062 1341   97
8,8          2755 2048  197    1721  686   93    1034 1362  104
0,3          2752 2072  176    1741  685   74    1011 1387  102
6,4          2737 2091  172    1767  653   80     970 1438   92
2,4          2717 2109  174    1755  665   80     962 1444   94
5,2          2716 2099  185    1725  699   76     991 1400  109
6,5          2715 2089  196    1711  698   91    1004 1391  105
6,3          2692 2125  183    1766  654   80     926 1471  103
4,8          2653 2164  183    1714  698   88     939 1466   95
8,1          2612 2198  190    1772  648   80     840 1550  110
6,2          2611 2212  177    1768  654   78     843 1558   99
9,5          2599 2218  183    1760  657   83     839 1561  100
5,3          2590 2251  159    1767  658   75     823 1593   84
4,7          2569 2240  191    1710  698   92     859 1542   99
100


Team A Total Wins: 296067
Ties: 18120

50x50 vs 10k
cauchy Run 1 50x50 vs k

Team A: 
Overall:           all             as Black          as White     
                W    L    T       W    L    T       W    L    T  
size: 100
1,9          3188 1647  165    1565  851   84    1623  796   81
8,3          3121 1700  179    1591  823   86    1530  877   93
1,6          3092 1754  154    1556  869   75    1536  885   79
2,3          3082 1738  180    1579  833   88    1503  905   92
5,4          3082 1743  175    1543  869   88    1539  874   87
0,4          3080 1753  167    1557  855   88    1523  898   79
3,7          3074 1753  173    1543  867   90    1531  886   83
0,0          3067 1773  160    1577  840   83    1490  933   77
4,1          3061 1759  180    1542  872   86    1519  887   94
0,9          3032 1787  181    1580  835   85    1452  952   96
2,6          3006 1835  159    1531  894   75    1475  941   84
1,7          2997 1798  205    1552  857   91    1445  941  114
4,2          2989 1827  184    1557  854   89    1432  973   95
4,4          2982 1835  183    1550  867   83    1432  968  100
7,8          2977 1852  171    1504  906   90    1473  946   81
9,4          2977 1817  206    1564  834  102    1413  983  104
6,6          2972 1853  175    1591  828   81    1381 1025   94
7,0          2951 1870  179    1554  856   90    1397 1014   89
8,2          2944 1850  206    1561  843   96    1383 1007  110
9,8          2932 1908  160    1559  856   85    1373 1052   75
9,2          2913 1892  195    1551  865   84    1362 1027  111
7,9          2902 1922  176    1541  865   94    1361 1057   82
0,1          2896 1946  158    1572  844   84    1324 1102   74
3,9          2896 1905  199    1534  867   99    1362 1038  100
1,8          2888 1935  177    1569  845   86    1319 1090   91
4,5          2883 1940  177    1550  875   75    1333 1065  102
1,4          2882 1938  180    1572  840   88    1310 1098   92
1,2          2874 1926  200    1565  836   99    1309 1090  101
9,0          2870 1961  169    1573  848   79    1297 1113   90
1,3          2861 1967  172    1566  846   88    1295 1121   84
9,7          2848 1969  183    1549  856   95    1299 1113   88
7,4          2838 1979  183    1564  845   91    1274 1134   92
0,7          2834 2007  159    1562  855   83    1272 1152   76
8,7          2834 1977  189    1535  871   94    1299 1106   95
6,7          2832 1982  186    1534  879   87    1298 1103   99
4,0          2830 1968  202    1576  829   95    1254 1139  107
3,3          2821 2011  168    1592  823   85    1229 1188   83
3,8          2819 1984  197    1520  885   95    1299 1099  102
3,0          2815 1954  231    1520  884   96    1295 1070  135
1,0          2812 1999  189    1531  877   92    1281 1122   97
1,5          2812 1998  190    1560  853   87    1252 1145  103
2,8          2805 2030  165    1525  880   95    1280 1150   70
5,6          2801 2000  199    1573  834   93    1228 1166  106
5,7          2801 2005  194    1531  873   96    1270 1132   98
4,6          2800 2025  175    1548  855   97    1252 1170   78
7,5          2796 2025  179    1553  856   91    1243 1169   88
3,4          2790 2005  205    1537  877   86    1253 1128  119
3,6          2779 2044  177    1578  846   76    1201 1198  101
7,6          2775 2031  194    1509  893   98    1266 1138   96
3,2          2772 2049  179    1548  867   85    1224 1182   94
8,4          2767 2058  175    1573  839   88    1194 1219   87
0,2          2756 2041  203    1566  841   93    1190 1200  110
5,0          2756 2064  180    1536  872   92    1220 1192   88
8,5          2756 2031  213    1551  847  102    1205 1184  111
6,1          2755 2052  193    1566  844   90    1189 1208  103
2,2          2753 2059  188    1542  866   92    1211 1193   96
3,1          2753 2065  182    1580  830   90    1173 1235   92
4,3          2741 2070  189    1543  869   88    1198 1201  101
7,3          2741 2072  187    1555  850   95    1186 1222   92
2,1          2740 2073  187    1554  857   89    1186 1216   98
8,0          2736 2074  190    1580  827   93    1156 1247   97
8,9          2734 2083  183    1577  840   83    1157 1243  100
9,6          2734 2109  157    1558  866   76    1176 1243   81
1,1          2722 2083  195    1563  845   92    1159 1238  103
7,7          2722 2105  173    1544  868   88    1178 1237   85
0,8          2713 2103  184    1579  837   84    1134 1266  100
5,9          2710 2107  183    1552  858   90    1158 1249   93
5,5          2709 2109  182    1549  851  100    1160 1258   82
2,0          2698 2122  180    1585  819   96    1113 1303   84
5,1          2698 2090  212    1521  881   98    1177 1209  114
0,6          2695 2120  185    1555  865   80    1140 1255  105
6,0          2691 2106  203    1500  893  107    1191 1213   96
9,3          2691 2114  195    1549  861   90    1142 1253  105
3,5          2690 2116  194    1549  866   85    1141 1250  109
9,1          2689 2126  185    1563  853   84    1126 1273  101
0,5          2670 2133  197    1563  860   77    1107 1273  120
2,5          2670 2134  196    1549  869   82    1121 1265  114
5,8          2670 2152  178    1583  832   85    1087 1320   93
4,9          2650 2139  211    1524  881   95    1126 1258  116
9,9          2647 2182  171    1531  876   93    1116 1306   78
7,2          2639 2196  165    1572  839   89    1067 1357   76
2,7          2638 2180  182    1575  848   77    1063 1332  105
2,9          2634 2177  189    1514  893   93    1120 1284   96
6,9          2620 2203  177    1513  894   93    1107 1309   84
6,8          2614 2185  201    1550  858   92    1064 1327  109
7,1          2614 2211  175    1571  846   83    1043 1365   92
8,6          2598 2213  189    1536  872   92    1062 1341   97
6,5          2596 2213  191    1592  822   86    1004 1391  105
0,3          2595 2216  189    1584  829   87    1011 1387  102
8,8          2586 2222  192    1552  860   88    1034 1362  104
5,2          2557 2232  211    1566  832  102     991 1400  109
2,4          2509 2322  169    1547  878   75     962 1444   94
6,4          2492 2324  184    1522  886   92     970 1438   92
4,8          2483 2324  193    1544  858   98     939 1466   95
6,3          2473 2332  195    1547  861   92     926 1471  103
8,1          2417 2378  205    1577  828   95     840 1550  110
4,7          2404 2400  196    1545  858   97     859 1542   99
9,5          2393 2410  197    1554  849   97     839 1561  100
6,2          2392 2414  194    1549  856   95     843 1558   99
5,3          2353 2464  183    1530  871   99     823 1593   84
100


Team A Total Wins: 277749
Ties: 18517
