
50x50 vs 1k

Team A: 
Overall:           all             as Black          as White     
                W    L    T       W    L    T       W    L    T  
size: 100
0,4          3663 1196  141    2140  298   62    1523  898   79
1,9          3641 1208  151    2018  412   70    1623  796   81
1,6          3602 1261  137    2066  376   58    1536  885   79
5,4          3596 1260  144    2057  386   57    1539  874   87
0,0          3594 1264  142    2104  331   65    1490  933   77
3,7          3584 1280  136    2053  394   53    1531  886   83
8,3          3583 1263  154    2053  386   61    1530  877   93
2,6          3568 1301  131    2093  360   47    1475  941   84
2,3          3563 1276  161    2060  371   69    1503  905   92
1,7          3524 1295  181    2079  354   67    1445  941  114
7,8          3487 1366  147    2014  420   66    1473  946   81
6,6          3480 1358  162    2099  333   68    1381 1025   94
9,8          3479 1393  128    2106  341   53    1373 1052   75
9,4          3472 1362  166    2059  379   62    1413  983  104
1,4          3468 1377  155    2158  279   63    1310 1098   92
7,0          3468 1387  145    2071  373   56    1397 1014   89
4,2          3463 1372  165    2031  399   70    1432  973   95
0,9          3460 1359  181    2008  407   85    1452  952   96
4,1          3457 1384  159    1938  497   65    1519  887   94
4,5          3444 1383  173    2111  318   71    1333 1065  102
7,9          3437 1417  146    2076  360   64    1361 1057   82
0,1          3436 1447  117    2112  345   43    1324 1102   74
3,0          3435 1387  178    2140  317   43    1295 1070  135
4,4          3427 1413  160    1995  445   60    1432  968  100
9,2          3424 1399  177    2062  372   66    1362 1027  111
6,7          3422 1427  151    2124  324   52    1298 1103   99
3,9          3416 1428  156    2054  390   56    1362 1038  100
3,8          3408 1433  159    2109  334   57    1299 1099  102
8,2          3402 1422  176    2019  415   66    1383 1007  110
4,6          3401 1463  136    2149  293   58    1252 1170   78
3,2          3382 1464  154    2158  282   60    1224 1182   94
8,7          3378 1457  165    2079  351   70    1299 1106   95
0,7          3376 1479  145    2104  327   69    1272 1152   76
9,7          3372 1470  158    2073  357   70    1299 1113   88
1,8          3366 1482  152    2047  392   61    1319 1090   91
5,7          3365 1470  165    2095  338   67    1270 1132   98
7,6          3363 1481  156    2097  343   60    1266 1138   96
9,0          3344 1492  164    2047  379   74    1297 1113   90
1,2          3340 1488  172    2031  398   71    1309 1090  101
3,4          3340 1477  183    2087  349   64    1253 1128  119
5,6          3334 1516  150    2106  350   44    1228 1166  106
7,4          3331 1512  157    2057  378   65    1274 1134   92
1,0          3330 1499  171    2049  377   74    1281 1122   97
1,3          3329 1524  147    2034  403   63    1295 1121   84
1,5          3324 1510  166    2072  365   63    1252 1145  103
7,5          3318 1531  151    2075  362   63    1243 1169   88
6,1          3301 1534  165    2112  326   62    1189 1208  103
9,6          3300 1566  134    2124  323   53    1176 1243   81
2,8          3292 1556  152    2012  406   82    1280 1150   70
2,1          3290 1553  157    2104  337   59    1186 1216   98
7,3          3275 1579  146    2089  357   54    1186 1222   92
8,0          3274 1567  159    2118  320   62    1156 1247   97
8,5          3274 1542  184    2069  358   73    1205 1184  111
4,3          3271 1564  165    2073  363   64    1198 1201  101
7,7          3269 1581  150    2091  344   65    1178 1237   85
3,6          3259 1568  173    2058  370   72    1201 1198  101
0,2          3257 1569  174    2067  369   64    1190 1200  110
3,1          3256 1595  149    2083  360   57    1173 1235   92
2,2          3254 1583  163    2043  390   67    1211 1193   96
5,0          3254 1581  165    2034  389   77    1220 1192   88
6,9          3254 1610  136    2147  301   52    1107 1309   84
5,9          3253 1582  165    2095  333   72    1158 1249   93
8,4          3244 1594  162    2050  375   75    1194 1219   87
2,5          3239 1570  191    2118  305   77    1121 1265  114
5,1          3236 1580  184    2059  371   70    1177 1209  114
5,5          3235 1615  150    2075  357   68    1160 1258   82
3,3          3234 1625  141    2005  437   58    1229 1188   83
9,3          3232 1605  163    2090  352   58    1142 1253  105
0,6          3225 1608  167    2085  353   62    1140 1255  105
4,9          3218 1613  169    2092  355   53    1126 1258  116
4,0          3207 1617  176    1953  478   69    1254 1139  107
8,9          3198 1639  163    2041  396   63    1157 1243  100
0,5          3196 1619  185    2089  346   65    1107 1273  120
6,0          3194 1644  162    2003  431   66    1191 1213   96
5,8          3192 1662  146    2105  342   53    1087 1320   93
2,0          3191 1675  134    2078  372   50    1113 1303   84
9,1          3186 1644  170    2060  371   69    1126 1273  101
0,8          3180 1627  193    2046  361   93    1134 1266  100
9,9          3180 1671  149    2064  365   71    1116 1306   78
1,1          3177 1657  166    2018  419   63    1159 1238  103
8,8          3174 1674  152    2140  312   48    1034 1362  104
6,8          3164 1657  179    2100  330   70    1064 1327  109
8,6          3163 1677  160    2101  336   63    1062 1341   97
2,7          3153 1681  166    2090  349   61    1063 1332  105
2,9          3130 1701  169    2010  417   73    1120 1284   96
7,2          3120 1741  139    2053  384   63    1067 1357   76
6,5          3102 1730  168    2098  339   63    1004 1391  105
3,5          3095 1721  184    1954  471   75    1141 1250  109
7,1          3068 1772  160    2025  407   68    1043 1365   92
6,4          3063 1779  158    2093  341   66     970 1438   92
0,3          3060 1782  158    2049  395   56    1011 1387  102
2,4          3030 1809  161    2068  365   67     962 1444   94
4,8          3021 1834  145    2082  368   50     939 1466   95
5,2          2985 1837  178    1994  437   69     991 1400  109
6,3          2980 1851  169    2054  380   66     926 1471  103
9,5          2970 1876  154    2131  315   54     839 1561  100
4,7          2945 1896  159    2086  354   60     859 1542   99
6,2          2932 1904  164    2089  346   65     843 1558   99
5,3          2915 1936  149    2092  343   65     823 1593   84
8,1          2834 1992  174    1994  442   64     840 1550  110
100


Team A Total Wins: 329397
Ties: 15925

50x50 vs 2k

Team A: 
Overall:           all             as Black          as White     
                W    L    T       W    L    T       W    L    T  
size: 100
1,9          3762 1084  154    2139  288   73    1623  796   81
3,7          3702 1160  138    2171  274   55    1531  886   83
5,4          3701 1153  146    2162  279   59    1539  874   87
1,6          3689 1185  126    2153  300   47    1536  885   79
4,1          3678 1183  139    2159  296   45    1519  887   94
2,6          3670 1185  145    2195  244   61    1475  941   84
4,2          3631 1216  153    2199  243   58    1432  973   95
8,3          3615 1238  147    2085  361   54    1530  877   93
7,8          3608 1255  137    2135  309   56    1473  946   81
2,3          3578 1251  171    2075  346   79    1503  905   92
0,4          3566 1275  159    2043  377   80    1523  898   79
0,9          3562 1288  150    2110  336   54    1452  952   96
3,9          3555 1300  145    2193  262   45    1362 1038  100
0,0          3548 1325  127    2058  392   50    1490  933   77
8,2          3531 1298  171    2148  291   61    1383 1007  110
4,4          3521 1324  155    2089  356   55    1432  968  100
6,6          3503 1353  144    2122  328   50    1381 1025   94
1,7          3502 1320  178    2057  379   64    1445  941  114
3,8          3498 1353  149    2199  254   47    1299 1099  102
1,8          3483 1370  147    2164  280   56    1319 1090   91
9,8          3483 1372  145    2110  320   70    1373 1052   75
2,8          3482 1402  116    2202  252   46    1280 1150   70
9,4          3472 1352  176    2059  369   72    1413  983  104
4,5          3467 1371  162    2134  306   60    1333 1065  102
1,0          3466 1385  149    2185  263   52    1281 1122   97
3,0          3466 1342  192    2171  272   57    1295 1070  135
0,1          3455 1406  139    2131  304   65    1324 1102   74
7,0          3439 1399  162    2042  385   73    1397 1014   89
9,2          3435 1386  179    2073  359   68    1362 1027  111
5,7          3427 1422  151    2157  290   53    1270 1132   98
6,7          3427 1411  162    2129  308   63    1298 1103   99
7,9          3427 1417  156    2066  360   74    1361 1057   82
4,0          3426 1418  156    2172  279   49    1254 1139  107
8,7          3425 1414  161    2126  308   66    1299 1106   95
7,6          3416 1434  150    2150  296   54    1266 1138   96
9,0          3413 1443  144    2116  330   54    1297 1113   90
1,2          3408 1431  161    2099  341   60    1309 1090  101
1,4          3406 1440  154    2096  342   62    1310 1098   92
3,4          3406 1418  176    2153  290   57    1253 1128  119
5,0          3389 1477  134    2169  285   46    1220 1192   88
3,2          3387 1469  144    2163  287   50    1224 1182   94
4,6          3386 1469  145    2134  299   67    1252 1170   78
2,1          3380 1467  153    2194  251   55    1186 1216   98
5,1          3374 1460  166    2197  251   52    1177 1209  114
3,1          3367 1495  138    2194  260   46    1173 1235   92
1,3          3363 1486  151    2068  365   67    1295 1121   84
9,7          3361 1477  162    2062  364   74    1299 1113   88
1,5          3354 1484  162    2102  339   59    1252 1145  103
7,7          3352 1515  133    2174  278   48    1178 1237   85
6,1          3347 1488  165    2158  280   62    1189 1208  103
3,6          3346 1490  164    2145  292   63    1201 1198  101
7,5          3343 1517  140    2100  348   52    1243 1169   88
3,3          3335 1514  151    2106  326   68    1229 1188   83
7,3          3335 1516  149    2149  294   57    1186 1222   92
2,2          3334 1525  141    2123  332   45    1211 1193   96
4,9          3325 1506  169    2199  248   53    1126 1258  116
2,0          3323 1544  133    2210  241   49    1113 1303   84
0,7          3318 1539  143    2046  387   67    1272 1152   76
7,4          3318 1533  149    2044  399   57    1274 1134   92
5,6          3317 1497  186    2089  331   80    1228 1166  106
1,1          3311 1527  162    2152  289   59    1159 1238  103
4,3          3308 1522  170    2110  321   69    1198 1201  101
0,2          3305 1523  172    2115  323   62    1190 1200  110
8,4          3303 1545  152    2109  326   65    1194 1219   87
0,6          3299 1547  154    2159  292   49    1140 1255  105
9,6          3283 1589  128    2107  346   47    1176 1243   81
6,0          3272 1583  145    2081  370   49    1191 1213   96
6,8          3264 1579  157    2200  252   48    1064 1327  109
5,8          3260 1596  144    2173  276   51    1087 1320   93
5,5          3252 1612  136    2092  354   54    1160 1258   82
8,5          3252 1578  170    2047  394   59    1205 1184  111
2,9          3251 1585  164    2131  301   68    1120 1284   96
2,5          3247 1568  185    2126  303   71    1121 1265  114
9,3          3247 1592  161    2105  339   56    1142 1253  105
8,0          3243 1598  159    2087  351   62    1156 1247   97
3,5          3238 1598  164    2097  348   55    1141 1250  109
8,9          3238 1589  173    2081  346   73    1157 1243  100
5,9          3213 1642  145    2055  393   52    1158 1249   93
2,7          3206 1633  161    2143  301   56    1063 1332  105
6,9          3204 1649  147    2097  340   63    1107 1309   84
0,5          3191 1623  186    2084  350   66    1107 1273  120
0,8          3184 1648  168    2050  382   68    1134 1266  100
9,9          3183 1671  146    2067  365   68    1116 1306   78
8,6          3179 1672  149    2117  331   52    1062 1341   97
4,8          3154 1705  141    2215  239   46     939 1466   95
5,2          3147 1689  164    2156  289   55     991 1400  109
8,8          3127 1706  167    2093  344   63    1034 1362  104
9,1          3119 1717  164    1993  444   63    1126 1273  101
0,3          3083 1763  154    2072  376   52    1011 1387  102
7,1          3071 1769  160    2028  404   68    1043 1365   92
7,2          3068 1791  141    2001  434   65    1067 1357   76
2,4          3055 1771  174    2093  327   80     962 1444   94
6,5          3036 1792  172    2032  401   67    1004 1391  105
6,4          3010 1835  155    2040  397   63     970 1438   92
6,3          3000 1826  174    2074  355   71     926 1471  103
4,7          2976 1850  174    2117  308   75     859 1542   99
6,2          2954 1896  150    2111  338   51     843 1558   99
9,5          2946 1883  171    2107  322   71     839 1561  100
5,3          2912 1940  148    2089  347   64     823 1593   84
8,1          2858 1965  177    2018  415   67     840 1550  110
100


Team A Total Wins: 334052
Ties: 15534

50x50 vs 3k

Team A: 
Overall:           all             as Black          as White     
                W    L    T       W    L    T       W    L    T  
size: 100
1,9          3727 1130  143    2104  334   62    1623  796   81
3,7          3687 1181  132    2156  295   49    1531  886   83
4,1          3660 1197  143    2141  310   49    1519  887   94
5,4          3642 1191  167    2103  317   80    1539  874   87
1,6          3641 1214  145    2105  329   66    1536  885   79
0,4          3625 1240  135    2102  342   56    1523  898   79
2,6          3616 1236  148    2141  295   64    1475  941   84
8,3          3595 1247  158    2065  370   65    1530  877   93
2,3          3593 1251  156    2090  346   64    1503  905   92
1,7          3587 1238  175    2142  297   61    1445  941  114
4,4          3587 1262  151    2155  294   51    1432  968  100
0,0          3568 1286  146    2078  353   69    1490  933   77
0,9          3561 1276  163    2109  324   67    1452  952   96
6,6          3526 1321  153    2145  296   59    1381 1025   94
9,4          3524 1301  175    2111  318   71    1413  983  104
3,9          3522 1318  160    2160  280   60    1362 1038  100
8,2          3506 1313  181    2123  306   71    1383 1007  110
9,2          3499 1319  182    2137  292   71    1362 1027  111
9,8          3499 1363  138    2126  311   63    1373 1052   75
7,8          3496 1348  156    2023  402   75    1473  946   81
4,2          3490 1341  169    2058  368   74    1432  973   95
1,3          3486 1382  132    2191  261   48    1295 1121   84
7,0          3486 1351  163    2089  337   74    1397 1014   89
4,5          3474 1356  170    2141  291   68    1333 1065  102
1,4          3465 1385  150    2155  287   58    1310 1098   92
1,2          3461 1378  161    2152  288   60    1309 1090  101
2,8          3461 1415  124    2181  265   54    1280 1150   70
0,1          3460 1408  132    2136  306   58    1324 1102   74
9,7          3450 1398  152    2151  285   64    1299 1113   88
3,8          3444 1392  164    2145  293   62    1299 1099  102
1,8          3442 1403  155    2123  313   64    1319 1090   91
7,9          3442 1412  146    2081  355   64    1361 1057   82
7,6          3423 1415  162    2157  277   66    1266 1138   96
3,0          3420 1375  205    2125  305   70    1295 1070  135
5,7          3417 1427  156    2147  295   58    1270 1132   98
4,6          3412 1453  135    2160  283   57    1252 1170   78
0,7          3409 1458  133    2137  306   57    1272 1152   76
9,0          3407 1450  143    2110  337   53    1297 1113   90
7,4          3403 1452  145    2129  318   53    1274 1134   92
1,0          3397 1437  166    2116  315   69    1281 1122   97
3,6          3387 1467  146    2186  269   45    1201 1198  101
3,4          3383 1446  171    2130  318   52    1253 1128  119
5,6          3374 1460  166    2146  294   60    1228 1166  106
2,2          3362 1476  162    2151  283   66    1211 1193   96
4,0          3360 1455  185    2106  316   78    1254 1139  107
5,0          3354 1494  152    2134  302   64    1220 1192   88
3,2          3342 1503  155    2118  321   61    1224 1182   94
6,1          3340 1496  164    2151  288   61    1189 1208  103
8,7          3336 1486  178    2037  380   83    1299 1106   95
5,9          3333 1515  152    2175  266   59    1158 1249   93
8,5          3331 1506  163    2126  322   52    1205 1184  111
1,5          3323 1508  169    2071  363   66    1252 1145  103
7,5          3320 1520  160    2077  351   72    1243 1169   88
8,4          3320 1522  158    2126  303   71    1194 1219   87
2,1          3318 1515  167    2132  299   69    1186 1216   98
5,5          3309 1560  131    2149  302   49    1160 1258   82
8,9          3309 1535  156    2152  292   56    1157 1243  100
3,1          3300 1540  160    2127  305   68    1173 1235   92
0,2          3299 1535  166    2109  335   56    1190 1200  110
9,6          3296 1559  145    2120  316   64    1176 1243   81
6,7          3294 1523  183    1996  420   84    1298 1103   99
0,8          3292 1553  155    2158  287   55    1134 1266  100
4,3          3285 1544  171    2087  343   70    1198 1201  101
6,0          3283 1556  161    2092  343   65    1191 1213   96
7,7          3283 1566  151    2105  329   66    1178 1237   85
9,1          3282 1558  160    2156  285   59    1126 1273  101
7,3          3281 1559  160    2095  337   68    1186 1222   92
3,5          3276 1550  174    2135  300   65    1141 1250  109
8,0          3268 1560  172    2112  313   75    1156 1247   97
0,6          3267 1573  160    2127  318   55    1140 1255  105
2,9          3242 1597  161    2122  313   65    1120 1284   96
2,5          3239 1587  174    2118  322   60    1121 1265  114
1,1          3238 1582  180    2079  344   77    1159 1238  103
9,3          3235 1589  176    2093  336   71    1142 1253  105
2,7          3234 1607  159    2171  275   54    1063 1332  105
3,3          3232 1596  172    2003  408   89    1229 1188   83
0,5          3218 1606  176    2111  333   56    1107 1273  120
4,9          3210 1612  178    2084  354   62    1126 1258  116
5,1          3202 1606  192    2025  397   78    1177 1209  114
0,3          3185 1654  161    2174  267   59    1011 1387  102
2,0          3185 1657  158    2072  354   74    1113 1303   84
5,8          3178 1666  156    2091  346   63    1087 1320   93
6,9          3175 1669  156    2068  360   72    1107 1309   84
8,6          3172 1669  159    2110  328   62    1062 1341   97
7,2          3164 1691  145    2097  334   69    1067 1357   76
8,8          3156 1690  154    2122  328   50    1034 1362  104
5,2          3135 1699  166    2144  299   57     991 1400  109
6,5          3129 1698  173    2125  307   68    1004 1391  105
7,1          3111 1731  158    2068  366   66    1043 1365   92
9,9          3110 1741  149    1994  435   71    1116 1306   78
6,8          3089 1735  176    2025  408   67    1064 1327  109
6,4          3088 1756  156    2118  318   64     970 1438   92
6,3          3085 1760  155    2159  289   52     926 1471  103
4,8          3077 1761  162    2138  295   67     939 1466   95
2,4          3059 1776  165    2097  332   71     962 1444   94
4,7          3023 1822  155    2164  280   56     859 1542   99
8,1          2981 1841  178    2141  291   68     840 1550  110
9,5          2952 1895  153    2113  334   53     839 1561  100
6,2          2937 1893  170    2094  335   71     843 1558   99
5,3          2914 1942  144    2091  349   60     823 1593   84
100


Team A Total Wins: 333972
Ties: 15940

50x50 vs 5k

Team A: 
Overall:           all             as Black          as White     
                W    L    T       W    L    T       W    L    T  
size: 100
1,9          3751 1110  139    2128  314   58    1623  796   81
3,7          3686 1186  128    2155  300   45    1531  886   83
1,6          3683 1182  135    2147  297   56    1536  885   79
4,1          3646 1208  146    2127  321   52    1519  887   94
7,8          3633 1232  135    2160  286   54    1473  946   81
0,4          3631 1228  141    2108  330   62    1523  898   79
8,3          3624 1216  160    2094  339   67    1530  877   93
2,3          3601 1244  155    2098  339   63    1503  905   92
0,0          3598 1259  143    2108  326   66    1490  933   77
1,7          3592 1241  167    2147  300   53    1445  941  114
5,4          3590 1256  154    2051  382   67    1539  874   87
2,6          3589 1266  145    2114  325   61    1475  941   84
9,4          3565 1269  166    2152  286   62    1413  983  104
4,4          3557 1300  143    2125  332   43    1432  968  100
4,2          3551 1294  155    2119  321   60    1432  973   95
8,2          3542 1306  152    2159  299   42    1383 1007  110
0,9          3532 1301  167    2080  349   71    1452  952   96
9,2          3506 1322  172    2144  295   61    1362 1027  111
3,9          3496 1343  161    2134  305   61    1362 1038  100
7,9          3496 1353  151    2135  296   69    1361 1057   82
4,5          3491 1342  167    2158  277   65    1333 1065  102
7,0          3483 1365  152    2086  351   63    1397 1014   89
6,6          3469 1354  177    2088  329   83    1381 1025   94
9,8          3462 1388  150    2089  336   75    1373 1052   75
3,0          3457 1353  190    2162  283   55    1295 1070  135
1,8          3435 1415  150    2116  325   59    1319 1090   91
4,0          3433 1416  151    2179  277   44    1254 1139  107
5,7          3431 1411  158    2161  279   60    1270 1132   98
0,1          3428 1430  142    2104  328   68    1324 1102   74
3,8          3426 1423  151    2127  324   49    1299 1099  102
1,0          3419 1416  165    2138  294   68    1281 1122   97
9,7          3416 1417  167    2117  304   79    1299 1113   88
1,2          3413 1406  181    2104  316   80    1309 1090  101
5,0          3401 1463  136    2181  271   48    1220 1192   88
1,3          3398 1461  141    2103  340   57    1295 1121   84
1,5          3396 1439  165    2144  294   62    1252 1145  103
7,4          3396 1451  153    2122  317   61    1274 1134   92
6,7          3395 1433  172    2097  330   73    1298 1103   99
1,4          3394 1455  151    2084  357   59    1310 1098   92
2,8          3391 1480  129    2111  330   59    1280 1150   70
3,2          3391 1460  149    2167  278   55    1224 1182   94
7,6          3390 1439  171    2124  301   75    1266 1138   96
9,0          3385 1449  166    2088  336   76    1297 1113   90
0,7          3382 1452  166    2110  300   90    1272 1152   76
4,6          3370 1479  151    2118  309   73    1252 1170   78
8,7          3357 1475  168    2058  369   73    1299 1106   95
9,6          3355 1509  136    2179  266   55    1176 1243   81
5,1          3349 1480  171    2172  271   57    1177 1209  114
6,0          3345 1502  153    2154  289   57    1191 1213   96
3,3          3339 1512  149    2110  324   66    1229 1188   83
5,6          3338 1496  166    2110  330   60    1228 1166  106
5,5          3333 1527  140    2173  269   58    1160 1258   82
2,2          3321 1510  169    2110  317   73    1211 1193   96
3,6          3321 1518  161    2120  320   60    1201 1198  101
8,9          3321 1519  160    2164  276   60    1157 1243  100
4,3          3320 1508  172    2122  307   71    1198 1201  101
2,1          3316 1528  156    2130  312   58    1186 1216   98
0,8          3313 1533  154    2179  267   54    1134 1266  100
3,4          3308 1489  203    2055  361   84    1253 1128  119
8,5          3306 1521  173    2101  337   62    1205 1184  111
7,5          3301 1551  148    2058  382   60    1243 1169   88
7,7          3298 1535  167    2120  298   82    1178 1237   85
0,2          3295 1534  171    2105  334   61    1190 1200  110
8,0          3286 1546  168    2130  299   71    1156 1247   97
6,1          3285 1554  161    2096  346   58    1189 1208  103
5,9          3276 1575  149    2118  326   56    1158 1249   93
3,1          3273 1558  169    2100  323   77    1173 1235   92
1,1          3262 1576  162    2103  338   59    1159 1238  103
2,5          3256 1574  170    2135  309   56    1121 1265  114
2,9          3255 1593  152    2135  309   56    1120 1284   96
4,9          3249 1575  176    2123  317   60    1126 1258  116
8,4          3241 1609  150    2047  390   63    1194 1219   87
9,3          3240 1586  174    2098  333   69    1142 1253  105
9,9          3238 1625  137    2122  319   59    1116 1306   78
3,5          3237 1593  170    2096  343   61    1141 1250  109
6,9          3236 1623  141    2129  314   57    1107 1309   84
5,8          3231 1609  160    2144  289   67    1087 1320   93
7,3          3230 1598  172    2044  376   80    1186 1222   92
0,6          3220 1609  171    2080  354   66    1140 1255  105
9,1          3220 1610  170    2094  337   69    1126 1273  101
2,0          3219 1626  155    2106  323   71    1113 1303   84
0,5          3207 1601  192    2100  328   72    1107 1273  120
2,7          3180 1637  183    2117  305   78    1063 1332  105
7,2          3177 1687  136    2110  330   60    1067 1357   76
8,6          3174 1663  163    2112  322   66    1062 1341   97
8,8          3173 1655  172    2139  293   68    1034 1362  104
6,8          3168 1657  175    2104  330   66    1064 1327  109
0,3          3160 1669  171    2149  282   69    1011 1387  102
7,1          3147 1699  154    2104  334   62    1043 1365   92
5,2          3123 1708  169    2132  308   60     991 1400  109
2,4          3113 1730  157    2151  286   63     962 1444   94
6,4          3094 1746  160    2124  308   68     970 1438   92
6,5          3079 1745  176    2075  354   71    1004 1391  105
4,8          3073 1776  151    2134  310   56     939 1466   95
6,3          3022 1809  169    2096  338   66     926 1471  103
4,7          2996 1842  162    2137  300   63     859 1542   99
8,1          2954 1871  175    2114  321   65     840 1550  110
6,2          2952 1887  161    2109  329   62     843 1558   99
5,3          2927 1922  151    2104  329   67     823 1593   84
9,5          2901 1929  170    2062  368   70     839 1561  100
100


Team A Total Wins: 334231
Ties: 15937

50x50 vs 6k

Team A: 
Overall:           all             as Black          as White     
                W    L    T       W    L    T       W    L    T  
size: 100
1,9          3786 1074  140    2163  278   59    1623  796   81
1,6          3705 1154  141    2169  269   62    1536  885   79
4,1          3701 1143  156    2182  256   62    1519  887   94
5,4          3694 1162  144    2155  288   57    1539  874   87
8,3          3658 1189  153    2128  312   60    1530  877   93
0,4          3654 1203  143    2131  305   64    1523  898   79
2,3          3639 1205  156    2136  300   64    1503  905   92
2,6          3625 1220  155    2150  279   71    1475  941   84
0,9          3608 1232  160    2156  280   64    1452  952   96
3,7          3596 1256  148    2065  370   65    1531  886   83
4,2          3592 1259  149    2160  286   54    1432  973   95
7,8          3592 1264  144    2119  318   63    1473  946   81
0,0          3591 1254  155    2101  321   78    1490  933   77
4,4          3585 1260  155    2153  292   55    1432  968  100
1,7          3561 1259  180    2116  318   66    1445  941  114
7,0          3559 1306  135    2162  292   46    1397 1014   89
3,9          3523 1312  165    2161  274   65    1362 1038  100
9,4          3522 1313  165    2109  330   61    1413  983  104
7,9          3514 1351  135    2153  294   53    1361 1057   82
1,4          3512 1349  139    2202  251   47    1310 1098   92
9,8          3508 1364  128    2135  312   53    1373 1052   75
8,2          3496 1317  187    2113  310   77    1383 1007  110
1,2          3495 1347  158    2186  257   57    1309 1090  101
6,6          3493 1350  157    2112  325   63    1381 1025   94
4,5          3491 1350  159    2158  285   57    1333 1065  102
9,2          3472 1347  181    2110  320   70    1362 1027  111
8,7          3459 1390  151    2160  284   56    1299 1106   95
0,1          3456 1411  133    2132  309   59    1324 1102   74
4,0          3449 1399  152    2195  260   45    1254 1139  107
6,7          3449 1398  153    2151  295   54    1298 1103   99
3,8          3445 1402  153    2146  303   51    1299 1099  102
1,5          3443 1404  153    2191  259   50    1252 1145  103
1,3          3441 1418  141    2146  297   57    1295 1121   84
2,8          3439 1407  154    2159  257   84    1280 1150   70
1,8          3437 1408  155    2118  318   64    1319 1090   91
9,0          3417 1439  144    2120  326   54    1297 1113   90
9,7          3413 1437  150    2114  324   62    1299 1113   88
3,0          3402 1386  212    2107  316   77    1295 1070  135
3,2          3400 1447  153    2176  265   59    1224 1182   94
1,0          3389 1451  160    2108  329   63    1281 1122   97
5,7          3385 1442  173    2115  310   75    1270 1132   98
6,1          3384 1470  146    2195  262   43    1189 1208  103
3,4          3383 1437  180    2130  309   61    1253 1128  119
0,7          3369 1484  147    2097  332   71    1272 1152   76
6,0          3368 1489  143    2177  276   47    1191 1213   96
7,4          3366 1475  159    2092  341   67    1274 1134   92
5,0          3365 1480  155    2145  288   67    1220 1192   88
3,3          3360 1490  150    2131  302   67    1229 1188   83
7,5          3359 1479  162    2116  310   74    1243 1169   88
4,6          3357 1501  142    2105  331   64    1252 1170   78
5,5          3354 1516  130    2194  258   48    1160 1258   82
2,1          3351 1476  173    2165  260   75    1186 1216   98
7,3          3345 1497  158    2159  275   66    1186 1222   92
0,2          3344 1472  184    2154  272   74    1190 1200  110
8,4          3341 1512  147    2147  293   60    1194 1219   87
3,1          3340 1517  143    2167  282   51    1173 1235   92
4,3          3339 1497  164    2141  296   63    1198 1201  101
3,6          3331 1507  162    2130  309   61    1201 1198  101
8,5          3331 1499  170    2126  315   59    1205 1184  111
5,6          3325 1502  173    2097  336   67    1228 1166  106
7,6          3320 1510  170    2054  372   74    1266 1138   96
3,5          3317 1508  175    2176  258   66    1141 1250  109
8,9          3314 1516  170    2157  273   70    1157 1243  100
5,9          3310 1532  158    2152  283   65    1158 1249   93
4,9          3309 1522  169    2183  264   53    1126 1258  116
9,6          3308 1553  139    2132  310   58    1176 1243   81
2,2          3306 1528  166    2095  335   70    1211 1193   96
2,5          3300 1523  177    2179  258   63    1121 1265  114
0,8          3291 1551  158    2157  285   58    1134 1266  100
1,1          3289 1545  166    2130  307   63    1159 1238  103
7,7          3286 1558  156    2108  321   71    1178 1237   85
8,0          3281 1565  154    2125  318   57    1156 1247   97
9,3          3278 1558  164    2136  305   59    1142 1253  105
0,6          3273 1562  165    2133  307   60    1140 1255  105
2,9          3271 1571  158    2151  287   62    1120 1284   96
5,1          3270 1547  183    2093  338   69    1177 1209  114
6,9          3257 1597  146    2150  288   62    1107 1309   84
9,9          3257 1600  143    2141  294   65    1116 1306   78
9,1          3249 1596  155    2123  323   54    1126 1273  101
0,5          3238 1580  182    2131  307   62    1107 1273  120
8,6          3234 1608  158    2172  267   61    1062 1341   97
2,0          3220 1633  147    2107  330   63    1113 1303   84
2,7          3217 1615  168    2154  283   63    1063 1332  105
7,1          3204 1639  157    2161  274   65    1043 1365   92
6,8          3196 1637  167    2132  310   58    1064 1327  109
7,2          3191 1673  136    2124  316   60    1067 1357   76
5,8          3186 1657  157    2099  337   64    1087 1320   93
8,8          3185 1652  163    2151  290   59    1034 1362  104
0,3          3144 1694  162    2133  307   60    1011 1387  102
6,3          3127 1713  160    2201  242   57     926 1471  103
5,2          3121 1697  182    2130  297   73     991 1400  109
6,4          3111 1738  151    2141  300   59     970 1438   92
6,5          3104 1717  179    2100  326   74    1004 1391  105
2,4          3093 1739  168    2131  295   74     962 1444   94
4,8          3082 1767  151    2143  301   56     939 1466   95
8,1          3018 1806  176    2178  256   66     840 1550  110
6,2          3006 1840  154    2163  282   55     843 1558   99
5,3          2981 1871  148    2158  278   64     823 1593   84
4,7          2969 1871  160    2110  329   61     859 1542   99
9,5          2950 1893  157    2111  332   57     839 1561  100
100


Team A Total Wins: 336371
Ties: 15768

50x50 vs 7k

Team A: 
Overall:           all             as Black          as White     
                W    L    T       W    L    T       W    L    T  
size: 100
4,1          3728 1134  138    2209  247   44    1519  887   94
1,6          3712 1163  125    2176  278   46    1536  885   79
5,4          3709 1146  145    2170  272   58    1539  874   87
1,9          3692 1143  165    2069  347   84    1623  796   81
0,4          3681 1180  139    2158  282   60    1523  898   79
3,7          3668 1173  159    2137  287   76    1531  886   83
8,3          3659 1194  147    2129  317   54    1530  877   93
2,3          3654 1195  151    2151  290   59    1503  905   92
2,6          3651 1195  154    2176  254   70    1475  941   84
7,8          3637 1222  141    2164  276   60    1473  946   81
1,7          3614 1215  171    2169  274   57    1445  941  114
4,2          3599 1246  155    2167  273   60    1432  973   95
4,4          3578 1260  162    2146  292   62    1432  968  100
0,0          3575 1279  146    2085  346   69    1490  933   77
9,4          3575 1260  165    2162  277   61    1413  983  104
0,9          3568 1281  151    2116  329   55    1452  952   96
6,6          3548 1294  158    2167  269   64    1381 1025   94
7,9          3547 1321  132    2186  264   50    1361 1057   82
3,9          3540 1302  158    2178  264   58    1362 1038  100
8,2          3529 1297  174    2146  290   64    1383 1007  110
7,0          3525 1311  164    2128  297   75    1397 1014   89
9,8          3518 1346  136    2145  294   61    1373 1052   75
4,5          3516 1335  149    2183  270   47    1333 1065  102
9,2          3510 1316  174    2148  289   63    1362 1027  111
1,2          3499 1353  148    2190  263   47    1309 1090  101
0,1          3471 1380  149    2147  278   75    1324 1102   74
6,7          3465 1365  170    2167  262   71    1298 1103   99
1,4          3461 1392  147    2151  294   55    1310 1098   92
1,8          3460 1401  139    2141  311   48    1319 1090   91
8,7          3458 1378  164    2159  272   69    1299 1106   95
1,3          3450 1417  133    2155  296   49    1295 1121   84
4,0          3442 1395  163    2188  256   56    1254 1139  107
9,0          3442 1407  151    2145  294   61    1297 1113   90
9,7          3442 1406  152    2143  293   64    1299 1113   88
3,4          3441 1376  183    2188  248   64    1253 1128  119
0,7          3438 1433  129    2166  281   53    1272 1152   76
1,0          3438 1394  168    2157  272   71    1281 1122   97
3,0          3432 1370  198    2137  300   63    1295 1070  135
3,3          3427 1443  130    2198  255   47    1229 1188   83
1,5          3420 1411  169    2168  266   66    1252 1145  103
7,4          3415 1427  158    2141  293   66    1274 1134   92
7,6          3415 1416  169    2149  278   73    1266 1138   96
5,7          3410 1432  158    2140  300   60    1270 1132   98
7,5          3403 1447  150    2160  278   62    1243 1169   88
2,8          3391 1472  137    2111  322   67    1280 1150   70
5,6          3390 1445  165    2162  279   59    1228 1166  106
3,8          3388 1441  171    2089  342   69    1299 1099  102
6,0          3383 1470  147    2192  257   51    1191 1213   96
8,4          3375 1477  148    2181  258   61    1194 1219   87
5,0          3368 1481  151    2148  289   63    1220 1192   88
4,3          3367 1472  161    2169  271   60    1198 1201  101
8,5          3366 1456  178    2161  272   67    1205 1184  111
5,5          3364 1499  137    2204  241   55    1160 1258   82
7,7          3361 1500  139    2183  263   54    1178 1237   85
3,2          3360 1484  156    2136  302   62    1224 1182   94
3,6          3357 1491  152    2156  293   51    1201 1198  101
0,2          3356 1490  154    2166  290   44    1190 1200  110
3,1          3352 1496  152    2179  261   60    1173 1235   92
2,2          3346 1496  158    2135  303   62    1211 1193   96
4,6          3339 1501  160    2087  331   82    1252 1170   78
2,1          3333 1514  153    2147  298   55    1186 1216   98
0,6          3323 1506  171    2183  251   66    1140 1255  105
6,1          3323 1497  180    2134  289   77    1189 1208  103
9,6          3320 1543  137    2144  300   56    1176 1243   81
7,3          3319 1531  150    2133  309   58    1186 1222   92
5,9          3317 1530  153    2159  281   60    1158 1249   93
1,1          3311 1519  170    2152  281   67    1159 1238  103
5,1          3310 1509  181    2133  300   67    1177 1209  114
4,9          3299 1519  182    2173  261   66    1126 1258  116
2,5          3294 1527  179    2173  262   65    1121 1265  114
6,9          3285 1568  147    2178  259   63    1107 1309   84
9,3          3284 1548  168    2142  295   63    1142 1253  105
0,5          3275 1539  186    2168  266   66    1107 1273  120
8,9          3275 1552  173    2118  309   73    1157 1243  100
8,0          3274 1565  161    2118  318   64    1156 1247   97
0,8          3273 1561  166    2139  295   66    1134 1266  100
2,0          3267 1593  140    2154  290   56    1113 1303   84
3,5          3265 1563  172    2124  313   63    1141 1250  109
9,1          3262 1571  167    2136  298   66    1126 1273  101
5,8          3244 1602  154    2157  282   61    1087 1320   93
9,9          3241 1608  151    2125  302   73    1116 1306   78
7,2          3219 1637  144    2152  280   68    1067 1357   76
8,6          3204 1628  168    2142  287   71    1062 1341   97
2,9          3203 1629  168    2083  345   72    1120 1284   96
6,8          3203 1630  167    2139  303   58    1064 1327  109
2,7          3201 1636  163    2138  304   58    1063 1332  105
8,8          3174 1655  171    2140  293   67    1034 1362  104
0,3          3167 1667  166    2156  280   64    1011 1387  102
7,1          3160 1682  158    2117  317   66    1043 1365   92
6,5          3147 1685  168    2143  294   63    1004 1391  105
5,2          3132 1694  174    2141  294   65     991 1400  109
6,4          3129 1721  150    2159  283   58     970 1438   92
2,4          3127 1716  157    2165  272   63     962 1444   94
6,3          3114 1725  161    2188  254   58     926 1471  103
4,8          3038 1796  166    2099  330   71     939 1466   95
8,1          3006 1821  173    2166  271   63     840 1550  110
9,5          2996 1841  163    2157  280   63     839 1561  100
4,7          2984 1853  163    2125  311   64     859 1542   99
5,3          2972 1896  132    2149  303   48     823 1593   84
6,2          2969 1864  167    2126  306   68     843 1558   99
100


Team A Total Wins: 337464
Ties: 15773

50x50 vs 8k

Team A: 
Overall:           all             as Black          as White     
                W    L    T       W    L    T       W    L    T  
size: 100
1,9          3760 1092  148    2137  296   67    1623  796   81
5,4          3669 1178  153    2130  304   66    1539  874   87
1,6          3656 1211  133    2120  326   54    1536  885   79
4,1          3648 1192  160    2129  305   66    1519  887   94
0,4          3635 1224  141    2112  326   62    1523  898   79
2,3          3634 1205  161    2131  300   69    1503  905   92
0,0          3621 1244  135    2131  311   58    1490  933   77
3,7          3602 1234  164    2071  348   81    1531  886   83
8,3          3600 1208  192    2070  331   99    1530  877   93
2,6          3580 1266  154    2105  325   70    1475  941   84
4,2          3569 1271  160    2137  298   65    1432  973   95
4,4          3565 1262  173    2133  294   73    1432  968  100
7,8          3561 1292  147    2088  346   66    1473  946   81
1,7          3545 1262  193    2100  321   79    1445  941  114
0,9          3543 1285  172    2091  333   76    1452  952   96
9,2          3518 1305  177    2156  278   66    1362 1027  111
6,6          3516 1317  167    2135  292   73    1381 1025   94
9,4          3509 1310  181    2096  327   77    1413  983  104
7,0          3503 1349  148    2106  335   59    1397 1014   89
9,8          3478 1377  145    2105  325   70    1373 1052   75
8,2          3474 1333  193    2091  326   83    1383 1007  110
7,9          3472 1381  147    2111  324   65    1361 1057   82
1,2          3458 1375  167    2149  285   66    1309 1090  101
1,3          3455 1389  156    2160  268   72    1295 1121   84
3,9          3449 1379  172    2087  341   72    1362 1038  100
4,5          3447 1385  168    2114  320   66    1333 1065  102
9,0          3446 1401  153    2149  288   63    1297 1113   90
0,1          3441 1405  154    2117  303   80    1324 1102   74
8,7          3441 1389  170    2142  283   75    1299 1106   95
1,8          3437 1407  156    2118  317   65    1319 1090   91
1,0          3435 1412  153    2154  290   56    1281 1122   97
6,7          3433 1387  180    2135  284   81    1298 1103   99
1,4          3424 1410  166    2114  312   74    1310 1098   92
3,0          3424 1376  200    2129  306   65    1295 1070  135
3,8          3413 1420  167    2114  321   65    1299 1099  102
0,7          3410 1446  144    2138  294   68    1272 1152   76
2,8          3400 1467  133    2120  317   63    1280 1150   70
7,4          3395 1442  163    2121  308   71    1274 1134   92
5,7          3390 1443  167    2120  311   69    1270 1132   98
9,7          3385 1449  166    2086  336   78    1299 1113   88
7,6          3379 1448  173    2113  310   77    1266 1138   96
5,6          3377 1458  165    2149  292   59    1228 1166  106
3,4          3371 1437  192    2118  309   73    1253 1128  119
7,5          3357 1486  157    2114  317   69    1243 1169   88
1,5          3345 1478  177    2093  333   74    1252 1145  103
4,6          3338 1528  134    2086  358   56    1252 1170   78
2,2          3337 1501  162    2126  308   66    1211 1193   96
8,4          3332 1499  169    2138  280   82    1194 1219   87
6,1          3331 1509  160    2142  301   57    1189 1208  103
3,3          3329 1516  155    2100  328   72    1229 1188   83
5,0          3324 1511  165    2104  319   77    1220 1192   88
8,5          3318 1499  183    2113  315   72    1205 1184  111
0,2          3316 1508  176    2126  308   66    1190 1200  110
2,1          3316 1511  173    2130  295   75    1186 1216   98
4,3          3306 1514  180    2108  313   79    1198 1201  101
3,2          3303 1530  167    2079  348   73    1224 1182   94
4,0          3298 1523  179    2044  384   72    1254 1139  107
3,1          3292 1542  166    2119  307   74    1173 1235   92
9,6          3292 1560  148    2116  317   67    1176 1243   81
3,6          3291 1534  175    2090  336   74    1201 1198  101
7,3          3291 1554  155    2105  332   63    1186 1222   92
7,7          3291 1554  155    2113  317   70    1178 1237   85
5,1          3290 1528  182    2113  319   68    1177 1209  114
1,1          3287 1546  167    2128  308   64    1159 1238  103
0,6          3282 1552  166    2142  297   61    1140 1255  105
6,0          3268 1571  161    2077  358   65    1191 1213   96
9,3          3267 1547  186    2125  294   81    1142 1253  105
3,5          3266 1560  174    2125  310   65    1141 1250  109
9,1          3263 1574  163    2137  301   62    1126 1273  101
5,9          3260 1566  174    2102  317   81    1158 1249   93
8,9          3253 1582  165    2096  339   65    1157 1243  100
0,8          3252 1591  157    2118  325   57    1134 1266  100
8,0          3248 1591  161    2092  344   64    1156 1247   97
9,9          3233 1614  153    2117  308   75    1116 1306   78
0,5          3230 1577  193    2123  304   73    1107 1273  120
2,5          3225 1590  185    2104  325   71    1121 1265  114
4,9          3222 1604  174    2096  346   58    1126 1258  116
6,9          3222 1624  154    2115  315   70    1107 1309   84
2,0          3214 1634  152    2101  331   68    1113 1303   84
2,9          3204 1630  166    2084  346   70    1120 1284   96
5,8          3204 1637  159    2117  317   66    1087 1320   93
6,8          3199 1622  179    2135  295   70    1064 1327  109
5,5          3187 1662  151    2027  404   69    1160 1258   82
2,7          3185 1635  180    2122  303   75    1063 1332  105
7,2          3185 1667  148    2118  310   72    1067 1357   76
8,6          3174 1650  176    2112  309   79    1062 1341   97
7,1          3171 1678  151    2128  313   59    1043 1365   92
6,5          3153 1665  182    2149  274   77    1004 1391  105
8,8          3146 1690  164    2112  328   60    1034 1362  104
0,3          3121 1706  173    2110  319   71    1011 1387  102
2,4          3102 1736  162    2140  292   68     962 1444   94
5,2          3099 1703  198    2108  303   89     991 1400  109
6,4          3080 1756  164    2110  318   72     970 1438   92
6,3          3053 1776  171    2127  305   68     926 1471  103
4,8          3040 1806  154    2101  340   59     939 1466   95
4,7          2994 1841  165    2135  299   66     859 1542   99
6,2          2966 1865  169    2123  307   70     843 1558   99
9,5          2961 1874  165    2122  313   65     839 1561  100
5,3          2951 1901  148    2128  308   64     823 1593   84
8,1          2937 1878  185    2097  328   75     840 1550  110
100


Team A Total Wins: 333869
Ties: 16522

50x50 vs 9k

Team A: 
Overall:           all             as Black          as White     
                W    L    T       W    L    T       W    L    T  
size: 100
1,9          3755 1097  148    2132  301   67    1623  796   81
2,3          3700 1150  150    2197  245   58    1503  905   92
8,3          3685 1152  163    2155  275   70    1530  877   93
1,6          3672 1180  148    2136  295   69    1536  885   79
5,4          3671 1175  154    2132  301   67    1539  874   87
0,4          3669 1182  149    2146  284   70    1523  898   79
4,1          3664 1179  157    2145  292   63    1519  887   94
0,0          3662 1197  141    2172  264   64    1490  933   77
3,7          3633 1208  159    2102  322   76    1531  886   83
7,8          3606 1244  150    2133  298   69    1473  946   81
4,2          3587 1264  149    2155  291   54    1432  973   95
2,6          3580 1279  141    2105  338   57    1475  941   84
0,9          3551 1271  178    2099  319   82    1452  952   96
3,9          3550 1285  165    2188  247   65    1362 1038  100
7,0          3545 1301  154    2148  287   65    1397 1014   89
7,9          3545 1302  153    2184  245   71    1361 1057   82
9,4          3541 1289  170    2128  306   66    1413  983  104
4,4          3540 1284  176    2108  316   76    1432  968  100
8,2          3528 1298  174    2145  291   64    1383 1007  110
9,2          3528 1297  175    2166  270   64    1362 1027  111
1,7          3516 1286  198    2071  345   84    1445  941  114
9,8          3489 1372  139    2116  320   64    1373 1052   75
8,7          3487 1361  152    2188  255   57    1299 1106   95
0,1          3477 1381  142    2153  279   68    1324 1102   74
6,6          3475 1354  171    2094  329   77    1381 1025   94
1,4          3459 1384  157    2149  286   65    1310 1098   92
3,0          3455 1349  196    2160  279   61    1295 1070  135
1,3          3454 1397  149    2159  276   65    1295 1121   84
1,2          3452 1380  168    2143  290   67    1309 1090  101
3,8          3438 1385  177    2139  286   75    1299 1099  102
4,5          3436 1394  170    2103  329   68    1333 1065  102
1,8          3424 1408  168    2105  318   77    1319 1090   91
7,5          3414 1442  144    2171  273   56    1243 1169   88
1,5          3413 1420  167    2161  275   64    1252 1145  103
1,0          3411 1429  160    2130  307   63    1281 1122   97
7,4          3408 1437  155    2134  303   63    1274 1134   92
3,2          3405 1443  152    2181  261   58    1224 1182   94
7,6          3404 1438  158    2138  300   62    1266 1138   96
9,0          3404 1427  169    2107  314   79    1297 1113   90
2,8          3402 1454  144    2122  304   74    1280 1150   70
3,4          3385 1410  205    2132  282   86    1253 1128  119
5,0          3385 1459  156    2165  267   68    1220 1192   88
0,7          3384 1482  134    2112  330   58    1272 1152   76
5,7          3382 1439  179    2112  307   81    1270 1132   98
9,7          3382 1455  163    2083  342   75    1299 1113   88
3,3          3377 1472  151    2148  284   68    1229 1188   83
4,6          3377 1491  132    2125  321   54    1252 1170   78
6,7          3375 1443  182    2077  340   83    1298 1103   99
8,4          3367 1471  162    2173  252   75    1194 1219   87
4,0          3364 1453  183    2110  314   76    1254 1139  107
2,2          3363 1469  168    2152  276   72    1211 1193   96
4,3          3358 1483  159    2160  282   58    1198 1201  101
8,5          3352 1470  178    2147  286   67    1205 1184  111
3,6          3345 1484  171    2144  286   70    1201 1198  101
6,0          3340 1493  167    2149  280   71    1191 1213   96
5,1          3339 1495  166    2162  286   52    1177 1209  114
7,3          3337 1492  171    2151  270   79    1186 1222   92
6,1          3332 1489  179    2143  281   76    1189 1208  103
0,2          3321 1501  178    2131  301   68    1190 1200  110
1,1          3318 1515  167    2159  277   64    1159 1238  103
5,9          3318 1522  160    2160  273   67    1158 1249   93
8,0          3314 1518  168    2158  271   71    1156 1247   97
3,1          3311 1525  164    2138  290   72    1173 1235   92
2,1          3309 1520  171    2123  304   73    1186 1216   98
2,9          3308 1534  158    2188  250   62    1120 1284   96
7,7          3308 1527  165    2130  290   80    1178 1237   85
8,9          3308 1525  167    2151  282   67    1157 1243  100
9,1          3308 1537  155    2182  264   54    1126 1273  101
5,6          3301 1522  177    2073  356   71    1228 1166  106
9,3          3296 1525  179    2154  272   74    1142 1253  105
0,6          3284 1553  163    2144  298   58    1140 1255  105
3,5          3280 1546  174    2139  296   65    1141 1250  109
9,9          3271 1599  130    2155  293   52    1116 1306   78
6,9          3266 1575  159    2159  266   75    1107 1309   84
5,5          3265 1594  141    2105  336   59    1160 1258   82
2,5          3264 1553  183    2143  288   69    1121 1265  114
2,0          3247 1593  160    2134  290   76    1113 1303   84
0,8          3245 1573  182    2111  307   82    1134 1266  100
9,6          3245 1594  161    2069  351   80    1176 1243   81
4,9          3241 1570  189    2115  312   73    1126 1258  116
0,5          3240 1571  189    2133  298   69    1107 1273  120
6,8          3213 1615  172    2149  288   63    1064 1327  109
2,7          3207 1632  161    2144  300   56    1063 1332  105
7,2          3207 1654  139    2140  297   63    1067 1357   76
8,8          3205 1644  151    2171  282   47    1034 1362  104
6,5          3191 1645  164    2187  254   59    1004 1391  105
8,6          3190 1656  154    2128  315   57    1062 1341   97
5,8          3188 1635  177    2101  315   84    1087 1320   93
7,1          3177 1662  161    2134  297   69    1043 1365   92
0,3          3143 1679  178    2132  292   76    1011 1387  102
2,4          3117 1718  165    2155  274   71     962 1444   94
5,2          3115 1701  184    2124  301   75     991 1400  109
6,3          3103 1725  172    2177  254   69     926 1471  103
6,4          3100 1727  173    2130  289   81     970 1438   92
4,8          3055 1777  168    2116  311   73     939 1466   95
9,5          3005 1842  153    2166  281   53     839 1561  100
8,1          2994 1827  179    2154  277   69     840 1550  110
5,3          2988 1863  149    2165  270   65     823 1593   84
6,2          2985 1851  164    2142  293   65     843 1558   99
4,7          2968 1866  166    2109  324   67     859 1542   99
100


Team A Total Wins: 336298
Ties: 16366

50x50 vs 10k

Team A: 
Overall:           all             as Black          as White     
                W    L    T       W    L    T       W    L    T  
size: 100
1,9          3746 1113  141    2123  317   60    1623  796   81
3,7          3697 1161  142    2166  275   59    1531  886   83
1,6          3678 1178  144    2142  293   65    1536  885   79
7,8          3654 1200  146    2181  254   65    1473  946   81
8,3          3645 1180  175    2115  303   82    1530  877   93
4,1          3644 1179  177    2125  292   83    1519  887   94
5,4          3644 1198  158    2105  324   71    1539  874   87
2,6          3628 1237  135    2153  296   51    1475  941   84
0,4          3622 1227  151    2099  329   72    1523  898   79
2,3          3613 1219  168    2110  314   76    1503  905   92
0,9          3607 1233  160    2155  281   64    1452  952   96
0,0          3599 1261  140    2109  328   63    1490  933   77
1,7          3597 1228  175    2152  287   61    1445  941  114
7,0          3591 1259  150    2194  245   61    1397 1014   89
4,4          3571 1271  158    2139  303   58    1432  968  100
9,4          3567 1266  167    2154  283   63    1413  983  104
9,8          3552 1320  128    2179  268   53    1373 1052   75
3,9          3542 1304  154    2180  266   54    1362 1038  100
4,2          3535 1300  165    2103  327   70    1432  973   95
6,6          3533 1318  149    2152  293   55    1381 1025   94
7,9          3508 1350  142    2147  293   60    1361 1057   82
8,2          3507 1323  170    2124  316   60    1383 1007  110
4,5          3474 1363  163    2141  298   61    1333 1065  102
1,8          3468 1378  154    2149  288   63    1319 1090   91
9,2          3468 1371  161    2106  344   50    1362 1027  111
9,0          3455 1391  154    2158  278   64    1297 1113   90
1,2          3449 1376  175    2140  286   74    1309 1090  101
6,7          3446 1386  168    2148  283   69    1298 1103   99
0,1          3445 1413  142    2121  311   68    1324 1102   74
9,7          3438 1402  160    2139  289   72    1299 1113   88
1,3          3433 1420  147    2138  299   63    1295 1121   84
8,7          3429 1410  161    2130  304   66    1299 1106   95
3,0          3426 1363  211    2131  293   76    1295 1070  135
2,8          3421 1446  133    2141  296   63    1280 1150   70
1,4          3418 1416  166    2108  318   74    1310 1098   92
1,0          3417 1417  166    2136  295   69    1281 1122   97
4,6          3417 1427  156    2165  257   78    1252 1170   78
3,8          3416 1412  172    2117  313   70    1299 1099  102
0,7          3401 1465  134    2129  313   58    1272 1152   76
5,6          3399 1442  159    2171  276   53    1228 1166  106
5,7          3398 1433  169    2128  301   71    1270 1132   98
4,0          3395 1429  176    2141  290   69    1254 1139  107
1,5          3390 1443  167    2138  298   64    1252 1145  103
7,4          3389 1431  180    2115  297   88    1274 1134   92
7,6          3386 1456  158    2120  318   62    1266 1138   96
2,2          3363 1476  161    2152  283   65    1211 1193   96
3,3          3363 1483  154    2134  295   71    1229 1188   83
7,5          3358 1477  165    2115  308   77    1243 1169   88
3,4          3357 1453  190    2104  325   71    1253 1128  119
7,7          3355 1496  149    2177  259   64    1178 1237   85
8,5          3355 1467  178    2150  283   67    1205 1184  111
5,0          3353 1487  160    2133  295   72    1220 1192   88
9,6          3342 1522  136    2166  279   55    1176 1243   81
3,6          3334 1489  177    2133  291   76    1201 1198  101
3,2          3332 1497  171    2108  315   77    1224 1182   94
4,3          3332 1489  179    2134  288   78    1198 1201  101
6,0          3331 1518  151    2140  305   55    1191 1213   96
8,4          3325 1522  153    2131  303   66    1194 1219   87
6,1          3319 1503  178    2130  295   75    1189 1208  103
0,2          3315 1512  173    2125  312   63    1190 1200  110
2,5          3312 1506  182    2191  241   68    1121 1265  114
7,3          3309 1535  156    2123  313   64    1186 1222   92
3,1          3306 1531  163    2133  296   71    1173 1235   92
3,5          3301 1527  172    2160  277   63    1141 1250  109
2,1          3295 1521  184    2109  305   86    1186 1216   98
8,9          3294 1529  177    2137  286   77    1157 1243  100
0,8          3293 1544  163    2159  278   63    1134 1266  100
1,1          3288 1538  174    2129  300   71    1159 1238  103
4,9          3280 1540  180    2154  282   64    1126 1258  116
5,5          3274 1566  160    2114  308   78    1160 1258   82
2,0          3273 1586  141    2160  283   57    1113 1303   84
9,9          3271 1575  154    2155  269   76    1116 1306   78
8,0          3270 1559  171    2114  312   74    1156 1247   97
0,5          3269 1548  183    2162  275   63    1107 1273  120
5,9          3269 1557  174    2111  308   81    1158 1249   93
9,3          3268 1559  173    2126  306   68    1142 1253  105
5,1          3266 1546  188    2089  337   74    1177 1209  114
0,6          3248 1575  177    2108  320   72    1140 1255  105
9,1          3238 1576  186    2112  303   85    1126 1273  101
2,9          3229 1588  183    2109  304   87    1120 1284   96
6,9          3226 1626  148    2119  317   64    1107 1309   84
8,6          3198 1622  180    2136  281   83    1062 1341   97
2,7          3193 1629  178    2130  297   73    1063 1332  105
5,8          3191 1649  160    2104  329   67    1087 1320   93
8,8          3171 1663  166    2137  301   62    1034 1362  104
7,1          3168 1659  173    2125  294   81    1043 1365   92
0,3          3167 1662  171    2156  275   69    1011 1387  102
6,8          3164 1645  191    2100  318   82    1064 1327  109
7,2          3162 1690  148    2095  333   72    1067 1357   76
6,5          3155 1682  163    2151  291   58    1004 1391  105
5,2          3128 1708  164    2137  308   55     991 1400  109
6,4          3115 1725  160    2145  287   68     970 1438   92
2,4          3093 1744  163    2131  300   69     962 1444   94
6,3          3075 1759  166    2149  288   63     926 1471  103
4,8          3060 1780  160    2121  314   65     939 1466   95
9,5          3005 1844  151    2166  283   51     839 1561  100
4,7          2979 1851  170    2120  309   71     859 1542   99
6,2          2979 1856  165    2136  298   66     843 1558   99
5,3          2961 1882  157    2138  289   73     823 1593   84
8,1          2960 1856  184    2120  306   74     840 1550  110
100


Team A Total Wins: 335895
Ties: 16361

