
50x50 vs 1k

Team A: 
Overall:           all             as Black          as White     
                W    L    T       W    L    T       W    L    T  
size: 100
1,9          3634 1227  139    2011  431   58    1623  796   81
4,1          3555 1280  165    2036  393   71    1519  887   94
0,0          3553 1322  125    2063  389   48    1490  933   77
8,3          3533 1314  153    2003  437   60    1530  877   93
1,6          3512 1332  156    1976  447   77    1536  885   79
5,4          3506 1317  177    1967  443   90    1539  874   87
0,4          3502 1350  148    1979  452   69    1523  898   79
4,4          3502 1325  173    2070  357   73    1432  968  100
2,6          3501 1337  162    2026  396   78    1475  941   84
2,3          3478 1340  182    1975  435   90    1503  905   92
0,9          3474 1363  163    2022  411   67    1452  952   96
3,7          3466 1390  144    1935  504   61    1531  886   83
7,8          3429 1425  146    1956  479   65    1473  946   81
1,7          3424 1389  187    1979  448   73    1445  941  114
8,2          3412 1410  178    2029  403   68    1383 1007  110
9,0          3389 1459  152    2092  346   62    1297 1113   90
4,2          3387 1436  177    1955  463   82    1432  973   95
0,1          3383 1480  137    2059  378   63    1324 1102   74
6,6          3381 1453  166    2000  428   72    1381 1025   94
7,0          3364 1467  169    1967  453   80    1397 1014   89
9,8          3355 1496  149    1982  444   74    1373 1052   75
9,2          3331 1486  183    1969  459   72    1362 1027  111
1,2          3327 1491  182    2018  401   81    1309 1090  101
2,8          3323 1557  120    2043  407   50    1280 1150   70
0,7          3316 1537  147    2044  385   71    1272 1152   76
7,9          3312 1540  148    1951  483   66    1361 1057   82
8,7          3293 1547  160    1994  441   65    1299 1106   95
3,2          3292 1546  162    2068  364   68    1224 1182   94
5,7          3291 1541  168    2021  409   70    1270 1132   98
1,8          3287 1537  176    1968  447   85    1319 1090   91
4,5          3280 1544  176    1947  479   74    1333 1065  102
4,0          3277 1540  183    2023  401   76    1254 1139  107
9,4          3276 1545  179    1863  562   75    1413  983  104
3,8          3273 1540  187    1974  441   85    1299 1099  102
7,5          3272 1569  159    2029  400   71    1243 1169   88
7,6          3272 1559  169    2006  421   73    1266 1138   96
1,0          3266 1578  156    1985  456   59    1281 1122   97
6,7          3265 1560  175    1967  457   76    1298 1103   99
3,9          3262 1573  165    1900  535   65    1362 1038  100
1,4          3255 1580  165    1945  482   73    1310 1098   92
3,3          3251 1610  139    2022  422   56    1229 1188   83
9,6          3247 1595  158    2071  352   77    1176 1243   81
3,4          3242 1554  204    1989  426   85    1253 1128  119
5,0          3237 1599  164    2017  407   76    1220 1192   88
1,5          3228 1564  208    1976  419  105    1252 1145  103
9,7          3225 1594  181    1926  481   93    1299 1113   88
4,6          3214 1631  155    1962  461   77    1252 1170   78
3,0          3212 1580  208    1917  510   73    1295 1070  135
2,2          3211 1619  170    2000  426   74    1211 1193   96
2,5          3211 1614  175    2090  349   61    1121 1265  114
5,6          3198 1612  190    1970  446   84    1228 1166  106
3,6          3196 1614  190    1995  416   89    1201 1198  101
2,1          3192 1653  155    2006  437   57    1186 1216   98
4,3          3191 1632  177    1993  431   76    1198 1201  101
1,3          3184 1655  161    1889  534   77    1295 1121   84
7,4          3182 1662  156    1908  528   64    1274 1134   92
0,2          3174 1651  175    1984  451   65    1190 1200  110
8,0          3170 1645  185    2014  398   88    1156 1247   97
5,9          3169 1671  160    2011  422   67    1158 1249   93
7,7          3156 1687  157    1978  450   72    1178 1237   85
5,1          3152 1655  193    1975  446   79    1177 1209  114
6,1          3150 1685  165    1961  477   62    1189 1208  103
6,0          3147 1671  182    1956  458   86    1191 1213   96
9,9          3146 1709  145    2030  403   67    1116 1306   78
8,4          3134 1707  159    1940  488   72    1194 1219   87
6,9          3129 1711  160    2022  402   76    1107 1309   84
8,9          3127 1702  171    1970  459   71    1157 1243  100
1,1          3126 1687  187    1967  449   84    1159 1238  103
9,1          3124 1696  180    1998  423   79    1126 1273  101
0,6          3122 1697  181    1982  442   76    1140 1255  105
9,3          3119 1696  185    1977  443   80    1142 1253  105
7,3          3117 1721  162    1931  499   70    1186 1222   92
8,5          3106 1712  182    1901  528   71    1205 1184  111
2,0          3104 1742  154    1991  439   70    1113 1303   84
0,5          3095 1706  199    1988  433   79    1107 1273  120
2,9          3095 1739  166    1975  455   70    1120 1284   96
5,5          3094 1760  146    1934  502   64    1160 1258   82
2,7          3088 1740  172    2025  408   67    1063 1332  105
8,6          3086 1735  179    2024  394   82    1062 1341   97
3,5          3083 1726  191    1942  476   82    1141 1250  109
0,8          3076 1739  185    1942  473   85    1134 1266  100
3,1          3074 1749  177    1901  514   85    1173 1235   92
5,2          3062 1758  180    2071  358   71     991 1400  109
5,8          3038 1795  167    1951  475   74    1087 1320   93
7,2          3035 1831  134    1968  474   58    1067 1357   76
4,9          3029 1787  184    1903  529   68    1126 1258  116
6,8          3027 1786  187    1963  459   78    1064 1327  109
2,4          3015 1827  158    2053  383   64     962 1444   94
7,1          2986 1854  160    1943  489   68    1043 1365   92
6,5          2968 1852  180    1964  461   75    1004 1391  105
8,8          2950 1878  172    1916  516   68    1034 1362  104
6,4          2933 1894  173    1963  456   81     970 1438   92
0,3          2907 1908  185    1896  521   83    1011 1387  102
4,8          2877 1953  170    1938  487   75     939 1466   95
4,7          2846 1972  182    1987  430   83     859 1542   99
5,3          2839 2012  149    2016  419   65     823 1593   84
6,2          2805 2036  159    1962  478   60     843 1558   99
6,3          2798 2029  173    1872  558   70     926 1471  103
8,1          2747 2062  191    1907  512   81     840 1550  110
9,5          2742 2078  180    1903  517   80     839 1561  100
100


Team A Total Wins: 320398
Ties: 16881

50x50 vs 2k

Team A: 
Overall:           all             as Black          as White     
                W    L    T       W    L    T       W    L    T  
size: 100
1,9          3522 1323  155    1899  527   74    1623  796   81
3,7          3504 1340  156    1973  454   73    1531  886   83
4,1          3488 1341  171    1969  454   77    1519  887   94
5,4          3480 1364  156    1941  490   69    1539  874   87
0,9          3439 1402  159    1987  450   63    1452  952   96
8,3          3428 1397  175    1898  520   82    1530  877   93
1,6          3427 1415  158    1891  530   79    1536  885   79
0,0          3395 1442  163    1905  509   86    1490  933   77
0,4          3375 1456  169    1852  558   90    1523  898   79
2,6          3373 1447  180    1898  506   96    1475  941   84
3,9          3373 1445  182    2011  407   82    1362 1038  100
7,8          3361 1470  169    1888  524   88    1473  946   81
9,8          3346 1510  144    1973  458   69    1373 1052   75
6,6          3344 1489  167    1963  464   73    1381 1025   94
1,7          3340 1455  205    1895  514   91    1445  941  114
4,2          3335 1489  176    1903  516   81    1432  973   95
3,0          3331 1474  195    2036  404   60    1295 1070  135
7,0          3319 1519  162    1922  505   73    1397 1014   89
8,2          3315 1491  194    1932  484   84    1383 1007  110
2,3          3298 1516  186    1795  611   94    1503  905   92
4,4          3292 1535  173    1860  567   73    1432  968  100
1,2          3290 1528  182    1981  438   81    1309 1090  101
9,4          3286 1527  187    1873  544   83    1413  983  104
4,5          3258 1560  182    1925  495   80    1333 1065  102
1,4          3255 1578  167    1945  480   75    1310 1098   92
9,7          3255 1578  167    1956  465   79    1299 1113   88
5,9          3253 1598  149    2095  349   56    1158 1249   93
9,0          3251 1582  167    1954  469   77    1297 1113   90
1,8          3243 1594  163    1924  504   72    1319 1090   91
5,7          3243 1587  170    1973  455   72    1270 1132   98
3,8          3242 1576  182    1943  477   80    1299 1099  102
0,7          3241 1611  148    1969  459   72    1272 1152   76
7,9          3232 1607  161    1871  550   79    1361 1057   82
7,5          3220 1625  155    1977  456   67    1243 1169   88
3,3          3216 1635  149    1987  447   66    1229 1188   83
5,6          3204 1607  189    1976  441   83    1228 1166  106
4,6          3202 1648  150    1950  478   72    1252 1170   78
4,0          3192 1630  178    1938  491   71    1254 1139  107
7,6          3185 1631  184    1919  493   88    1266 1138   96
4,3          3181 1652  167    1983  451   66    1198 1201  101
3,2          3179 1651  170    1955  469   76    1224 1182   94
7,4          3174 1656  170    1900  522   78    1274 1134   92
2,2          3172 1655  173    1961  462   77    1211 1193   96
6,7          3171 1647  182    1873  544   83    1298 1103   99
1,5          3164 1651  185    1912  506   82    1252 1145  103
8,0          3161 1664  175    2005  417   78    1156 1247   97
9,2          3161 1652  187    1799  625   76    1362 1027  111
8,7          3149 1671  180    1850  565   85    1299 1106   95
2,8          3146 1703  151    1866  553   81    1280 1150   70
3,4          3146 1661  193    1893  533   74    1253 1128  119
7,3          3146 1689  165    1960  467   73    1186 1222   92
8,4          3140 1693  167    1946  474   80    1194 1219   87
9,6          3136 1700  164    1960  457   83    1176 1243   81
6,1          3128 1700  172    1939  492   69    1189 1208  103
3,6          3124 1713  163    1923  515   62    1201 1198  101
5,1          3121 1692  187    1944  483   73    1177 1209  114
0,8          3117 1713  170    1983  447   70    1134 1266  100
5,5          3116 1742  142    1956  484   60    1160 1258   82
0,1          3112 1715  173    1788  613   99    1324 1102   74
5,0          3112 1742  146    1892  550   58    1220 1192   88
8,9          3102 1711  187    1945  468   87    1157 1243  100
8,5          3101 1717  182    1896  533   71    1205 1184  111
4,9          3097 1724  179    1971  466   63    1126 1258  116
9,9          3095 1756  149    1979  450   71    1116 1306   78
3,5          3090 1725  185    1949  475   76    1141 1250  109
0,6          3087 1730  183    1947  475   78    1140 1255  105
5,8          3083 1755  162    1996  435   69    1087 1320   93
1,0          3081 1742  177    1800  620   80    1281 1122   97
2,1          3081 1740  179    1895  524   81    1186 1216   98
1,3          3080 1754  166    1785  633   82    1295 1121   84
3,1          3080 1752  168    1907  517   76    1173 1235   92
2,0          3078 1769  153    1965  466   69    1113 1303   84
6,0          3063 1762  175    1872  549   79    1191 1213   96
0,2          3058 1755  187    1868  555   77    1190 1200  110
7,7          3032 1803  165    1854  566   80    1178 1237   85
1,1          3023 1806  171    1864  568   68    1159 1238  103
9,3          3009 1805  186    1867  552   81    1142 1253  105
2,7          3008 1821  171    1945  489   66    1063 1332  105
7,1          3003 1838  159    1960  473   67    1043 1365   92
6,9          2992 1846  162    1885  537   78    1107 1309   84
0,3          2990 1829  181    1979  442   79    1011 1387  102
4,8          2990 1855  155    2051  389   60     939 1466   95
2,5          2986 1820  194    1865  555   80    1121 1265  114
6,8          2984 1831  185    1920  504   76    1064 1327  109
2,9          2980 1842  178    1860  558   82    1120 1284   96
8,6          2970 1867  163    1908  526   66    1062 1341   97
0,5          2961 1836  203    1854  563   83    1107 1273  120
6,4          2961 1879  160    1991  441   68     970 1438   92
7,2          2949 1893  158    1882  536   82    1067 1357   76
6,5          2943 1864  193    1939  473   88    1004 1391  105
9,1          2935 1868  197    1809  595   96    1126 1273  101
5,2          2922 1910  168    1931  510   59     991 1400  109
8,8          2915 1906  179    1881  544   75    1034 1362  104
2,4          2895 1936  169    1933  492   75     962 1444   94
4,7          2836 1980  184    1977  438   85     859 1542   99
6,3          2820 1993  187    1894  522   84     926 1471  103
8,1          2795 2032  173    1955  482   63     840 1550  110
6,2          2772 2057  171    1929  499   72     843 1558   99
5,3          2761 2077  162    1938  484   78     823 1593   84
9,5          2739 2082  179    1900  521   79     839 1561  100
100


Team A Total Wins: 314756
Ties: 17192

50x50 vs 3k

Team A: 
Overall:           all             as Black          as White     
                W    L    T       W    L    T       W    L    T  
size: 100
1,9          3706 1154  140    2083  358   59    1623  796   81
8,3          3654 1209  137    2124  332   44    1530  877   93
2,3          3598 1257  145    2095  352   53    1503  905   92
0,4          3584 1286  130    2061  388   51    1523  898   79
0,0          3575 1279  146    2085  346   69    1490  933   77
1,6          3575 1288  137    2039  403   58    1536  885   79
0,9          3570 1284  146    2118  332   50    1452  952   96
3,7          3557 1310  133    2026  424   50    1531  886   83
1,7          3542 1299  159    2097  358   45    1445  941  114
5,4          3539 1305  156    2000  431   69    1539  874   87
9,4          3522 1323  155    2109  340   51    1413  983  104
7,8          3510 1355  135    2037  409   54    1473  946   81
4,1          3509 1322  169    1990  435   75    1519  887   94
4,2          3500 1340  160    2068  367   65    1432  973   95
9,8          3498 1359  143    2125  307   68    1373 1052   75
8,2          3493 1347  160    2110  340   50    1383 1007  110
2,6          3483 1380  137    2008  439   53    1475  941   84
9,2          3468 1369  163    2106  342   52    1362 1027  111
1,8          3438 1415  147    2119  325   56    1319 1090   91
7,9          3422 1431  147    2061  374   65    1361 1057   82
3,9          3415 1426  159    2053  388   59    1362 1038  100
4,4          3415 1411  174    1983  443   74    1432  968  100
6,6          3410 1422  168    2029  397   74    1381 1025   94
7,0          3409 1434  157    2012  420   68    1397 1014   89
8,7          3399 1460  141    2100  354   46    1299 1106   95
1,2          3392 1458  150    2083  368   49    1309 1090  101
2,8          3386 1482  132    2106  332   62    1280 1150   70
7,4          3385 1471  144    2111  337   52    1274 1134   92
9,0          3378 1469  153    2081  356   63    1297 1113   90
3,4          3376 1451  173    2123  323   54    1253 1128  119
7,5          3375 1477  148    2132  308   60    1243 1169   88
6,7          3366 1482  152    2068  379   53    1298 1103   99
3,8          3363 1472  165    2064  373   63    1299 1099  102
0,7          3359 1497  144    2087  345   68    1272 1152   76
4,5          3359 1478  163    2026  413   61    1333 1065  102
3,3          3358 1503  139    2129  315   56    1229 1188   83
3,0          3352 1450  198    2057  380   63    1295 1070  135
5,7          3347 1498  155    2077  366   57    1270 1132   98
7,6          3344 1497  159    2078  359   63    1266 1138   96
3,2          3332 1522  146    2108  340   52    1224 1182   94
1,3          3329 1534  137    2034  413   53    1295 1121   84
0,1          3321 1544  135    1997  442   61    1324 1102   74
4,0          3318 1521  161    2064  382   54    1254 1139  107
4,3          3318 1520  162    2120  319   61    1198 1201  101
1,0          3308 1520  172    2027  398   75    1281 1122   97
0,2          3298 1541  161    2108  341   51    1190 1200  110
9,7          3297 1553  150    1998  440   62    1299 1113   88
1,4          3279 1549  172    1969  451   80    1310 1098   92
7,7          3279 1581  140    2101  344   55    1178 1237   85
8,4          3277 1582  141    2083  363   54    1194 1219   87
8,5          3270 1560  170    2065  376   59    1205 1184  111
5,6          3268 1554  178    2040  388   72    1228 1166  106
5,0          3251 1607  142    2031  415   54    1220 1192   88
8,0          3247 1598  155    2091  351   58    1156 1247   97
8,9          3245 1593  162    2088  350   62    1157 1243  100
1,5          3241 1600  159    1989  455   56    1252 1145  103
4,6          3237 1607  156    1985  437   78    1252 1170   78
2,1          3234 1607  159    2048  391   61    1186 1216   98
0,8          3231 1619  150    2097  353   50    1134 1266  100
5,1          3230 1587  183    2053  378   69    1177 1209  114
5,5          3230 1630  140    2070  372   58    1160 1258   82
7,2          3220 1652  128    2153  295   52    1067 1357   76
0,6          3212 1626  162    2072  371   57    1140 1255  105
2,0          3206 1665  129    2093  362   45    1113 1303   84
7,3          3206 1638  156    2020  416   64    1186 1222   92
9,6          3203 1652  145    2027  409   64    1176 1243   81
2,2          3200 1642  158    1989  449   62    1211 1193   96
6,1          3200 1650  150    2011  442   47    1189 1208  103
3,6          3197 1628  175    1996  430   74    1201 1198  101
3,1          3196 1650  154    2023  415   62    1173 1235   92
9,9          3195 1670  135    2079  364   57    1116 1306   78
7,1          3193 1671  136    2150  306   44    1043 1365   92
4,9          3188 1627  185    2062  369   69    1126 1258  116
2,9          3185 1659  156    2065  375   60    1120 1284   96
0,5          3183 1634  183    2076  361   63    1107 1273  120
3,5          3174 1662  164    2033  412   55    1141 1250  109
9,1          3174 1655  171    2048  382   70    1126 1273  101
9,3          3170 1649  181    2028  396   76    1142 1253  105
6,0          3159 1667  174    1968  454   78    1191 1213   96
1,1          3158 1668  174    1999  430   71    1159 1238  103
2,7          3154 1680  166    2091  348   61    1063 1332  105
5,8          3151 1681  168    2064  361   75    1087 1320   93
6,9          3141 1713  146    2034  404   62    1107 1309   84
8,6          3138 1702  160    2076  361   63    1062 1341   97
2,5          3135 1665  200    2014  400   86    1121 1265  114
6,8          3118 1713  169    2054  386   60    1064 1327  109
5,2          3106 1720  174    2115  320   65     991 1400  109
5,9          3098 1744  158    1940  495   65    1158 1249   93
6,5          3098 1741  161    2094  350   56    1004 1391  105
8,8          3092 1748  160    2058  386   56    1034 1362  104
0,3          3071 1754  175    2060  367   73    1011 1387  102
6,3          3065 1782  153    2139  311   50     926 1471  103
6,4          3063 1781  156    2093  343   64     970 1438   92
2,4          3040 1798  162    2078  354   68     962 1444   94
6,2          2954 1889  157    2111  331   58     843 1558   99
8,1          2924 1894  182    2084  344   72     840 1550  110
5,3          2922 1937  141    2099  344   57     823 1593   84
4,8          2912 1923  165    1973  457   70     939 1466   95
9,5          2911 1927  162    2072  366   62     839 1561  100
4,7          2886 1955  159    2027  413   60     859 1542   99
100


Team A Total Wins: 328569
Ties: 15640

50x50 vs 4k

Team A: 
Overall:           all             as Black          as White     
                W    L    T       W    L    T       W    L    T  
size: 100
1,9          3704 1147  149    2081  351   68    1623  796   81
5,4          3637 1220  143    2098  346   56    1539  874   87
4,1          3636 1193  171    2117  306   77    1519  887   94
3,7          3632 1238  130    2101  352   47    1531  886   83
2,3          3631 1220  149    2128  315   57    1503  905   92
8,3          3618 1221  161    2088  344   68    1530  877   93
7,8          3586 1256  158    2113  310   77    1473  946   81
0,0          3563 1290  147    2073  357   70    1490  933   77
1,6          3563 1285  152    2027  400   73    1536  885   79
9,4          3559 1268  173    2146  285   69    1413  983  104
0,9          3553 1293  154    2101  341   58    1452  952   96
1,7          3539 1288  173    2094  347   59    1445  941  114
0,4          3537 1303  160    2014  405   81    1523  898   79
4,2          3515 1326  159    2083  353   64    1432  973   95
2,6          3511 1335  154    2036  394   70    1475  941   84
8,2          3496 1328  176    2113  321   66    1383 1007  110
4,4          3494 1344  162    2062  376   62    1432  968  100
3,9          3491 1352  157    2129  314   57    1362 1038  100
6,6          3491 1361  148    2110  336   54    1381 1025   94
0,1          3463 1394  143    2139  292   69    1324 1102   74
9,2          3462 1362  176    2100  335   65    1362 1027  111
7,0          3451 1396  153    2054  382   64    1397 1014   89
8,7          3434 1408  158    2135  302   63    1299 1106   95
1,8          3431 1422  147    2112  332   56    1319 1090   91
6,7          3429 1417  154    2131  314   55    1298 1103   99
7,9          3421 1428  151    2060  371   69    1361 1057   82
4,5          3414 1409  177    2081  344   75    1333 1065  102
9,0          3413 1425  162    2116  312   72    1297 1113   90
9,8          3412 1437  151    2039  385   76    1373 1052   75
2,8          3388 1476  136    2108  326   66    1280 1150   70
3,8          3376 1452  172    2077  353   70    1299 1099  102
5,6          3372 1467  161    2144  301   55    1228 1166  106
1,3          3369 1474  157    2074  353   73    1295 1121   84
7,5          3360 1498  142    2117  329   54    1243 1169   88
7,6          3357 1486  157    2091  348   61    1266 1138   96
1,2          3355 1475  170    2046  385   69    1309 1090  101
1,4          3352 1492  156    2042  394   64    1310 1098   92
7,4          3345 1508  147    2071  374   55    1274 1134   92
4,6          3342 1505  153    2090  335   75    1252 1170   78
1,0          3340 1500  160    2059  378   63    1281 1122   97
8,4          3340 1522  138    2146  303   51    1194 1219   87
5,7          3338 1488  174    2068  356   76    1270 1132   98
3,4          3337 1480  183    2084  352   64    1253 1128  119
3,2          3335 1506  159    2111  324   65    1224 1182   94
0,7          3321 1534  145    2049  382   69    1272 1152   76
3,0          3320 1462  218    2025  392   83    1295 1070  135
8,5          3314 1504  182    2109  320   71    1205 1184  111
9,7          3309 1523  168    2010  410   80    1299 1113   88
1,5          3308 1525  167    2056  380   64    1252 1145  103
3,6          3297 1544  159    2096  346   58    1201 1198  101
0,2          3294 1534  172    2104  334   62    1190 1200  110
5,0          3281 1575  144    2061  383   56    1220 1192   88
4,3          3279 1544  177    2081  343   76    1198 1201  101
5,1          3276 1554  170    2099  345   56    1177 1209  114
3,1          3266 1585  149    2093  350   57    1173 1235   92
6,0          3265 1577  158    2074  364   62    1191 1213   96
4,0          3262 1558  180    2008  419   73    1254 1139  107
7,7          3256 1599  145    2078  362   60    1178 1237   85
7,3          3254 1575  171    2068  353   79    1186 1222   92
3,3          3251 1600  149    2022  412   66    1229 1188   83
9,1          3251 1581  168    2125  308   67    1126 1273  101
2,1          3250 1588  162    2064  372   64    1186 1216   98
8,0          3247 1590  163    2091  343   66    1156 1247   97
5,5          3244 1613  143    2084  355   61    1160 1258   82
7,2          3237 1635  128    2170  278   52    1067 1357   76
9,3          3236 1597  167    2094  344   62    1142 1253  105
6,1          3232 1596  172    2043  388   69    1189 1208  103
2,9          3227 1612  161    2107  328   65    1120 1284   96
0,8          3224 1610  166    2090  344   66    1134 1266  100
1,1          3224 1619  157    2065  381   54    1159 1238  103
2,2          3221 1612  167    2010  419   71    1211 1193   96
5,9          3219 1622  159    2061  373   66    1158 1249   93
9,6          3215 1638  147    2039  395   66    1176 1243   81
4,9          3211 1612  177    2085  354   61    1126 1258  116
3,5          3207 1626  167    2066  376   58    1141 1250  109
8,9          3207 1612  181    2050  369   81    1157 1243  100
2,0          3199 1656  145    2086  353   61    1113 1303   84
0,6          3191 1637  172    2051  382   67    1140 1255  105
2,5          3191 1624  185    2070  359   71    1121 1265  114
5,8          3175 1672  153    2088  352   60    1087 1320   93
9,9          3174 1674  152    2058  368   74    1116 1306   78
0,5          3169 1667  164    2062  394   44    1107 1273  120
6,9          3168 1679  153    2061  370   69    1107 1309   84
7,1          3158 1687  155    2115  322   63    1043 1365   92
2,7          3141 1687  172    2078  355   67    1063 1332  105
6,5          3135 1702  163    2131  311   58    1004 1391  105
8,6          3130 1713  157    2068  372   60    1062 1341   97
6,8          3125 1695  180    2061  368   71    1064 1327  109
0,3          3122 1702  176    2111  315   74    1011 1387  102
5,2          3079 1747  174    2088  347   65     991 1400  109
8,8          3071 1752  177    2037  390   73    1034 1362  104
4,8          3057 1792  151    2118  326   56     939 1466   95
2,4          3056 1799  145    2094  355   51     962 1444   94
6,3          3008 1829  163    2082  358   60     926 1471  103
6,4          3008 1830  162    2038  392   70     970 1438   92
6,2          2972 1869  159    2129  311   60     843 1558   99
4,7          2963 1869  168    2104  327   69     859 1542   99
8,1          2942 1883  175    2102  333   65     840 1550  110
9,5          2940 1900  160    2101  339   60     839 1561  100
5,3          2912 1933  155    2089  340   71     823 1593   84
100


Team A Total Wins: 330683
Ties: 16068

50x50 vs 5k

Team A: 
Overall:           all             as Black          as White     
                W    L    T       W    L    T       W    L    T  
size: 100
1,9          3723 1137  140    2100  341   59    1623  796   81
8,3          3664 1184  152    2134  307   59    1530  877   93
4,1          3640 1219  141    2121  332   47    1519  887   94
3,7          3625 1236  139    2094  350   56    1531  886   83
1,6          3614 1244  142    2078  359   63    1536  885   79
0,4          3602 1256  142    2079  358   63    1523  898   79
5,4          3596 1252  152    2057  378   65    1539  874   87
0,0          3569 1301  130    2079  368   53    1490  933   77
2,3          3564 1276  160    2061  371   68    1503  905   92
9,4          3547 1280  173    2134  297   69    1413  983  104
2,6          3543 1319  138    2068  378   54    1475  941   84
7,8          3537 1323  140    2064  377   59    1473  946   81
1,7          3536 1292  172    2091  351   58    1445  941  114
4,2          3532 1317  151    2100  344   56    1432  973   95
4,4          3506 1336  158    2074  368   58    1432  968  100
0,9          3504 1345  151    2052  393   55    1452  952   96
3,9          3470 1369  161    2108  331   61    1362 1038  100
7,0          3451 1388  161    2054  374   72    1397 1014   89
9,7          3449 1414  137    2150  301   49    1299 1113   88
7,9          3444 1409  147    2083  352   65    1361 1057   82
6,6          3436 1412  152    2055  387   58    1381 1025   94
9,8          3432 1445  123    2059  393   48    1373 1052   75
8,2          3429 1404  167    2046  397   57    1383 1007  110
1,5          3414 1439  147    2162  294   44    1252 1145  103
9,2          3409 1418  173    2047  391   62    1362 1027  111
3,8          3401 1439  160    2102  340   58    1299 1099  102
0,1          3397 1466  137    2073  364   63    1324 1102   74
4,5          3387 1445  168    2054  380   66    1333 1065  102
1,8          3385 1451  164    2066  361   73    1319 1090   91
8,7          3380 1469  151    2081  363   56    1299 1106   95
1,3          3377 1475  148    2082  354   64    1295 1121   84
1,4          3374 1464  162    2064  366   70    1310 1098   92
3,0          3373 1430  197    2078  360   62    1295 1070  135
1,0          3369 1468  163    2088  346   66    1281 1122   97
9,0          3369 1475  156    2072  362   66    1297 1113   90
7,4          3365 1478  157    2091  344   65    1274 1134   92
2,8          3363 1505  132    2083  355   62    1280 1150   70
6,7          3357 1474  169    2059  371   70    1298 1103   99
3,4          3346 1466  188    2093  338   69    1253 1128  119
7,5          3345 1516  139    2102  347   51    1243 1169   88
5,0          3333 1526  141    2113  334   53    1220 1192   88
1,2          3328 1510  162    2019  420   61    1309 1090  101
5,6          3327 1501  172    2099  335   66    1228 1166  106
7,6          3316 1527  157    2050  389   61    1266 1138   96
5,7          3306 1528  166    2036  396   68    1270 1132   98
4,6          3305 1558  137    2053  388   59    1252 1170   78
3,2          3301 1552  147    2077  370   53    1224 1182   94
0,7          3300 1554  146    2028  402   70    1272 1152   76
8,5          3300 1520  180    2095  336   69    1205 1184  111
4,0          3296 1528  176    2042  389   69    1254 1139  107
7,7          3296 1569  135    2118  332   50    1178 1237   85
6,0          3285 1563  152    2094  350   56    1191 1213   96
8,0          3285 1557  158    2129  310   61    1156 1247   97
3,3          3284 1558  158    2055  370   75    1229 1188   83
0,6          3282 1556  162    2142  301   57    1140 1255  105
9,6          3281 1581  138    2105  338   57    1176 1243   81
3,1          3274 1582  144    2101  347   52    1173 1235   92
6,1          3274 1564  162    2085  356   59    1189 1208  103
3,6          3272 1559  169    2071  361   68    1201 1198  101
0,2          3266 1556  178    2076  356   68    1190 1200  110
8,4          3259 1580  161    2065  361   74    1194 1219   87
9,1          3254 1578  168    2128  305   67    1126 1273  101
2,1          3251 1601  148    2065  385   50    1186 1216   98
2,2          3245 1603  152    2034  410   56    1211 1193   96
1,1          3231 1610  159    2072  372   56    1159 1238  103
5,5          3226 1637  137    2066  379   55    1160 1258   82
2,0          3216 1618  166    2103  315   82    1113 1303   84
9,3          3208 1624  168    2066  371   63    1142 1253  105
4,3          3207 1630  163    2009  429   62    1198 1201  101
4,9          3206 1603  191    2080  345   75    1126 1258  116
5,9          3206 1628  166    2048  379   73    1158 1249   93
8,9          3204 1627  169    2047  384   69    1157 1243  100
6,9          3191 1668  141    2084  359   57    1107 1309   84
0,5          3189 1636  175    2082  363   55    1107 1273  120
2,9          3183 1646  171    2063  362   75    1120 1284   96
9,9          3180 1657  163    2064  351   85    1116 1306   78
7,3          3178 1646  176    1992  424   84    1186 1222   92
5,1          3174 1652  174    1997  443   60    1177 1209  114
2,7          3168 1676  156    2105  344   51    1063 1332  105
3,5          3166 1643  191    2025  393   82    1141 1250  109
2,5          3154 1668  178    2033  403   64    1121 1265  114
0,8          3151 1687  162    2017  421   62    1134 1266  100
5,8          3130 1705  165    2043  385   72    1087 1320   93
7,1          3128 1726  146    2085  361   54    1043 1365   92
8,6          3114 1729  157    2052  388   60    1062 1341   97
7,2          3102 1749  149    2035  392   73    1067 1357   76
6,5          3100 1731  169    2096  340   64    1004 1391  105
8,8          3090 1745  165    2056  383   61    1034 1362  104
6,4          3072 1773  155    2102  335   63     970 1438   92
6,8          3071 1746  183    2007  419   74    1064 1327  109
2,4          3026 1805  169    2064  361   75     962 1444   94
0,3          3007 1811  182    1996  424   80    1011 1387  102
5,2          3003 1822  175    2012  422   66     991 1400  109
6,3          2987 1849  164    2061  378   61     926 1471  103
6,2          2985 1860  155    2142  302   56     843 1558   99
4,8          2980 1858  162    2041  392   67     939 1466   95
4,7          2958 1881  161    2099  339   62     859 1542   99
8,1          2919 1926  155    2079  376   45     840 1550  110
9,5          2912 1926  162    2073  365   62     839 1561  100
5,3          2844 1999  157    2021  406   73     823 1593   84
100


Team A Total Wins: 329610
Ties: 15846

50x50 vs 6k

Team A: 
Overall:           all             as Black          as White     
                W    L    T       W    L    T       W    L    T  
size: 100
1,9          3718 1146  136    2095  350   55    1623  796   81
5,4          3718 1148  134    2179  274   47    1539  874   87
0,4          3713 1164  123    2190  266   44    1523  898   79
1,6          3708 1171  121    2172  286   42    1536  885   79
3,7          3707 1156  137    2176  270   54    1531  886   83
4,1          3676 1177  147    2157  290   53    1519  887   94
8,3          3648 1211  141    2118  334   48    1530  877   93
0,9          3621 1235  144    2169  283   48    1452  952   96
1,7          3619 1212  169    2174  271   55    1445  941  114
0,0          3616 1244  140    2126  311   63    1490  933   77
4,4          3612 1242  146    2180  274   46    1432  968  100
7,8          3607 1256  137    2134  310   56    1473  946   81
2,6          3602 1266  132    2127  325   48    1475  941   84
6,6          3579 1281  140    2198  256   46    1381 1025   94
2,3          3577 1277  146    2074  372   54    1503  905   92
4,2          3566 1271  163    2134  298   68    1432  973   95
8,2          3543 1288  169    2160  281   59    1383 1007  110
9,4          3524 1313  163    2111  330   59    1413  983  104
7,0          3520 1340  140    2123  326   51    1397 1014   89
7,9          3514 1345  141    2153  288   59    1361 1057   82
3,9          3513 1341  146    2151  303   46    1362 1038  100
9,8          3513 1360  127    2140  308   52    1373 1052   75
4,5          3504 1346  150    2171  281   48    1333 1065  102
1,8          3496 1369  135    2177  279   44    1319 1090   91
1,4          3492 1368  140    2182  270   48    1310 1098   92
3,0          3478 1344  178    2183  274   43    1295 1070  135
9,7          3476 1398  126    2177  285   38    1299 1113   88
9,2          3467 1359  174    2105  332   63    1362 1027  111
1,2          3463 1373  164    2154  283   63    1309 1090  101
5,7          3463 1388  149    2193  256   51    1270 1132   98
7,4          3459 1404  137    2185  270   45    1274 1134   92
3,8          3458 1386  156    2159  287   54    1299 1099  102
0,1          3453 1420  127    2129  318   53    1324 1102   74
1,0          3450 1400  150    2169  278   53    1281 1122   97
5,6          3446 1406  148    2218  240   42    1228 1166  106
6,7          3445 1403  152    2147  300   53    1298 1103   99
0,7          3440 1439  121    2168  287   45    1272 1152   76
9,0          3440 1416  144    2143  303   54    1297 1113   90
8,7          3434 1418  148    2135  312   53    1299 1106   95
7,6          3431 1415  154    2165  277   58    1266 1138   96
2,8          3423 1436  141    2143  286   71    1280 1150   70
7,5          3421 1433  146    2178  264   58    1243 1169   88
4,6          3416 1464  120    2164  294   42    1252 1170   78
3,4          3403 1422  175    2150  294   56    1253 1128  119
4,0          3397 1445  158    2143  306   51    1254 1139  107
1,3          3392 1473  135    2097  352   51    1295 1121   84
4,3          3388 1455  157    2190  254   56    1198 1201  101
8,5          3381 1455  164    2176  271   53    1205 1184  111
3,3          3372 1493  135    2143  305   52    1229 1188   83
3,6          3364 1492  144    2163  294   43    1201 1198  101
2,2          3363 1491  146    2152  298   50    1211 1193   96
5,5          3361 1507  132    2201  249   50    1160 1258   82
1,5          3351 1487  162    2099  342   59    1252 1145  103
5,0          3347 1505  148    2127  313   60    1220 1192   88
8,4          3347 1514  139    2153  295   52    1194 1219   87
6,0          3341 1506  153    2150  293   57    1191 1213   96
0,2          3339 1505  156    2149  305   46    1190 1200  110
5,9          3337 1524  139    2179  275   46    1158 1249   93
6,1          3336 1502  162    2147  294   59    1189 1208  103
9,6          3336 1537  127    2160  294   46    1176 1243   81
3,2          3335 1497  168    2111  315   74    1224 1182   94
7,7          3335 1524  141    2157  287   56    1178 1237   85
2,1          3331 1515  154    2145  299   56    1186 1216   98
5,1          3330 1499  171    2153  290   57    1177 1209  114
7,3          3330 1525  145    2144  303   53    1186 1222   92
8,0          3321 1532  147    2165  285   50    1156 1247   97
0,5          3313 1516  171    2206  243   51    1107 1273  120
0,6          3307 1535  158    2167  280   53    1140 1255  105
1,1          3305 1527  168    2146  289   65    1159 1238  103
4,9          3300 1531  169    2174  273   53    1126 1258  116
3,1          3297 1546  157    2124  311   65    1173 1235   92
2,0          3282 1580  138    2169  277   54    1113 1303   84
9,3          3275 1556  169    2133  303   64    1142 1253  105
3,5          3271 1549  180    2130  299   71    1141 1250  109
9,1          3271 1580  149    2145  307   48    1126 1273  101
2,9          3269 1588  143    2149  304   47    1120 1284   96
0,8          3262 1585  153    2128  319   53    1134 1266  100
7,2          3258 1612  130    2191  255   54    1067 1357   76
8,9          3250 1585  165    2093  342   65    1157 1243  100
7,1          3238 1622  140    2195  257   48    1043 1365   92
9,9          3238 1628  134    2122  322   56    1116 1306   78
2,5          3231 1603  166    2110  338   52    1121 1265  114
6,8          3218 1616  166    2154  289   57    1064 1327  109
6,9          3210 1645  145    2103  336   61    1107 1309   84
2,7          3209 1638  153    2146  306   48    1063 1332  105
8,6          3206 1651  143    2144  310   46    1062 1341   97
5,8          3197 1654  149    2110  334   56    1087 1320   93
8,8          3193 1659  148    2159  297   44    1034 1362  104
6,5          3170 1670  160    2166  279   55    1004 1391  105
0,3          3158 1690  152    2147  303   50    1011 1387  102
6,4          3141 1713  146    2171  275   54     970 1438   92
6,3          3140 1717  143    2214  246   40     926 1471  103
5,2          3131 1699  170    2140  299   61     991 1400  109
2,4          3111 1742  147    2149  298   53     962 1444   94
4,8          3107 1740  153    2168  274   58     939 1466   95
4,7          3062 1788  150    2203  246   51     859 1542   99
9,5          3041 1814  145    2202  253   45     839 1561  100
6,2          3028 1832  140    2185  274   41     843 1558   99
8,1          2995 1841  164    2155  291   54     840 1550  110
5,3          2930 1936  134    2107  343   50     823 1593   84
100


Team A Total Wins: 337720
Ties: 14858

50x50 vs 7k

Team A: 
Overall:           all             as Black          as White     
                W    L    T       W    L    T       W    L    T  
size: 100
1,9          3700 1161  139    2077  365   58    1623  796   81
8,3          3648 1190  162    2118  313   69    1530  877   93
4,1          3630 1222  148    2111  335   54    1519  887   94
0,4          3628 1230  142    2105  332   63    1523  898   79
5,4          3626 1228  146    2087  354   59    1539  874   87
0,0          3616 1254  130    2126  321   53    1490  933   77
1,6          3594 1256  150    2058  371   71    1536  885   79
2,3          3592 1253  155    2089  348   63    1503  905   92
3,7          3581 1275  144    2050  389   61    1531  886   83
2,6          3578 1280  142    2103  339   58    1475  941   84
0,9          3546 1289  165    2094  337   69    1452  952   96
7,8          3545 1305  150    2072  359   69    1473  946   81
4,2          3530 1317  153    2098  344   58    1432  973   95
1,7          3514 1294  192    2069  353   78    1445  941  114
4,4          3496 1332  172    2064  364   72    1432  968  100
9,4          3486 1331  183    2073  348   79    1413  983  104
9,8          3476 1397  127    2103  345   52    1373 1052   75
9,7          3449 1414  137    2150  301   49    1299 1113   88
6,6          3421 1424  155    2040  399   61    1381 1025   94
1,8          3410 1444  146    2091  354   55    1319 1090   91
1,4          3405 1456  139    2095  358   47    1310 1098   92
7,0          3398 1440  162    2001  426   73    1397 1014   89
9,2          3398 1420  182    2036  393   71    1362 1027  111
8,2          3386 1438  176    2003  431   66    1383 1007  110
8,7          3380 1462  158    2081  356   63    1299 1106   95
1,3          3378 1471  151    2083  350   67    1295 1121   84
6,7          3376 1468  156    2078  365   57    1298 1103   99
3,0          3365 1435  200    2070  365   65    1295 1070  135
3,9          3365 1463  172    2003  425   72    1362 1038  100
7,6          3364 1478  158    2098  340   62    1266 1138   96
1,5          3354 1476  170    2102  331   67    1252 1145  103
5,7          3354 1491  155    2084  359   57    1270 1132   98
3,8          3353 1475  172    2054  376   70    1299 1099  102
7,4          3352 1501  147    2078  367   55    1274 1134   92
0,7          3350 1521  129    2078  369   53    1272 1152   76
9,0          3345 1503  152    2048  390   62    1297 1113   90
7,5          3338 1513  149    2095  344   61    1243 1169   88
0,1          3331 1527  142    2007  425   68    1324 1102   74
3,2          3331 1514  155    2107  332   61    1224 1182   94
3,4          3319 1488  193    2066  360   74    1253 1128  119
7,9          3319 1523  158    1958  466   76    1361 1057   82
1,0          3317 1507  176    2036  385   79    1281 1122   97
4,5          3315 1505  180    1982  440   78    1333 1065  102
9,6          3314 1549  137    2138  306   56    1176 1243   81
3,3          3311 1539  150    2082  351   67    1229 1188   83
4,6          3311 1536  153    2059  366   75    1252 1170   78
2,8          3303 1565  132    2023  415   62    1280 1150   70
4,0          3298 1534  168    2044  395   61    1254 1139  107
2,2          3295 1546  159    2084  353   63    1211 1193   96
1,2          3294 1552  154    1985  462   53    1309 1090  101
4,3          3286 1552  162    2088  351   61    1198 1201  101
5,0          3279 1556  165    2059  364   77    1220 1192   88
0,6          3275 1569  156    2135  314   51    1140 1255  105
7,3          3273 1569  158    2087  347   66    1186 1222   92
6,1          3266 1579  155    2077  371   52    1189 1208  103
5,6          3265 1562  173    2037  396   67    1228 1166  106
8,5          3257 1561  182    2052  377   71    1205 1184  111
9,3          3256 1578  166    2114  325   61    1142 1253  105
0,5          3254 1563  183    2147  290   63    1107 1273  120
5,9          3242 1602  156    2084  353   63    1158 1249   93
0,8          3236 1606  158    2102  340   58    1134 1266  100
3,6          3233 1607  160    2032  409   59    1201 1198  101
3,1          3228 1623  149    2055  388   57    1173 1235   92
0,2          3225 1609  166    2035  409   56    1190 1200  110
8,9          3225 1599  176    2068  356   76    1157 1243  100
8,0          3224 1616  160    2068  369   63    1156 1247   97
6,0          3212 1610  178    2021  397   82    1191 1213   96
5,1          3210 1634  156    2033  425   42    1177 1209  114
2,5          3209 1609  182    2088  344   68    1121 1265  114
7,7          3209 1646  145    2031  409   60    1178 1237   85
3,5          3206 1618  176    2065  368   67    1141 1250  109
8,4          3203 1625  172    2009  406   85    1194 1219   87
4,9          3186 1634  180    2060  376   64    1126 1258  116
6,9          3182 1670  148    2075  361   64    1107 1309   84
2,9          3180 1660  160    2060  376   64    1120 1284   96
9,1          3177 1651  172    2051  378   71    1126 1273  101
7,1          3172 1687  141    2129  322   49    1043 1365   92
1,1          3167 1661  172    2008  423   69    1159 1238  103
7,2          3162 1692  146    2095  335   70    1067 1357   76
2,1          3161 1661  178    1975  445   80    1186 1216   98
6,8          3160 1672  168    2096  345   59    1064 1327  109
5,5          3156 1682  162    1996  424   80    1160 1258   82
9,9          3155 1700  145    2039  394   67    1116 1306   78
8,8          3153 1687  160    2119  325   56    1034 1362  104
8,6          3151 1690  159    2089  349   62    1062 1341   97
5,8          3139 1713  148    2052  393   55    1087 1320   93
2,7          3133 1688  179    2070  356   74    1063 1332  105
2,0          3100 1757  143    1987  454   59    1113 1303   84
2,4          3098 1765  137    2136  321   43     962 1444   94
0,3          3089 1758  153    2078  371   51    1011 1387  102
5,2          3077 1751  172    2086  351   63     991 1400  109
6,5          3065 1767  168    2061  376   63    1004 1391  105
6,4          3030 1817  153    2060  379   61     970 1438   92
6,3          2987 1848  165    2061  377   62     926 1471  103
4,8          2974 1859  167    2035  393   72     939 1466   95
9,5          2941 1902  157    2102  341   57     839 1561  100
8,1          2906 1923  171    2066  373   61     840 1550  110
4,7          2900 1937  163    2041  395   64     859 1542   99
5,3          2889 1973  138    2066  380   54     823 1593   84
6,2          2866 1969  165    2023  411   66     843 1558   99
100


Team A Total Wins: 329014
Ties: 15927

50x50 vs 8k

Team A: 
Overall:           all             as Black          as White     
                W    L    T       W    L    T       W    L    T  
size: 100
1,9          3762 1097  141    2139  301   60    1623  796   81
3,7          3702 1171  127    2171  285   44    1531  886   83
0,4          3676 1190  134    2153  292   55    1523  898   79
1,6          3674 1190  136    2138  305   57    1536  885   79
8,3          3669 1170  161    2139  293   68    1530  877   93
5,4          3667 1193  140    2128  319   53    1539  874   87
4,1          3660 1187  153    2141  300   59    1519  887   94
7,8          3623 1236  141    2150  290   60    1473  946   81
0,9          3622 1223  155    2170  271   59    1452  952   96
2,3          3615 1234  151    2112  329   59    1503  905   92
4,4          3611 1236  153    2179  268   53    1432  968  100
1,7          3605 1234  161    2160  293   47    1445  941  114
4,2          3587 1268  145    2155  295   50    1432  973   95
2,6          3585 1272  143    2110  331   59    1475  941   84
0,0          3571 1269  160    2081  336   83    1490  933   77
9,4          3570 1263  167    2157  280   63    1413  983  104
6,6          3557 1297  146    2176  272   52    1381 1025   94
7,0          3553 1300  147    2156  286   58    1397 1014   89
8,2          3542 1292  166    2159  285   56    1383 1007  110
9,2          3524 1303  173    2162  276   62    1362 1027  111
3,9          3512 1332  156    2150  294   56    1362 1038  100
7,9          3512 1357  131    2151  300   49    1361 1057   82
1,8          3502 1357  141    2183  267   50    1319 1090   91
9,8          3498 1365  137    2125  313   62    1373 1052   75
3,0          3486 1324  190    2191  254   55    1295 1070  135
4,5          3479 1365  156    2146  300   54    1333 1065  102
1,2          3468 1370  162    2159  280   61    1309 1090  101
1,4          3465 1377  158    2155  279   66    1310 1098   92
7,6          3465 1397  138    2199  259   42    1266 1138   96
5,7          3462 1398  140    2192  266   42    1270 1132   98
6,7          3460 1392  148    2162  289   49    1298 1103   99
0,7          3450 1416  134    2178  264   58    1272 1152   76
8,7          3449 1400  151    2150  294   56    1299 1106   95
9,7          3446 1414  140    2147  301   52    1299 1113   88
1,3          3443 1420  137    2148  299   53    1295 1121   84
0,1          3442 1440  118    2118  338   44    1324 1102   74
4,6          3438 1422  140    2186  252   62    1252 1170   78
2,8          3437 1433  130    2157  283   60    1280 1150   70
7,4          3433 1418  149    2159  284   57    1274 1134   92
3,8          3428 1397  175    2129  298   73    1299 1099  102
1,0          3416 1421  163    2135  299   66    1281 1122   97
4,0          3416 1417  167    2162  278   60    1254 1139  107
5,6          3397 1448  155    2169  282   49    1228 1166  106
7,5          3391 1463  146    2148  294   58    1243 1169   88
3,4          3390 1432  178    2137  304   59    1253 1128  119
6,1          3386 1453  161    2197  245   58    1189 1208  103
1,5          3379 1454  167    2127  309   64    1252 1145  103
3,3          3370 1482  148    2141  294   65    1229 1188   83
3,6          3369 1464  167    2168  266   66    1201 1198  101
0,2          3368 1475  157    2178  275   47    1190 1200  110
9,0          3368 1481  151    2071  368   61    1297 1113   90
7,7          3364 1504  132    2186  267   47    1178 1237   85
4,3          3362 1475  163    2164  274   62    1198 1201  101
8,5          3361 1472  167    2156  288   56    1205 1184  111
2,2          3354 1499  147    2143  306   51    1211 1193   96
5,0          3349 1506  145    2129  314   57    1220 1192   88
8,4          3347 1506  147    2153  287   60    1194 1219   87
5,5          3335 1541  124    2175  283   42    1160 1258   82
3,2          3334 1509  157    2110  327   63    1224 1182   94
5,1          3326 1508  166    2149  299   52    1177 1209  114
6,0          3325 1518  157    2134  305   61    1191 1213   96
1,1          3321 1526  153    2162  288   50    1159 1238  103
7,3          3320 1538  142    2134  316   50    1186 1222   92
8,9          3320 1526  154    2163  283   54    1157 1243  100
9,6          3316 1552  132    2140  309   51    1176 1243   81
3,5          3308 1530  162    2167  280   53    1141 1250  109
5,9          3306 1541  153    2148  292   60    1158 1249   93
0,8          3298 1538  164    2164  272   64    1134 1266  100
8,0          3295 1554  151    2139  307   54    1156 1247   97
0,6          3293 1546  161    2153  291   56    1140 1255  105
2,1          3281 1558  161    2095  342   63    1186 1216   98
2,5          3280 1543  177    2159  278   63    1121 1265  114
3,1          3279 1576  145    2106  341   53    1173 1235   92
0,5          3268 1553  179    2161  280   59    1107 1273  120
2,9          3261 1594  145    2141  310   49    1120 1284   96
6,9          3255 1603  142    2148  294   58    1107 1309   84
2,0          3252 1612  136    2139  309   52    1113 1303   84
4,9          3252 1568  180    2126  310   64    1126 1258  116
9,9          3249 1607  144    2133  301   66    1116 1306   78
7,1          3243 1607  150    2200  242   58    1043 1365   92
9,3          3242 1613  145    2100  360   40    1142 1253  105
8,6          3240 1601  159    2178  260   62    1062 1341   97
7,2          3239 1637  124    2172  280   48    1067 1357   76
2,7          3235 1605  160    2172  273   55    1063 1332  105
5,8          3235 1609  156    2148  289   63    1087 1320   93
9,1          3218 1618  164    2092  345   63    1126 1273  101
8,8          3201 1651  148    2167  289   44    1034 1362  104
6,8          3191 1651  158    2127  324   49    1064 1327  109
0,3          3178 1663  159    2167  276   57    1011 1387  102
5,2          3173 1672  155    2182  272   46     991 1400  109
6,5          3171 1684  145    2167  293   40    1004 1391  105
2,4          3112 1723  165    2150  279   71     962 1444   94
4,8          3101 1756  143    2162  290   48     939 1466   95
6,4          3086 1759  155    2116  321   63     970 1438   92
6,3          3084 1761  155    2158  290   52     926 1471  103
4,7          3050 1795  155    2191  253   56     859 1542   99
6,2          3023 1819  158    2180  261   59     843 1558   99
9,5          3013 1831  156    2174  270   56     839 1561  100
5,3          2979 1878  143    2156  285   59     823 1593   84
8,1          2974 1861  165    2134  311   55     840 1550  110
100


Team A Total Wins: 337499
Ties: 15195

50x50 vs 9k

Team A: 
Overall:           all             as Black          as White     
                W    L    T       W    L    T       W    L    T  
size: 100
1,9          3713 1134  153    2090  338   72    1623  796   81
8,3          3658 1183  159    2128  306   66    1530  877   93
1,6          3632 1224  144    2096  339   65    1536  885   79
3,7          3632 1218  150    2101  332   67    1531  886   83
5,4          3626 1222  152    2087  348   65    1539  874   87
0,0          3613 1263  124    2123  330   47    1490  933   77
4,1          3591 1247  162    2072  360   68    1519  887   94
1,7          3589 1249  162    2144  308   48    1445  941  114
0,4          3581 1272  147    2058  374   68    1523  898   79
2,6          3575 1287  138    2100  346   54    1475  941   84
2,3          3573 1276  151    2070  371   59    1503  905   92
7,8          3556 1304  140    2083  358   59    1473  946   81
0,9          3551 1302  147    2099  350   51    1452  952   96
4,4          3537 1307  156    2105  339   56    1432  968  100
4,2          3533 1313  154    2101  340   59    1432  973   95
9,4          3487 1353  160    2074  370   56    1413  983  104
6,6          3483 1372  145    2102  347   51    1381 1025   94
9,2          3463 1368  169    2101  341   58    1362 1027  111
8,2          3462 1369  169    2079  362   59    1383 1007  110
7,0          3461 1377  162    2064  363   73    1397 1014   89
3,9          3456 1375  169    2094  337   69    1362 1038  100
7,9          3442 1404  154    2081  347   72    1361 1057   82
3,8          3434 1405  161    2135  306   59    1299 1099  102
1,2          3420 1419  161    2111  329   60    1309 1090  101
9,8          3418 1447  135    2045  395   60    1373 1052   75
0,1          3415 1449  136    2091  347   62    1324 1102   74
1,8          3413 1435  152    2094  345   61    1319 1090   91
5,7          3399 1439  162    2129  307   64    1270 1132   98
9,7          3399 1443  158    2100  330   70    1299 1113   88
1,0          3398 1441  161    2117  319   64    1281 1122   97
4,5          3396 1434  170    2063  369   68    1333 1065  102
1,4          3395 1453  152    2085  355   60    1310 1098   92
2,8          3395 1477  128    2115  327   58    1280 1150   70
9,0          3383 1469  148    2086  356   58    1297 1113   90
1,5          3376 1466  158    2124  321   55    1252 1145  103
3,0          3372 1433  195    2077  363   60    1295 1070  135
6,7          3371 1467  162    2073  364   63    1298 1103   99
5,6          3367 1474  159    2139  308   53    1228 1166  106
8,7          3355 1497  148    2056  391   53    1299 1106   95
5,0          3351 1495  154    2131  303   66    1220 1192   88
7,4          3350 1494  156    2076  360   64    1274 1134   92
7,6          3345 1496  159    2079  358   63    1266 1138   96
3,4          3340 1483  177    2087  355   58    1253 1128  119
3,3          3337 1522  141    2108  334   58    1229 1188   83
0,7          3335 1512  153    2063  360   77    1272 1152   76
1,3          3324 1514  162    2029  393   78    1295 1121   84
2,2          3321 1517  162    2110  324   66    1211 1193   96
6,1          3310 1518  172    2121  310   69    1189 1208  103
4,0          3308 1523  169    2054  384   62    1254 1139  107
8,4          3307 1549  144    2113  330   57    1194 1219   87
3,6          3304 1542  154    2103  344   53    1201 1198  101
3,2          3302 1542  156    2078  360   62    1224 1182   94
7,3          3300 1554  146    2114  332   54    1186 1222   92
4,6          3295 1571  134    2043  401   56    1252 1170   78
5,9          3294 1570  136    2136  321   43    1158 1249   93
7,5          3287 1557  156    2044  388   68    1243 1169   88
6,0          3277 1568  155    2086  355   59    1191 1213   96
6,9          3273 1587  140    2166  278   56    1107 1309   84
2,1          3271 1564  165    2085  348   67    1186 1216   98
8,5          3266 1551  183    2061  367   72    1205 1184  111
4,3          3264 1572  164    2066  371   63    1198 1201  101
7,7          3264 1585  151    2086  348   66    1178 1237   85
9,6          3257 1598  145    2081  355   64    1176 1243   81
5,5          3253 1596  151    2093  338   69    1160 1258   82
3,5          3248 1585  167    2107  335   58    1141 1250  109
0,6          3244 1580  176    2104  325   71    1140 1255  105
5,1          3243 1578  179    2066  369   65    1177 1209  114
0,2          3240 1588  172    2050  388   62    1190 1200  110
0,8          3238 1598  164    2104  332   64    1134 1266  100
3,1          3235 1605  160    2062  370   68    1173 1235   92
1,1          3234 1601  165    2075  363   62    1159 1238  103
9,9          3226 1632  142    2110  326   64    1116 1306   78
9,1          3223 1601  176    2097  328   75    1126 1273  101
8,0          3221 1602  177    2065  355   80    1156 1247   97
2,9          3212 1639  149    2092  355   53    1120 1284   96
4,9          3208 1616  176    2082  358   60    1126 1258  116
8,9          3204 1632  164    2047  389   64    1157 1243  100
2,5          3203 1614  183    2082  349   69    1121 1265  114
5,8          3199 1653  148    2112  333   55    1087 1320   93
2,0          3186 1672  142    2073  369   58    1113 1303   84
9,3          3185 1630  185    2043  377   80    1142 1253  105
8,6          3175 1675  150    2113  334   53    1062 1341   97
0,5          3171 1641  188    2064  368   68    1107 1273  120
7,2          3158 1705  137    2091  348   61    1067 1357   76
8,8          3142 1691  167    2108  329   63    1034 1362  104
2,7          3136 1686  178    2073  354   73    1063 1332  105
6,8          3132 1686  182    2068  359   73    1064 1327  109
7,1          3129 1714  157    2086  349   65    1043 1365   92
5,2          3082 1751  167    2091  351   58     991 1400  109
6,4          3071 1778  151    2101  340   59     970 1438   92
6,5          3065 1774  161    2061  383   56    1004 1391  105
0,3          3064 1777  159    2053  390   57    1011 1387  102
2,4          3058 1792  150    2096  348   56     962 1444   94
6,3          3005 1828  167    2079  357   64     926 1471  103
4,8          2988 1852  160    2049  386   65     939 1466   95
4,7          2949 1897  154    2090  355   55     859 1542   99
6,2          2935 1911  154    2092  353   55     843 1558   99
9,5          2918 1912  170    2079  351   70     839 1561  100
8,1          2896 1924  180    2056  374   70     840 1550  110
5,3          2890 1967  143    2067  374   59     823 1593   84
100


Team A Total Wins: 331168
Ties: 15798

50x50 vs 10k

Team A: 
Overall:           all             as Black          as White     
                W    L    T       W    L    T       W    L    T  
size: 100
1,9          3723 1130  147    2100  334   66    1623  796   81
3,7          3672 1196  132    2141  310   49    1531  886   83
2,3          3664 1194  142    2161  289   50    1503  905   92
8,3          3654 1190  156    2124  313   63    1530  877   93
0,4          3652 1215  133    2129  317   54    1523  898   79
1,6          3646 1219  135    2110  334   56    1536  885   79
5,4          3623 1219  158    2084  345   71    1539  874   87
2,6          3599 1251  150    2124  310   66    1475  941   84
4,1          3597 1239  164    2078  352   70    1519  887   94
0,0          3594 1262  144    2104  329   67    1490  933   77
0,9          3592 1262  146    2140  310   50    1452  952   96
4,2          3585 1259  156    2153  286   61    1432  973   95
4,4          3573 1283  144    2141  315   44    1432  968  100
9,4          3566 1278  156    2153  295   52    1413  983  104
1,7          3560 1265  175    2115  324   61    1445  941  114
6,6          3541 1322  137    2160  297   43    1381 1025   94
7,8          3534 1320  146    2061  374   65    1473  946   81
9,2          3520 1313  167    2158  286   56    1362 1027  111
7,9          3516 1345  139    2155  288   57    1361 1057   82
9,8          3514 1351  135    2141  299   60    1373 1052   75
8,2          3513 1320  167    2130  313   57    1383 1007  110
7,0          3504 1354  142    2107  340   53    1397 1014   89
3,9          3476 1377  147    2114  339   47    1362 1038  100
1,2          3463 1389  148    2154  299   47    1309 1090  101
6,7          3461 1377  162    2163  274   63    1298 1103   99
4,5          3460 1371  169    2127  306   67    1333 1065  102
1,3          3450 1403  147    2155  282   63    1295 1121   84
9,0          3439 1416  145    2142  303   55    1297 1113   90
3,8          3430 1408  162    2131  309   60    1299 1099  102
0,1          3426 1439  135    2102  337   61    1324 1102   74
7,4          3423 1426  151    2149  292   59    1274 1134   92
1,8          3422 1427  151    2103  337   60    1319 1090   91
9,7          3421 1433  146    2122  320   58    1299 1113   88
8,7          3407 1441  152    2108  335   57    1299 1106   95
3,0          3402 1402  196    2107  332   61    1295 1070  135
5,7          3400 1452  148    2130  320   50    1270 1132   98
1,5          3399 1443  158    2147  298   55    1252 1145  103
1,0          3398 1452  150    2117  330   53    1281 1122   97
1,4          3397 1460  143    2087  362   51    1310 1098   92
2,8          3394 1476  130    2114  326   60    1280 1150   70
7,6          3394 1455  151    2128  317   55    1266 1138   96
3,4          3393 1428  179    2140  300   60    1253 1128  119
4,6          3382 1478  140    2130  308   62    1252 1170   78
0,7          3379 1486  135    2107  334   59    1272 1152   76
3,2          3378 1487  135    2154  305   41    1224 1182   94
3,3          3376 1477  147    2147  289   64    1229 1188   83
4,0          3372 1450  178    2118  311   71    1254 1139  107
8,4          3366 1501  133    2172  282   46    1194 1219   87
3,6          3365 1475  160    2164  277   59    1201 1198  101
5,6          3365 1471  164    2137  305   58    1228 1166  106
7,5          3354 1510  136    2111  341   48    1243 1169   88
8,5          3350 1492  158    2145  308   47    1205 1184  111
5,0          3348 1511  141    2128  319   53    1220 1192   88
7,7          3339 1523  138    2161  286   53    1178 1237   85
2,2          3330 1525  145    2119  332   49    1211 1193   96
2,1          3325 1518  157    2139  302   59    1186 1216   98
4,3          3309 1521  170    2111  320   69    1198 1201  101
0,2          3298 1522  180    2108  322   70    1190 1200  110
5,1          3298 1525  177    2121  316   63    1177 1209  114
8,0          3297 1554  149    2141  307   52    1156 1247   97
1,1          3294 1552  154    2135  314   51    1159 1238  103
6,0          3293 1543  164    2102  330   68    1191 1213   96
5,5          3291 1565  144    2131  307   62    1160 1258   82
3,5          3286 1543  171    2145  293   62    1141 1250  109
9,6          3283 1570  147    2107  327   66    1176 1243   81
9,3          3282 1563  155    2140  310   50    1142 1253  105
5,9          3281 1571  148    2123  322   55    1158 1249   93
8,9          3280 1566  154    2123  323   54    1157 1243  100
9,9          3271 1597  132    2155  291   54    1116 1306   78
6,1          3268 1553  179    2079  345   76    1189 1208  103
7,3          3268 1579  153    2082  357   61    1186 1222   92
9,1          3266 1579  155    2140  306   54    1126 1273  101
0,5          3265 1565  170    2158  292   50    1107 1273  120
4,9          3258 1566  176    2132  308   60    1126 1258  116
3,1          3253 1602  145    2080  367   53    1173 1235   92
0,8          3251 1584  165    2117  318   65    1134 1266  100
2,5          3247 1587  166    2126  322   52    1121 1265  114
6,9          3238 1613  149    2131  304   65    1107 1309   84
0,6          3237 1603  160    2097  348   55    1140 1255  105
6,8          3224 1609  167    2160  282   58    1064 1327  109
2,9          3210 1614  176    2090  330   80    1120 1284   96
2,0          3208 1638  154    2095  335   70    1113 1303   84
7,2          3201 1679  120    2134  322   44    1067 1357   76
2,7          3194 1635  171    2131  303   66    1063 1332  105
5,8          3186 1659  155    2099  339   62    1087 1320   93
8,6          3175 1660  165    2113  319   68    1062 1341   97
0,3          3174 1684  142    2163  297   40    1011 1387  102
8,8          3162 1674  164    2128  312   60    1034 1362  104
7,1          3161 1687  152    2118  322   60    1043 1365   92
5,2          3132 1700  168    2141  300   59     991 1400  109
6,5          3105 1713  182    2101  322   77    1004 1391  105
6,4          3089 1756  155    2119  318   63     970 1438   92
2,4          3077 1774  149    2115  330   55     962 1444   94
4,8          3069 1774  157    2130  308   62     939 1466   95
6,3          3067 1768  165    2141  297   62     926 1471  103
4,7          2993 1834  173    2134  292   74     859 1542   99
8,1          2981 1852  167    2141  302   57     840 1550  110
9,5          2977 1872  151    2138  311   51     839 1561  100
5,3          2969 1888  143    2146  295   59     823 1593   84
6,2          2959 1893  148    2116  335   49     843 1558   99
100


Team A Total Wins: 335053
Ties: 15395
