50x50 vs 0k

Team A: 
Overall:           all             as Black          as White     
                W    L    T       W    L    T       W    L    T  
size: 100
1,6          3011 1809  180    1475  924  101    1536  885   79
0,2          2833 1979  188    1643  779   78    1190 1200  110
2,3          2808 2004  188    1305 1099   96    1503  905   92
0,4          2786 2037  177    1263 1139   98    1523  898   79
2,6          2779 2045  176    1304 1104   92    1475  941   84
4,4          2776 2039  185    1344 1071   85    1432  968  100
9,2          2753 2047  200    1391 1020   89    1362 1027  111
9,0          2745 2077  178    1448  964   88    1297 1113   90
1,9          2734 2106  160    1111 1310   79    1623  796   81
9,8          2733 2094  173    1360 1042   98    1373 1052   75
4,0          2714 2078  208    1460  939  101    1254 1139  107
5,4          2695 2126  179    1156 1252   92    1539  874   87
2,8          2689 2115  196    1409  965  126    1280 1150   70
4,1          2668 2138  194    1149 1251  100    1519  887   94
0,1          2666 2158  176    1342 1056  102    1324 1102   74
5,7          2641 2167  192    1371 1035   94    1270 1132   98
8,2          2633 2155  212    1250 1148  102    1383 1007  110
8,3          2629 2177  194    1099 1300  101    1530  877   93
0,7          2620 2205  175    1348 1053   99    1272 1152   76
4,2          2618 2197  185    1186 1224   90    1432  973   95
7,8          2611 2216  173    1138 1270   92    1473  946   81
3,3          2592 2220  188    1363 1032  105    1229 1188   83
0,9          2581 2229  190    1129 1277   94    1452  952   96
7,9          2581 2250  169    1220 1193   87    1361 1057   82
1,7          2580 2187  233    1135 1246  119    1445  941  114
3,2          2579 2218  203    1355 1036  109    1224 1182   94
7,0          2570 2237  193    1173 1223  104    1397 1014   89
6,6          2568 2223  209    1187 1198  115    1381 1025   94
0,0          2566 2268  166    1076 1335   89    1490  933   77
3,9          2550 2245  205    1188 1207  105    1362 1038  100
2,5          2546 2225  229    1425  960  115    1121 1265  114
8,6          2530 2288  182    1468  947   85    1062 1341   97
3,7          2525 2303  172     994 1417   89    1531  886   83
6,7          2515 2307  178    1217 1204   79    1298 1103   99
5,1          2509 2276  215    1332 1067  101    1177 1209  114
3,0          2505 2261  234    1210 1191   99    1295 1070  135
1,2          2502 2309  189    1193 1219   88    1309 1090  101
9,9          2497 2329  174    1381 1023   96    1116 1306   78
5,0          2495 2343  162    1275 1151   74    1220 1192   88
1,8          2483 2314  203    1164 1224  112    1319 1090   91
6,0          2467 2344  189    1276 1131   93    1191 1213   96
4,5          2466 2316  218    1133 1251  116    1333 1065  102
3,6          2459 2334  207    1258 1136  106    1201 1198  101
3,1          2445 2369  186    1272 1134   94    1173 1235   92
4,3          2437 2355  208    1239 1154  107    1198 1201  101
0,5          2436 2360  204    1329 1087   84    1107 1273  120
5,9          2422 2372  206    1264 1123  113    1158 1249   93
1,1          2419 2409  172    1260 1171   69    1159 1238  103
9,3          2412 2375  213    1270 1122  108    1142 1253  105
1,0          2406 2391  203    1125 1269  106    1281 1122   97
1,3          2403 2421  176    1108 1300   92    1295 1121   84
9,1          2400 2423  177    1274 1150   76    1126 1273  101
6,8          2387 2406  207    1323 1079   98    1064 1327  109
4,6          2384 2439  177    1132 1269   99    1252 1170   78
2,2          2378 2446  176    1167 1253   80    1211 1193   96
9,4          2374 2422  204     961 1439  100    1413  983  104
3,8          2344 2444  212    1045 1345  110    1299 1099  102
7,7          2344 2475  181    1166 1238   96    1178 1237   85
8,5          2341 2436  223    1136 1252  112    1205 1184  111
4,9          2337 2467  196    1211 1209   80    1126 1258  116
3,4          2334 2461  205    1081 1333   86    1253 1128  119
0,8          2308 2500  192    1174 1234   92    1134 1266  100
7,3          2305 2519  176    1119 1297   84    1186 1222   92
8,4          2305 2501  194    1111 1282  107    1194 1219   87
5,5          2297 2516  187    1137 1258  105    1160 1258   82
2,9          2276 2533  191    1156 1249   95    1120 1284   96
1,4          2256 2548  196     946 1450  104    1310 1098   92
8,0          2256 2565  179    1100 1318   82    1156 1247   97
9,7          2252 2565  183     953 1452   95    1299 1113   88
2,7          2251 2545  204    1188 1213   99    1063 1332  105
6,9          2249 2570  181    1142 1261   97    1107 1309   84
6,2          2235 2565  200    1392 1007  101     843 1558   99
9,5          2232 2579  189    1393 1018   89     839 1561  100
8,9          2231 2573  196    1074 1330   96    1157 1243  100
7,6          2226 2573  201     960 1435  105    1266 1138   96
0,6          2210 2587  203    1070 1332   98    1140 1255  105
5,8          2202 2586  212    1115 1266  119    1087 1320   93
8,7          2191 2628  181     892 1522   86    1299 1106   95
5,6          2189 2623  188     961 1457   82    1228 1166  106
2,1          2183 2633  184     997 1417   86    1186 1216   98
6,4          2171 2631  198    1201 1193  106     970 1438   92
5,3          2160 2671  169    1337 1078   85     823 1593   84
9,6          2150 2670  180     974 1427   99    1176 1243   81
7,2          2144 2705  151    1077 1348   75    1067 1357   76
1,5          2138 2677  185     886 1532   82    1252 1145  103
2,4          2123 2701  176    1161 1257   82     962 1444   94
7,4          2122 2691  187     848 1557   95    1274 1134   92
7,5          2118 2714  168     875 1545   80    1243 1169   88
5,2          2107 2712  181    1116 1312   72     991 1400  109
3,5          2091 2723  186     950 1473   77    1141 1250  109
2,0          2090 2722  188     977 1419  104    1113 1303   84
6,1          2038 2770  192     849 1562   89    1189 1208  103
0,3          2020 2775  205    1009 1388  103    1011 1387  102
6,3          1952 2854  194    1026 1383   91     926 1471  103
7,1          1952 2876  172     909 1511   80    1043 1365   92
8,8          1902 2884  214     868 1522  110    1034 1362  104
8,1          1893 2909  198    1053 1359   88     840 1550  110
4,8          1882 2940  178     943 1474   83     939 1466   95
6,5          1878 2916  206     874 1525  101    1004 1391  105
4,7          1601 3216  183     742 1674   84     859 1542   99
100


Team A Total Wins: 238997
Ties: 19071


50x50 vs 1k

Team A: 
Overall:           all             as Black          as White     
                W    L    T       W    L    T       W    L    T  
size: 100
1,9          3623 1233  144    2000  437   63    1623  796   81
5,4          3623 1226  151    2084  352   64    1539  874   87
4,1          3598 1234  168    2079  347   74    1519  887   94
8,3          3584 1255  161    2054  378   68    1530  877   93
1,6          3569 1291  140    2033  406   61    1536  885   79
2,3          3567 1262  171    2064  357   79    1503  905   92
1,7          3565 1263  172    2120  322   58    1445  941  114
3,7          3536 1320  144    2005  434   61    1531  886   83
4,4          3534 1308  158    2102  340   58    1432  968  100
0,4          3531 1322  147    2008  424   68    1523  898   79
7,8          3525 1335  140    2052  389   59    1473  946   81
2,6          3506 1355  139    2031  414   55    1475  941   84
0,9          3499 1346  155    2047  394   59    1452  952   96
0,0          3491 1363  146    2001  430   69    1490  933   77
9,2          3460 1375  165    2098  348   54    1362 1027  111
9,8          3458 1407  135    2085  355   60    1373 1052   75
6,6          3441 1401  158    2060  376   64    1381 1025   94
4,2          3440 1399  161    2008  426   66    1432  973   95
4,5          3428 1401  171    2095  336   69    1333 1065  102
0,1          3406 1452  142    2082  350   68    1324 1102   74
3,9          3404 1435  161    2042  397   61    1362 1038  100
7,9          3399 1462  139    2038  405   57    1361 1057   82
8,7          3393 1460  147    2094  354   52    1299 1106   95
7,0          3392 1441  167    1995  427   78    1397 1014   89
6,7          3388 1459  153    2090  356   54    1298 1103   99
1,3          3375 1494  131    2080  373   47    1295 1121   84
8,2          3373 1448  179    1990  441   69    1383 1007  110
9,4          3372 1443  185    1959  460   81    1413  983  104
3,4          3366 1455  179    2113  327   60    1253 1128  119
5,7          3357 1494  149    2087  362   51    1270 1132   98
3,8          3355 1478  167    2056  379   65    1299 1099  102
3,3          3345 1517  138    2116  329   55    1229 1188   83
2,8          3340 1533  127    2060  383   57    1280 1150   70
1,4          3335 1513  152    2025  415   60    1310 1098   92
1,2          3332 1496  172    2023  406   71    1309 1090  101
9,7          3331 1516  153    2032  403   65    1299 1113   88
1,8          3330 1499  171    2011  409   80    1319 1090   91
7,4          3324 1526  150    2050  392   58    1274 1134   92
7,5          3318 1537  145    2075  368   57    1243 1169   88
3,0          3317 1486  197    2022  416   62    1295 1070  135
1,0          3314 1524  162    2033  402   65    1281 1122   97
1,5          3303 1519  178    2051  374   75    1252 1145  103
0,7          3301 1560  139    2029  408   63    1272 1152   76
8,4          3298 1538  164    2104  319   77    1194 1219   87
5,6          3296 1529  175    2068  363   69    1228 1166  106
7,3          3281 1549  170    2095  327   78    1186 1222   92
2,1          3278 1568  154    2092  352   56    1186 1216   98
4,3          3278 1544  178    2080  343   77    1198 1201  101
4,6          3278 1571  151    2026  401   73    1252 1170   78
7,6          3266 1569  165    2000  431   69    1266 1138   96
4,0          3261 1549  190    2007  410   83    1254 1139  107
9,0          3242 1602  156    1945  489   66    1297 1113   90
5,9          3237 1591  172    2079  342   79    1158 1249   93
3,6          3236 1606  158    2035  408   57    1201 1198  101
3,5          3235 1599  166    2094  349   57    1141 1250  109
8,0          3234 1616  150    2078  369   53    1156 1247   97
3,2          3232 1609  159    2008  427   65    1224 1182   94
5,0          3216 1634  150    1996  442   62    1220 1192   88
8,9          3216 1627  157    2059  384   57    1157 1243  100
7,7          3215 1643  142    2037  406   57    1178 1237   85
0,6          3213 1622  165    2073  367   60    1140 1255  105
5,5          3206 1656  138    2046  398   56    1160 1258   82
2,5          3205 1620  175    2084  355   61    1121 1265  114
9,1          3201 1648  151    2075  375   50    1126 1273  101
8,5          3193 1624  183    1988  440   72    1205 1184  111
9,3          3191 1642  167    2049  389   62    1142 1253  105
0,8          3188 1645  167    2054  379   67    1134 1266  100
4,9          3181 1639  180    2055  381   64    1126 1258  116
2,0          3180 1677  143    2067  374   59    1113 1303   84
9,9          3178 1693  129    2062  387   51    1116 1306   78
5,8          3175 1679  146    2088  359   53    1087 1320   93
1,1          3174 1653  173    2015  415   70    1159 1238  103
2,2          3170 1673  157    1959  480   61    1211 1193   96
2,9          3170 1667  163    2050  383   67    1120 1284   96
0,2          3168 1661  171    1978  461   61    1190 1200  110
7,2          3168 1702  130    2101  345   54    1067 1357   76
6,0          3160 1671  169    1969  458   73    1191 1213   96
9,6          3154 1697  149    1978  454   68    1176 1243   81
0,5          3153 1651  196    2046  378   76    1107 1273  120
8,6          3118 1729  153    2056  388   56    1062 1341   97
3,1          3106 1727  167    1933  492   75    1173 1235   92
8,8          3098 1732  170    2064  370   66    1034 1362  104
5,2          3090 1752  158    2099  352   49     991 1400  109
6,5          3081 1746  173    2077  355   68    1004 1391  105
6,1          3070 1755  175    1881  547   72    1189 1208  103
2,7          3067 1753  180    2004  421   75    1063 1332  105
0,3          3063 1769  168    2052  382   66    1011 1387  102
6,4          3041 1789  170    2071  351   78     970 1438   92
5,1          3039 1776  185    1862  567   71    1177 1209  114
6,9          3032 1806  162    1925  497   78    1107 1309   84
6,8          3002 1823  175    1938  496   66    1064 1327  109
4,8          2977 1864  159    2038  398   64     939 1466   95
7,1          2949 1897  154    1906  532   62    1043 1365   92
8,1          2949 1883  168    2109  333   58     840 1550  110
5,3          2947 1905  148    2124  312   64     823 1593   84
2,4          2939 1898  163    1977  454   69     962 1444   94
6,2          2926 1916  158    2083  358   59     843 1558   99
4,7          2896 1947  157    2037  405   58     859 1542   99
6,3          2837 1987  176    1911  516   73     926 1471  103
9,5          2828 1993  179    1989  432   79     839 1561  100
100


Team A Total Wins: 326230
Ties: 16016

50x50 vs 2k

Team A: 
Overall:           all             as Black          as White     
                W    L    T       W    L    T       W    L    T  
size: 100
1,9          3684 1175  141    2061  379   60    1623  796   81
8,3          3658 1203  139    2128  326   46    1530  877   93
4,1          3654 1199  147    2135  312   53    1519  887   94
0,0          3651 1221  128    2161  288   51    1490  933   77
1,6          3627 1216  157    2091  331   78    1536  885   79
0,4          3612 1251  137    2089  353   58    1523  898   79
2,3          3612 1236  152    2109  331   60    1503  905   92
5,4          3568 1284  148    2029  410   61    1539  874   87
2,6          3554 1312  134    2079  371   50    1475  941   84
4,2          3549 1300  151    2117  327   56    1432  973   95
0,9          3527 1315  158    2075  363   62    1452  952   96
4,4          3524 1305  171    2092  337   71    1432  968  100
1,7          3522 1292  186    2077  351   72    1445  941  114
9,8          3501 1364  135    2128  312   60    1373 1052   75
9,4          3491 1347  162    2078  364   58    1413  983  104
7,8          3482 1371  147    2009  425   66    1473  946   81
6,6          3481 1368  151    2100  343   57    1381 1025   94
6,7          3464 1388  148    2166  285   49    1298 1103   99
1,2          3457 1388  155    2148  298   54    1309 1090  101
3,7          3455 1402  143    1924  516   60    1531  886   83
1,8          3453 1397  150    2134  307   59    1319 1090   91
0,1          3450 1415  135    2126  313   61    1324 1102   74
4,5          3437 1409  154    2104  344   52    1333 1065  102
7,9          3430 1422  148    2069  365   66    1361 1057   82
7,6          3425 1423  152    2159  285   56    1266 1138   96
8,2          3424 1412  164    2041  405   54    1383 1007  110
1,3          3422 1434  144    2127  313   60    1295 1121   84
9,2          3418 1408  174    2056  381   63    1362 1027  111
0,7          3405 1453  142    2133  301   66    1272 1152   76
7,4          3403 1433  164    2129  299   72    1274 1134   92
1,4          3402 1457  141    2092  359   49    1310 1098   92
7,0          3396 1462  142    1999  448   53    1397 1014   89
1,0          3390 1459  151    2109  337   54    1281 1122   97
3,0          3374 1427  199    2079  357   64    1295 1070  135
3,8          3368 1475  157    2069  376   55    1299 1099  102
9,0          3361 1477  162    2064  364   72    1297 1113   90
4,0          3359 1462  179    2105  323   72    1254 1139  107
5,0          3356 1498  146    2136  306   58    1220 1192   88
5,7          3356 1486  158    2086  354   60    1270 1132   98
2,8          3353 1520  127    2073  370   57    1280 1150   70
7,5          3332 1519  149    2089  350   61    1243 1169   88
8,5          3325 1510  165    2120  326   54    1205 1184  111
9,7          3324 1524  152    2025  411   64    1299 1113   88
3,4          3323 1495  182    2070  367   63    1253 1128  119
1,5          3319 1506  175    2067  361   72    1252 1145  103
9,6          3319 1539  142    2143  296   61    1176 1243   81
2,2          3317 1520  163    2106  327   67    1211 1193   96
6,0          3317 1535  148    2126  322   52    1191 1213   96
3,6          3311 1525  164    2110  327   63    1201 1198  101
8,4          3311 1549  140    2117  330   53    1194 1219   87
3,3          3309 1533  158    2080  345   75    1229 1188   83
0,2          3297 1541  162    2107  341   52    1190 1200  110
2,1          3292 1557  151    2106  341   53    1186 1216   98
3,9          3291 1539  170    1929  501   70    1362 1038  100
8,0          3290 1561  149    2134  314   52    1156 1247   97
3,1          3287 1558  155    2114  323   63    1173 1235   92
7,3          3287 1545  168    2101  323   76    1186 1222   92
4,3          3282 1555  163    2084  354   62    1198 1201  101
8,7          3278 1575  147    1979  469   52    1299 1106   95
6,1          3273 1553  174    2084  345   71    1189 1208  103
0,6          3271 1566  163    2131  311   58    1140 1255  105
4,6          3271 1567  162    2019  397   84    1252 1170   78
3,2          3262 1578  160    2038  396   66    1224 1182   94
3,5          3258 1576  166    2117  326   57    1141 1250  109
5,1          3249 1568  183    2072  359   69    1177 1209  114
7,7          3248 1606  146    2070  369   61    1178 1237   85
9,3          3242 1582  176    2100  329   71    1142 1253  105
5,6          3241 1601  158    2013  435   52    1228 1166  106
1,1          3233 1615  152    2074  377   49    1159 1238  103
2,0          3231 1632  137    2118  329   53    1113 1303   84
5,9          3228 1619  153    2070  370   60    1158 1249   93
0,5          3202 1616  182    2095  343   62    1107 1273  120
8,9          3201 1625  174    2044  382   74    1157 1243  100
5,5          3200 1668  132    2040  410   50    1160 1258   82
6,9          3200 1661  139    2093  352   55    1107 1309   84
2,9          3193 1656  151    2073  372   55    1120 1284   96
4,9          3192 1633  175    2066  375   59    1126 1258  116
0,8          3191 1641  168    2057  375   68    1134 1266  100
9,9          3188 1666  146    2072  360   68    1116 1306   78
5,8          3179 1668  153    2092  348   60    1087 1320   93
2,5          3165 1663  172    2044  398   58    1121 1265  114
7,1          3155 1707  138    2112  342   46    1043 1365   92
2,7          3148 1686  166    2085  354   61    1063 1332  105
7,2          3128 1727  145    2061  370   69    1067 1357   76
6,5          3127 1710  163    2123  319   58    1004 1391  105
6,8          3119 1718  163    2055  391   54    1064 1327  109
8,8          3116 1713  171    2082  351   67    1034 1362  104
5,2          3107 1724  169    2116  324   60     991 1400  109
0,3          3093 1738  169    2082  351   67    1011 1387  102
2,4          3091 1767  142    2129  323   48     962 1444   94
9,1          3064 1756  180    1938  483   79    1126 1273  101
6,3          3060 1779  161    2134  308   58     926 1471  103
6,4          3046 1784  170    2076  346   78     970 1438   92
8,6          3037 1796  167    1975  455   70    1062 1341   97
9,5          2947 1906  147    2108  345   47     839 1561  100
6,2          2938 1910  152    2095  352   53     843 1558   99
5,3          2937 1917  146    2114  324   62     823 1593   84
4,8          2934 1891  175    1995  425   80     939 1466   95
4,7          2883 1948  169    2024  406   70     859 1542   99
8,1          2783 2035  182    1943  485   72     840 1550  110
100


Team A Total Wins: 330497
Ties: 15679

50x50 vs 3k

Team A: 
Overall:           all             as Black          as White     
                W    L    T       W    L    T       W    L    T  
size: 100
1,9          3738 1123  139    2115  327   58    1623  796   81
0,4          3678 1186  136    2155  288   57    1523  898   79
4,1          3668 1200  132    2149  313   38    1519  887   94
1,6          3662 1198  140    2126  313   61    1536  885   79
5,4          3650 1200  150    2111  326   63    1539  874   87
3,7          3647 1204  149    2116  318   66    1531  886   83
2,3          3636 1217  147    2133  312   55    1503  905   92
7,8          3598 1279  123    2125  333   42    1473  946   81
1,7          3595 1230  175    2150  289   61    1445  941  114
4,4          3586 1277  137    2154  309   37    1432  968  100
0,0          3583 1283  134    2093  350   57    1490  933   77
2,6          3582 1268  150    2107  327   66    1475  941   84
8,3          3578 1256  166    2048  379   73    1530  877   93
4,2          3567 1273  160    2135  300   65    1432  973   95
0,9          3540 1299  161    2088  347   65    1452  952   96
4,5          3513 1336  151    2180  271   49    1333 1065  102
7,0          3502 1345  153    2105  331   64    1397 1014   89
7,9          3486 1377  137    2125  320   55    1361 1057   82
9,4          3481 1349  170    2068  366   66    1413  983  104
9,2          3478 1346  176    2116  319   65    1362 1027  111
1,8          3460 1397  143    2141  307   52    1319 1090   91
9,8          3459 1391  150    2086  339   75    1373 1052   75
3,9          3456 1394  150    2094  356   50    1362 1038  100
9,7          3449 1399  152    2150  286   64    1299 1113   88
8,2          3442 1388  170    2059  381   60    1383 1007  110
1,4          3436 1421  143    2126  323   51    1310 1098   92
0,1          3435 1433  132    2111  331   58    1324 1102   74
9,0          3434 1410  156    2137  297   66    1297 1113   90
8,7          3427 1422  151    2128  316   56    1299 1106   95
6,6          3415 1427  158    2034  402   64    1381 1025   94
3,4          3413 1425  162    2160  297   43    1253 1128  119
3,8          3409 1439  152    2110  340   50    1299 1099  102
6,7          3409 1421  170    2111  318   71    1298 1103   99
1,2          3407 1428  165    2098  338   64    1309 1090  101
3,0          3406 1420  174    2111  350   39    1295 1070  135
7,5          3401 1466  133    2158  297   45    1243 1169   88
1,3          3399 1459  142    2104  338   58    1295 1121   84
3,2          3391 1468  141    2167  286   47    1224 1182   94
2,8          3384 1489  127    2104  339   57    1280 1150   70
0,7          3383 1470  147    2111  318   71    1272 1152   76
7,6          3378 1460  162    2112  322   66    1266 1138   96
1,0          3375 1469  156    2094  347   59    1281 1122   97
4,0          3374 1457  169    2120  318   62    1254 1139  107
3,3          3372 1491  137    2143  303   54    1229 1188   83
4,3          3360 1490  150    2162  289   49    1198 1201  101
5,7          3349 1498  153    2079  366   55    1270 1132   98
1,5          3348 1483  169    2096  338   66    1252 1145  103
8,5          3348 1488  164    2143  304   53    1205 1184  111
7,4          3345 1502  153    2071  368   61    1274 1134   92
9,6          3345 1533  122    2169  290   41    1176 1243   81
2,2          3343 1512  145    2132  319   49    1211 1193   96
0,2          3331 1509  160    2141  309   50    1190 1200  110
7,7          3331 1527  142    2153  290   57    1178 1237   85
4,6          3330 1533  137    2078  363   59    1252 1170   78
3,6          3328 1510  162    2127  312   61    1201 1198  101
5,0          3325 1529  146    2105  337   58    1220 1192   88
6,0          3321 1533  146    2130  320   50    1191 1213   96
5,6          3317 1508  175    2089  342   69    1228 1166  106
6,1          3317 1521  162    2128  313   59    1189 1208  103
3,1          3309 1547  144    2136  312   52    1173 1235   92
5,9          3298 1546  156    2140  297   63    1158 1249   93
5,5          3297 1560  143    2137  302   61    1160 1258   82
8,4          3277 1568  155    2083  349   68    1194 1219   87
8,9          3274 1568  158    2117  325   58    1157 1243  100
0,8          3273 1576  151    2139  310   51    1134 1266  100
3,5          3270 1571  159    2129  321   50    1141 1250  109
2,1          3269 1577  154    2083  361   56    1186 1216   98
7,3          3268 1581  151    2082  359   59    1186 1222   92
5,1          3257 1561  182    2080  352   68    1177 1209  114
1,1          3253 1582  165    2094  344   62    1159 1238  103
4,9          3252 1576  172    2126  318   56    1126 1258  116
0,6          3248 1573  179    2108  318   74    1140 1255  105
9,1          3247 1586  167    2121  313   66    1126 1273  101
9,9          3241 1628  131    2125  322   53    1116 1306   78
9,3          3222 1614  164    2080  361   59    1142 1253  105
2,5          3220 1601  179    2099  336   65    1121 1265  114
2,0          3215 1641  144    2102  338   60    1113 1303   84
6,9          3214 1642  144    2107  333   60    1107 1309   84
8,0          3207 1615  178    2051  368   81    1156 1247   97
6,8          3191 1636  173    2127  309   64    1064 1327  109
0,5          3190 1636  174    2083  363   54    1107 1273  120
2,7          3189 1644  167    2126  312   62    1063 1332  105
2,9          3189 1653  158    2069  369   62    1120 1284   96
8,6          3173 1659  168    2111  318   71    1062 1341   97
7,1          3166 1679  155    2123  314   63    1043 1365   92
5,2          3159 1685  156    2168  285   47     991 1400  109
0,3          3158 1691  151    2147  304   49    1011 1387  102
8,8          3152 1682  166    2118  320   62    1034 1362  104
5,8          3141 1708  151    2054  388   58    1087 1320   93
7,2          3140 1719  141    2073  362   65    1067 1357   76
6,5          3107 1721  172    2103  330   67    1004 1391  105
4,8          3082 1773  145    2143  307   50     939 1466   95
2,4          3077 1779  144    2115  335   50     962 1444   94
6,3          3037 1797  166    2111  326   63     926 1471  103
6,4          3014 1832  154    2044  394   62     970 1438   92
4,7          2979 1868  153    2120  326   54     859 1542   99
6,2          2978 1863  159    2135  305   60     843 1558   99
9,5          2975 1865  160    2136  304   60     839 1561  100
8,1          2974 1859  167    2134  309   57     840 1550  110
5,3          2895 1965  140    2072  372   56     823 1593   84
100


Team A Total Wins: 333797
Ties: 15410

50x50 vs 4k

Team A: 
Overall:           all             as Black          as White     
                W    L    T       W    L    T       W    L    T  
size: 100
1,9          3743 1125  132    2120  329   51    1623  796   81
3,7          3676 1173  151    2145  287   68    1531  886   83
5,4          3676 1182  142    2137  308   55    1539  874   87
0,4          3651 1215  134    2128  317   55    1523  898   79
4,1          3628 1219  153    2109  332   59    1519  887   94
1,6          3627 1218  155    2091  333   76    1536  885   79
8,3          3615 1220  165    2085  343   72    1530  877   93
0,0          3606 1243  151    2116  310   74    1490  933   77
2,6          3601 1246  153    2126  305   69    1475  941   84
7,8          3591 1273  136    2118  327   55    1473  946   81
1,7          3563 1260  177    2118  319   63    1445  941  114
0,9          3543 1294  163    2091  342   67    1452  952   96
2,3          3535 1300  165    2032  395   73    1503  905   92
7,0          3511 1350  139    2114  336   50    1397 1014   89
8,2          3508 1307  185    2125  300   75    1383 1007  110
4,4          3504 1333  163    2072  365   63    1432  968  100
9,4          3491 1324  185    2078  341   81    1413  983  104
6,6          3489 1365  146    2108  340   52    1381 1025   94
4,2          3483 1353  164    2051  380   69    1432  973   95
0,1          3477 1387  136    2153  285   62    1324 1102   74
4,5          3464 1386  150    2131  321   48    1333 1065  102
7,9          3456 1395  149    2095  338   67    1361 1057   82
9,2          3456 1377  167    2094  350   56    1362 1027  111
9,8          3450 1414  136    2077  362   61    1373 1052   75
3,9          3435 1411  154    2073  373   54    1362 1038  100
1,4          3434 1412  154    2124  314   62    1310 1098   92
1,8          3431 1409  160    2112  319   69    1319 1090   91
3,0          3429 1370  201    2134  300   66    1295 1070  135
2,8          3418 1456  126    2138  306   56    1280 1150   70
9,7          3416 1439  145    2117  326   57    1299 1113   88
9,0          3412 1439  149    2115  326   59    1297 1113   90
3,8          3409 1426  165    2110  327   63    1299 1099  102
6,7          3405 1435  160    2107  332   61    1298 1103   99
1,3          3403 1465  132    2108  344   48    1295 1121   84
8,7          3399 1452  149    2100  346   54    1299 1106   95
4,6          3380 1499  121    2128  329   43    1252 1170   78
0,7          3368 1485  147    2096  333   71    1272 1152   76
7,6          3368 1471  161    2102  333   65    1266 1138   96
1,0          3360 1485  155    2079  363   58    1281 1122   97
5,7          3359 1473  168    2089  341   70    1270 1132   98
4,0          3343 1471  186    2089  332   79    1254 1139  107
8,5          3343 1484  173    2138  300   62    1205 1184  111
5,6          3342 1489  169    2114  323   63    1228 1166  106
7,5          3342 1505  153    2099  336   65    1243 1169   88
8,9          3338 1510  152    2181  267   52    1157 1243  100
3,6          3336 1502  162    2135  304   61    1201 1198  101
0,2          3335 1507  158    2145  307   48    1190 1200  110
3,2          3334 1507  159    2110  325   65    1224 1182   94
3,3          3334 1514  152    2105  326   69    1229 1188   83
7,3          3333 1519  148    2147  297   56    1186 1222   92
3,4          3332 1477  191    2079  349   72    1253 1128  119
1,2          3331 1485  184    2022  395   83    1309 1090  101
7,4          3326 1511  163    2052  377   71    1274 1134   92
6,1          3325 1502  173    2136  294   70    1189 1208  103
5,0          3313 1517  170    2093  325   82    1220 1192   88
1,5          3303 1532  165    2051  387   62    1252 1145  103
2,2          3302 1533  165    2091  340   69    1211 1193   96
3,1          3295 1556  149    2122  321   57    1173 1235   92
7,7          3286 1560  154    2108  323   69    1178 1237   85
9,6          3283 1588  129    2107  345   48    1176 1243   81
2,1          3280 1563  157    2094  347   59    1186 1216   98
5,5          3279 1580  141    2119  322   59    1160 1258   82
4,3          3275 1550  175    2077  349   74    1198 1201  101
0,6          3270 1566  164    2130  311   59    1140 1255  105
8,0          3255 1588  157    2099  341   60    1156 1247   97
6,0          3252 1586  162    2061  373   66    1191 1213   96
2,9          3245 1592  163    2125  308   67    1120 1284   96
5,1          3240 1591  169    2063  382   55    1177 1209  114
8,4          3238 1595  167    2044  376   80    1194 1219   87
4,9          3237 1579  184    2111  321   68    1126 1258  116
9,3          3232 1592  176    2090  339   71    1142 1253  105
0,8          3222 1617  161    2088  351   61    1134 1266  100
9,1          3221 1627  152    2095  354   51    1126 1273  101
1,1          3218 1615  167    2059  377   64    1159 1238  103
5,9          3217 1623  160    2059  374   67    1158 1249   93
2,5          3212 1605  183    2091  340   69    1121 1265  114
8,6          3208 1645  147    2146  304   50    1062 1341   97
3,5          3206 1614  180    2065  364   71    1141 1250  109
5,8          3198 1647  155    2111  327   62    1087 1320   93
0,5          3191 1627  182    2084  354   62    1107 1273  120
9,9          3189 1667  144    2073  361   66    1116 1306   78
6,9          3184 1652  164    2077  343   80    1107 1309   84
7,2          3165 1696  139    2098  339   63    1067 1357   76
2,7          3164 1668  168    2101  336   63    1063 1332  105
7,1          3139 1708  153    2096  343   61    1043 1365   92
8,8          3137 1712  151    2103  350   47    1034 1362  104
6,8          3133 1692  175    2069  365   66    1064 1327  109
0,3          3120 1729  151    2109  342   49    1011 1387  102
2,0          3117 1728  155    2004  425   71    1113 1303   84
5,2          3078 1754  168    2087  354   59     991 1400  109
6,5          3078 1733  189    2074  342   84    1004 1391  105
2,4          3050 1787  163    2088  343   69     962 1444   94
6,4          3044 1792  164    2074  354   72     970 1438   92
6,3          3022 1820  158    2096  349   55     926 1471  103
4,8          3009 1836  155    2070  370   60     939 1466   95
6,2          2969 1870  161    2126  312   62     843 1558   99
9,5          2946 1878  176    2107  317   76     839 1561  100
4,7          2936 1891  173    2077  349   74     859 1542   99
8,1          2924 1910  166    2084  360   56     840 1550  110
5,3          2921 1935  144    2098  342   60     823 1593   84
100


Team A Total Wins: 332267
Ties: 15918

50x50 vs 5k

Team A: 
Overall:           all             as Black          as White     
                W    L    T       W    L    T       W    L    T  
size: 100
1,9          3766 1081  153    2143  285   72    1623  796   81
5,4          3679 1173  148    2140  299   61    1539  874   87
3,7          3669 1186  145    2138  300   62    1531  886   83
8,3          3657 1195  148    2127  318   55    1530  877   93
1,6          3638 1222  140    2102  337   61    1536  885   79
0,4          3637 1217  146    2114  319   67    1523  898   79
2,3          3610 1232  158    2107  327   66    1503  905   92
4,1          3600 1236  164    2081  349   70    1519  887   94
0,0          3594 1269  137    2104  336   60    1490  933   77
7,8          3570 1275  155    2097  329   74    1473  946   81
4,2          3564 1292  144    2132  319   49    1432  973   95
2,6          3557 1291  152    2082  350   68    1475  941   84
3,9          3551 1299  150    2189  261   50    1362 1038  100
4,4          3549 1294  157    2117  326   57    1432  968  100
0,9          3539 1302  159    2087  350   63    1452  952   96
1,7          3535 1285  180    2090  344   66    1445  941  114
6,6          3490 1341  169    2109  316   75    1381 1025   94
7,0          3484 1355  161    2087  341   72    1397 1014   89
7,9          3478 1384  138    2117  327   56    1361 1057   82
9,4          3474 1349  177    2061  366   73    1413  983  104
9,8          3474 1381  145    2101  329   70    1373 1052   75
8,2          3459 1354  187    2076  347   77    1383 1007  110
4,5          3457 1379  164    2124  314   62    1333 1065  102
9,2          3447 1383  170    2085  356   59    1362 1027  111
0,1          3442 1425  133    2118  323   59    1324 1102   74
9,7          3439 1410  151    2140  297   63    1299 1113   88
9,0          3431 1409  160    2134  296   70    1297 1113   90
2,8          3428 1442  130    2148  292   60    1280 1150   70
3,0          3420 1394  186    2125  324   51    1295 1070  135
3,8          3416 1429  155    2117  330   53    1299 1099  102
8,7          3416 1428  156    2117  322   61    1299 1106   95
1,0          3415 1426  159    2134  304   62    1281 1122   97
1,8          3409 1432  159    2090  342   68    1319 1090   91
1,5          3403 1446  151    2151  301   48    1252 1145  103
1,2          3400 1443  157    2091  353   56    1309 1090  101
5,7          3397 1437  166    2127  305   68    1270 1132   98
6,7          3397 1441  162    2099  338   63    1298 1103   99
1,3          3394 1455  151    2099  334   67    1295 1121   84
7,4          3382 1467  151    2108  333   59    1274 1134   92
0,7          3381 1481  138    2109  329   62    1272 1152   76
4,0          3379 1460  161    2125  321   54    1254 1139  107
1,4          3378 1457  165    2068  359   73    1310 1098   92
7,5          3373 1481  146    2130  312   58    1243 1169   88
3,3          3362 1497  141    2133  309   58    1229 1188   83
4,6          3359 1506  135    2107  336   57    1252 1170   78
3,2          3358 1488  154    2134  306   60    1224 1182   94
2,2          3347 1505  148    2136  312   52    1211 1193   96
5,0          3343 1507  150    2123  315   62    1220 1192   88
7,6          3340 1490  170    2074  352   74    1266 1138   96
5,1          3336 1502  162    2159  293   48    1177 1209  114
8,5          3336 1498  166    2131  314   55    1205 1184  111
0,2          3329 1509  162    2139  309   52    1190 1200  110
6,1          3329 1503  168    2140  295   65    1189 1208  103
6,0          3322 1509  169    2131  296   73    1191 1213   96
8,4          3319 1544  137    2125  325   50    1194 1219   87
3,4          3318 1486  196    2065  358   77    1253 1128  119
9,6          3318 1557  125    2142  314   44    1176 1243   81
1,1          3308 1516  176    2149  278   73    1159 1238  103
4,3          3305 1527  168    2107  326   67    1198 1201  101
2,1          3302 1530  168    2116  314   70    1186 1216   98
5,6          3298 1531  171    2070  365   65    1228 1166  106
3,6          3281 1548  171    2080  350   70    1201 1198  101
7,3          3268 1586  146    2082  364   54    1186 1222   92
3,1          3262 1590  148    2089  355   56    1173 1235   92
0,6          3258 1579  163    2118  324   58    1140 1255  105
0,8          3249 1585  166    2115  319   66    1134 1266  100
6,9          3248 1609  143    2141  300   59    1107 1309   84
7,7          3248 1582  170    2070  345   85    1178 1237   85
8,0          3247 1598  155    2091  351   58    1156 1247   97
2,9          3242 1604  154    2122  320   58    1120 1284   96
5,5          3241 1614  145    2081  356   63    1160 1258   82
2,0          3235 1629  136    2122  326   52    1113 1303   84
2,5          3233 1595  172    2112  330   58    1121 1265  114
5,9          3229 1598  173    2071  349   80    1158 1249   93
0,5          3227 1590  183    2120  317   63    1107 1273  120
9,9          3226 1625  149    2110  319   71    1116 1306   78
9,3          3225 1607  168    2083  354   63    1142 1253  105
9,1          3223 1608  169    2097  335   68    1126 1273  101
4,9          3221 1593  186    2095  335   70    1126 1258  116
5,8          3220 1645  135    2133  325   42    1087 1320   93
6,8          3216 1616  168    2152  289   59    1064 1327  109
3,5          3210 1617  173    2069  367   64    1141 1250  109
8,9          3209 1606  185    2052  363   85    1157 1243  100
2,7          3179 1650  171    2116  318   66    1063 1332  105
8,6          3176 1665  159    2114  324   62    1062 1341   97
7,2          3148 1691  161    2081  334   85    1067 1357   76
8,8          3147 1688  165    2113  326   61    1034 1362  104
0,3          3140 1690  170    2129  303   68    1011 1387  102
6,4          3132 1723  145    2162  285   53     970 1438   92
7,1          3120 1724  156    2077  359   64    1043 1365   92
5,2          3095 1728  177    2104  328   68     991 1400  109
4,8          3057 1783  160    2118  317   65     939 1466   95
6,5          3056 1768  176    2052  377   71    1004 1391  105
2,4          3055 1778  167    2093  334   73     962 1444   94
6,3          3012 1813  175    2086  342   72     926 1471  103
9,5          2999 1837  164    2160  276   64     839 1561  100
4,7          2997 1853  150    2138  311   51     859 1542   99
5,3          2918 1936  146    2095  343   62     823 1593   84
6,2          2918 1922  160    2075  364   61     843 1558   99
8,1          2884 1932  184    2044  382   74     840 1550  110
100


Team A Total Wins: 333358
Ties: 15894

50x50 vs 6k

Team A: 
Overall:           all             as Black          as White     
                W    L    T       W    L    T       W    L    T  
size: 100
1,9          3778 1086  136    2155  290   55    1623  796   81
0,4          3697 1179  124    2174  281   45    1523  898   79
8,3          3686 1161  153    2156  284   60    1530  877   93
3,7          3682 1171  147    2151  285   64    1531  886   83
1,6          3673 1170  157    2137  285   78    1536  885   79
4,1          3672 1180  148    2153  293   54    1519  887   94
7,8          3656 1214  130    2183  268   49    1473  946   81
2,3          3639 1197  164    2136  292   72    1503  905   92
5,4          3634 1216  150    2095  342   63    1539  874   87
1,7          3619 1213  168    2174  272   54    1445  941  114
0,0          3615 1244  141    2125  311   64    1490  933   77
9,8          3605 1283  112    2232  231   37    1373 1052   75
2,6          3585 1268  147    2110  327   63    1475  941   84
4,2          3558 1274  168    2126  301   73    1432  973   95
7,0          3555 1303  142    2158  289   53    1397 1014   89
9,4          3550 1286  164    2137  303   60    1413  983  104
3,9          3545 1299  156    2183  261   56    1362 1038  100
4,4          3541 1299  160    2109  331   60    1432  968  100
6,6          3527 1327  146    2146  302   52    1381 1025   94
0,9          3526 1307  167    2074  355   71    1452  952   96
8,2          3526 1296  178    2143  289   68    1383 1007  110
4,5          3497 1342  161    2164  277   59    1333 1065  102
3,0          3490 1315  195    2195  245   60    1295 1070  135
7,9          3486 1371  143    2125  314   61    1361 1057   82
9,2          3471 1368  161    2109  341   50    1362 1027  111
1,8          3467 1373  160    2148  283   69    1319 1090   91
8,7          3466 1384  150    2167  278   55    1299 1106   95
1,2          3464 1371  165    2155  281   64    1309 1090  101
1,3          3462 1395  143    2167  274   59    1295 1121   84
6,7          3461 1381  158    2163  278   59    1298 1103   99
3,8          3460 1367  173    2161  268   71    1299 1099  102
7,4          3451 1398  151    2177  264   59    1274 1134   92
0,7          3450 1427  123    2178  275   47    1272 1152   76
1,4          3450 1402  148    2140  304   56    1310 1098   92
1,0          3448 1398  154    2167  276   57    1281 1122   97
0,1          3437 1430  133    2113  328   59    1324 1102   74
4,0          3437 1405  158    2183  266   51    1254 1139  107
9,7          3432 1425  143    2133  312   55    1299 1113   88
2,8          3430 1434  136    2150  284   66    1280 1150   70
9,0          3429 1410  161    2132  297   71    1297 1113   90
4,6          3428 1438  134    2176  268   56    1252 1170   78
7,6          3409 1428  163    2143  290   67    1266 1138   96
3,4          3406 1418  176    2153  290   57    1253 1128  119
5,7          3405 1444  151    2135  312   53    1270 1132   98
3,2          3385 1447  168    2161  265   74    1224 1182   94
3,3          3382 1472  146    2153  284   63    1229 1188   83
1,5          3380 1431  189    2128  286   86    1252 1145  103
4,3          3376 1465  159    2178  264   58    1198 1201  101
5,0          3374 1476  150    2154  284   62    1220 1192   88
8,5          3365 1461  174    2160  277   63    1205 1184  111
7,5          3362 1488  150    2119  319   62    1243 1169   88
7,7          3357 1504  139    2179  267   54    1178 1237   85
2,2          3353 1478  169    2142  285   73    1211 1193   96
8,4          3350 1508  142    2156  289   55    1194 1219   87
6,1          3349 1500  151    2160  292   48    1189 1208  103
6,0          3348 1504  148    2157  291   52    1191 1213   96
2,1          3347 1492  161    2161  276   63    1186 1216   98
5,6          3342 1475  183    2114  309   77    1228 1166  106
7,3          3342 1504  154    2156  282   62    1186 1222   92
8,9          3342 1506  152    2185  263   52    1157 1243  100
3,1          3334 1516  150    2161  281   58    1173 1235   92
1,1          3332 1502  166    2173  264   63    1159 1238  103
9,6          3331 1529  140    2155  286   59    1176 1243   81
8,0          3328 1525  147    2172  278   50    1156 1247   97
4,9          3324 1508  168    2198  250   52    1126 1258  116
2,0          3316 1548  136    2203  245   52    1113 1303   84
5,1          3310 1511  179    2133  302   65    1177 1209  114
0,2          3307 1520  173    2117  320   63    1190 1200  110
5,9          3307 1534  159    2149  285   66    1158 1249   93
5,5          3300 1563  137    2140  305   55    1160 1258   82
9,9          3297 1560  143    2181  254   65    1116 1306   78
6,9          3296 1562  142    2189  253   58    1107 1309   84
0,6          3294 1542  164    2154  287   59    1140 1255  105
3,6          3289 1537  174    2088  339   73    1201 1198  101
0,8          3282 1567  151    2148  301   51    1134 1266  100
5,8          3271 1570  159    2184  250   66    1087 1320   93
3,5          3264 1561  175    2123  311   66    1141 1250  109
9,3          3262 1577  161    2120  324   56    1142 1253  105
0,5          3261 1561  178    2154  288   58    1107 1273  120
6,8          3244 1588  168    2180  261   59    1064 1327  109
2,5          3234 1584  182    2113  319   68    1121 1265  114
2,9          3231 1609  160    2111  325   64    1120 1284   96
8,6          3209 1645  146    2147  304   49    1062 1341   97
8,8          3209 1637  154    2175  275   50    1034 1362  104
7,1          3208 1637  155    2165  272   63    1043 1365   92
9,1          3202 1603  195    2076  330   94    1126 1273  101
2,7          3201 1621  178    2138  289   73    1063 1332  105
7,2          3199 1639  162    2132  282   86    1067 1357   76
0,3          3170 1673  157    2159  286   55    1011 1387  102
5,2          3163 1675  162    2172  275   53     991 1400  109
6,5          3154 1687  159    2150  296   54    1004 1391  105
2,4          3148 1711  141    2186  267   47     962 1444   94
6,4          3123 1734  143    2153  296   51     970 1438   92
4,8          3118 1728  154    2179  262   59     939 1466   95
4,7          3053 1806  141    2194  264   42     859 1542   99
6,3          3052 1783  165    2126  312   62     926 1471  103
6,2          3007 1821  172    2164  263   73     843 1558   99
9,5          3001 1836  163    2162  275   63     839 1561  100
8,1          2979 1840  181    2139  290   71     840 1550  110
5,3          2957 1906  137    2134  313   53     823 1593   84
100


Team A Total Wins: 337526
Ties: 15610

50x50 vs 7k

Team A: 
Overall:           all             as Black          as White     
                W    L    T       W    L    T       W    L    T  
size: 100
1,9          3751 1101  148    2128  305   67    1623  796   81
5,4          3725 1129  146    2186  255   59    1539  874   87
0,4          3722 1141  137    2199  243   58    1523  898   79
1,6          3696 1169  135    2160  284   56    1536  885   79
2,3          3694 1162  144    2191  257   52    1503  905   92
4,1          3691 1154  155    2172  267   61    1519  887   94
8,3          3682 1151  167    2152  274   74    1530  877   93
3,7          3679 1171  150    2148  285   67    1531  886   83
0,9          3643 1197  160    2191  245   64    1452  952   96
0,0          3641 1217  142    2151  284   65    1490  933   77
4,4          3624 1219  157    2192  251   57    1432  968  100
4,2          3607 1236  157    2175  263   62    1432  973   95
2,6          3589 1247  164    2114  306   80    1475  941   84
9,4          3588 1243  169    2175  260   65    1413  983  104
1,7          3584 1238  178    2139  297   64    1445  941  114
7,0          3584 1266  150    2187  252   61    1397 1014   89
7,8          3580 1265  155    2107  319   74    1473  946   81
9,8          3563 1298  139    2190  246   64    1373 1052   75
9,2          3562 1268  170    2200  241   59    1362 1027  111
4,5          3561 1294  145    2228  229   43    1333 1065  102
7,9          3530 1328  142    2169  271   60    1361 1057   82
8,2          3521 1312  167    2138  305   57    1383 1007  110
3,9          3517 1328  155    2155  290   55    1362 1038  100
0,1          3516 1356  128    2192  254   54    1324 1102   74
1,3          3500 1359  141    2205  238   57    1295 1121   84
1,8          3498 1350  152    2179  260   61    1319 1090   91
9,7          3492 1348  160    2193  235   72    1299 1113   88
1,2          3484 1358  158    2175  268   57    1309 1090  101
1,0          3483 1371  146    2202  249   49    1281 1122   97
6,6          3481 1368  151    2100  343   57    1381 1025   94
8,7          3479 1370  151    2180  264   56    1299 1106   95
3,0          3475 1332  193    2180  262   58    1295 1070  135
7,6          3473 1395  132    2207  257   36    1266 1138   96
3,8          3472 1363  165    2173  264   63    1299 1099  102
5,7          3472 1364  164    2202  232   66    1270 1132   98
9,0          3465 1377  158    2168  264   68    1297 1113   90
1,4          3461 1379  160    2151  281   68    1310 1098   92
0,7          3457 1419  124    2185  267   48    1272 1152   76
6,7          3457 1374  169    2159  271   70    1298 1103   99
4,0          3456 1372  172    2202  233   65    1254 1139  107
7,5          3448 1407  145    2205  238   57    1243 1169   88
2,8          3431 1433  136    2151  283   66    1280 1150   70
2,2          3420 1440  140    2209  247   44    1211 1193   96
3,3          3418 1440  142    2189  252   59    1229 1188   83
3,2          3417 1445  138    2193  263   44    1224 1182   94
7,4          3416 1431  153    2142  297   61    1274 1134   92
5,0          3407 1450  143    2187  258   55    1220 1192   88
3,4          3401 1426  173    2148  298   54    1253 1128  119
4,6          3400 1450  150    2148  280   72    1252 1170   78
1,5          3399 1432  169    2147  287   66    1252 1145  103
9,6          3390 1485  125    2214  242   44    1176 1243   81
5,1          3388 1444  168    2211  235   54    1177 1209  114
6,1          3387 1460  153    2198  252   50    1189 1208  103
5,6          3377 1467  156    2149  301   50    1228 1166  106
3,1          3372 1469  159    2199  234   67    1173 1235   92
8,5          3366 1476  158    2161  292   47    1205 1184  111
8,4          3364 1481  155    2170  262   68    1194 1219   87
6,0          3361 1483  156    2170  270   60    1191 1213   96
0,2          3351 1474  175    2161  274   65    1190 1200  110
7,3          3349 1503  148    2163  281   56    1186 1222   92
3,6          3348 1479  173    2147  281   72    1201 1198  101
5,9          3344 1510  146    2186  261   53    1158 1249   93
7,7          3337 1512  151    2159  275   66    1178 1237   85
2,1          3334 1512  154    2148  296   56    1186 1216   98
5,5          3331 1521  148    2171  263   66    1160 1258   82
0,8          3325 1520  155    2191  254   55    1134 1266  100
8,9          3322 1513  165    2165  270   65    1157 1243  100
8,0          3321 1523  156    2165  276   59    1156 1247   97
1,1          3320 1512  168    2161  274   65    1159 1238  103
2,0          3320 1529  151    2207  226   67    1113 1303   84
9,3          3319 1509  172    2177  256   67    1142 1253  105
3,5          3308 1522  170    2167  272   61    1141 1250  109
4,3          3303 1528  169    2105  327   68    1198 1201  101
2,9          3302 1546  152    2182  262   56    1120 1284   96
0,6          3297 1542  161    2157  287   56    1140 1255  105
6,9          3296 1576  128    2189  267   44    1107 1309   84
9,1          3295 1550  155    2169  277   54    1126 1273  101
0,5          3291 1540  169    2184  267   49    1107 1273  120
4,9          3284 1533  183    2158  275   67    1126 1258  116
8,6          3271 1575  154    2209  234   57    1062 1341   97
5,8          3263 1572  165    2176  252   72    1087 1320   93
2,5          3258 1564  178    2137  299   64    1121 1265  114
9,9          3252 1586  162    2136  280   84    1116 1306   78
6,8          3247 1584  169    2183  257   60    1064 1327  109
7,2          3232 1632  136    2165  275   60    1067 1357   76
6,5          3214 1643  143    2210  252   38    1004 1391  105
8,8          3207 1618  175    2173  256   71    1034 1362  104
2,7          3194 1644  162    2131  312   57    1063 1332  105
5,2          3191 1643  166    2200  243   57     991 1400  109
0,3          3187 1662  151    2176  275   49    1011 1387  102
7,1          3186 1671  143    2143  306   51    1043 1365   92
6,4          3151 1693  156    2181  255   64     970 1438   92
4,8          3132 1719  149    2193  253   54     939 1466   95
6,3          3099 1743  158    2173  272   55     926 1471  103
2,4          3078 1766  156    2116  322   62     962 1444   94
5,3          3024 1844  132    2201  251   48     823 1593   84
9,5          3023 1815  162    2184  254   62     839 1561  100
4,7          3013 1826  161    2154  284   62     859 1542   99
6,2          2990 1854  156    2147  296   57     843 1558   99
8,1          2976 1858  166    2136  308   56     840 1550  110
100


Team A Total Wins: 339502
Ties: 15524

50x50 vs 8k

Team A: 
Overall:           all             as Black          as White     
                W    L    T       W    L    T       W    L    T  
size: 100
1,9          3795 1065  140    2172  269   59    1623  796   81
1,6          3713 1143  144    2177  258   65    1536  885   79
5,4          3679 1180  141    2140  306   54    1539  874   87
8,3          3671 1164  165    2141  287   72    1530  877   93
3,7          3646 1193  161    2115  307   78    1531  886   83
0,4          3644 1204  152    2121  306   73    1523  898   79
2,6          3636 1219  145    2161  278   61    1475  941   84
2,3          3629 1186  185    2126  281   93    1503  905   92
0,0          3616 1244  140    2126  311   63    1490  933   77
1,7          3610 1214  176    2165  273   62    1445  941  114
4,1          3607 1221  172    2088  334   78    1519  887   94
7,8          3605 1248  147    2132  302   66    1473  946   81
0,9          3588 1245  167    2136  293   71    1452  952   96
4,4          3585 1258  157    2153  290   57    1432  968  100
9,4          3567 1275  158    2154  292   54    1413  983  104
6,6          3565 1275  160    2184  250   66    1381 1025   94
9,2          3556 1281  163    2194  254   52    1362 1027  111
4,2          3555 1279  166    2123  306   71    1432  973   95
7,0          3540 1303  157    2143  289   68    1397 1014   89
9,8          3528 1339  133    2155  287   58    1373 1052   75
8,2          3517 1316  167    2134  309   57    1383 1007  110
7,9          3516 1333  151    2155  276   69    1361 1057   82
1,3          3487 1358  155    2192  237   71    1295 1121   84
4,5          3481 1354  165    2148  289   63    1333 1065  102
3,9          3475 1352  173    2113  314   73    1362 1038  100
1,4          3471 1367  162    2161  269   70    1310 1098   92
9,7          3466 1398  136    2167  285   48    1299 1113   88
3,0          3461 1349  190    2166  279   55    1295 1070  135
6,7          3457 1365  178    2159  262   79    1298 1103   99
7,4          3457 1395  148    2183  261   56    1274 1134   92
0,7          3452 1415  133    2180  263   57    1272 1152   76
8,7          3451 1401  148    2152  295   53    1299 1106   95
2,8          3447 1420  133    2167  270   63    1280 1150   70
0,1          3446 1411  143    2122  309   69    1324 1102   74
3,8          3446 1379  175    2147  280   73    1299 1099  102
5,7          3431 1409  160    2161  277   62    1270 1132   98
1,5          3428 1412  160    2176  267   57    1252 1145  103
7,6          3428 1402  170    2162  264   74    1266 1138   96
1,2          3425 1407  168    2116  317   67    1309 1090  101
1,8          3424 1419  157    2105  329   66    1319 1090   91
7,5          3416 1426  158    2173  257   70    1243 1169   88
9,0          3414 1416  170    2117  303   80    1297 1113   90
1,0          3412 1424  164    2131  302   67    1281 1122   97
5,6          3406 1428  166    2178  262   60    1228 1166  106
3,4          3405 1410  185    2152  282   66    1253 1128  119
4,6          3402 1448  150    2150  278   72    1252 1170   78
4,0          3382 1457  161    2128  318   54    1254 1139  107
3,3          3380 1475  145    2151  287   62    1229 1188   83
5,0          3361 1482  157    2141  290   69    1220 1192   88
3,2          3358 1469  173    2134  287   79    1224 1182   94
8,4          3356 1487  157    2162  268   70    1194 1219   87
5,9          3342 1513  145    2184  264   52    1158 1249   93
8,5          3342 1473  185    2137  289   74    1205 1184  111
6,1          3341 1498  161    2152  290   58    1189 1208  103
7,3          3341 1508  151    2155  286   59    1186 1222   92
5,1          3335 1477  188    2158  268   74    1177 1209  114
6,0          3335 1498  167    2144  285   71    1191 1213   96
9,6          3335 1516  149    2159  273   68    1176 1243   81
3,6          3332 1488  180    2131  290   79    1201 1198  101
4,3          3327 1502  171    2129  301   70    1198 1201  101
2,2          3321 1511  168    2110  318   72    1211 1193   96
0,2          3317 1496  187    2127  296   77    1190 1200  110
3,1          3316 1527  157    2143  292   65    1173 1235   92
9,3          3315 1515  170    2173  262   65    1142 1253  105
0,6          3310 1527  163    2170  272   58    1140 1255  105
7,7          3309 1536  155    2131  299   70    1178 1237   85
2,1          3307 1531  162    2121  315   64    1186 1216   98
8,0          3307 1535  158    2151  288   61    1156 1247   97
8,9          3306 1538  156    2149  295   56    1157 1243  100
1,1          3296 1536  168    2137  298   65    1159 1238  103
5,5          3294 1549  157    2134  291   75    1160 1258   82
4,9          3293 1523  184    2167  265   68    1126 1258  116
3,5          3283 1545  172    2142  295   63    1141 1250  109
6,9          3278 1581  141    2171  272   57    1107 1309   84
0,5          3276 1552  172    2169  279   52    1107 1273  120
0,8          3263 1567  170    2129  301   70    1134 1266  100
2,9          3257 1572  171    2137  288   75    1120 1284   96
9,9          3256 1606  138    2140  300   60    1116 1306   78
2,0          3246 1617  137    2133  314   53    1113 1303   84
8,6          3246 1599  155    2184  258   58    1062 1341   97
2,5          3233 1578  189    2112  313   75    1121 1265  114
7,2          3233 1623  144    2166  266   68    1067 1357   76
5,8          3229 1606  165    2142  286   72    1087 1320   93
9,1          3226 1602  172    2100  329   71    1126 1273  101
6,8          3203 1621  176    2139  294   67    1064 1327  109
8,8          3188 1644  168    2154  282   64    1034 1362  104
7,1          3187 1649  164    2144  284   72    1043 1365   92
2,7          3166 1657  177    2103  325   72    1063 1332  105
0,3          3151 1669  180    2140  282   78    1011 1387  102
6,5          3146 1684  170    2142  293   65    1004 1391  105
5,2          3143 1681  176    2152  281   67     991 1400  109
6,4          3124 1728  148    2154  290   56     970 1438   92
4,8          3100 1731  169    2161  265   74     939 1466   95
2,4          3096 1736  168    2134  292   74     962 1444   94
6,3          3049 1783  168    2123  312   65     926 1471  103
4,7          2998 1822  180    2139  280   81     859 1542   99
6,2          2977 1852  171    2134  294   72     843 1558   99
8,1          2972 1847  181    2132  297   71     840 1550  110
9,5          2966 1854  180    2127  293   80     839 1561  100
5,3          2942 1898  160    2119  305   76     823 1593   84
100


Team A Total Wins: 336948
Ties: 16231

50x50 vs 9k

Team A: 
Overall:           all             as Black          as White     
                W    L    T       W    L    T       W    L    T  
size: 100
1,9          3795 1062  143    2172  266   62    1623  796   81
3,7          3670 1190  140    2139  304   57    1531  886   83
4,1          3667 1170  163    2148  283   69    1519  887   94
8,3          3662 1185  153    2132  308   60    1530  877   93
5,4          3661 1183  156    2122  309   69    1539  874   87
0,4          3656 1195  149    2133  297   70    1523  898   79
2,6          3644 1206  150    2169  265   66    1475  941   84
0,0          3637 1219  144    2147  286   67    1490  933   77
7,8          3635 1219  146    2162  273   65    1473  946   81
1,6          3633 1224  143    2097  339   64    1536  885   79
0,9          3601 1229  170    2149  277   74    1452  952   96
2,3          3584 1246  170    2081  341   78    1503  905   92
1,7          3576 1239  185    2131  298   71    1445  941  114
4,2          3573 1262  165    2141  289   70    1432  973   95
9,4          3543 1286  171    2130  303   67    1413  983  104
9,2          3513 1301  186    2151  274   75    1362 1027  111
9,8          3513 1332  155    2140  280   80    1373 1052   75
4,4          3512 1316  172    2080  348   72    1432  968  100
6,6          3509 1324  167    2128  299   73    1381 1025   94
0,1          3501 1359  140    2177  257   66    1324 1102   74
7,0          3476 1370  154    2079  356   65    1397 1014   89
3,9          3471 1359  170    2109  321   70    1362 1038  100
7,9          3463 1373  164    2102  316   82    1361 1057   82
8,2          3461 1350  189    2078  343   79    1383 1007  110
1,8          3436 1389  175    2117  299   84    1319 1090   91
9,0          3428 1413  159    2131  300   69    1297 1113   90
1,0          3427 1405  168    2146  283   71    1281 1122   97
1,4          3426 1405  169    2116  307   77    1310 1098   92
1,3          3425 1415  160    2130  294   76    1295 1121   84
2,8          3421 1441  138    2141  291   68    1280 1150   70
3,8          3421 1407  172    2122  308   70    1299 1099  102
1,2          3418 1408  174    2109  318   73    1309 1090  101
6,7          3410 1423  167    2112  320   68    1298 1103   99
4,5          3407 1429  164    2074  364   62    1333 1065  102
8,7          3404 1440  156    2105  334   61    1299 1106   95
7,4          3401 1453  146    2127  319   54    1274 1134   92
3,0          3396 1401  203    2101  331   68    1295 1070  135
0,7          3385 1471  144    2113  319   68    1272 1152   76
9,7          3384 1446  170    2085  333   82    1299 1113   88
5,6          3374 1449  177    2146  283   71    1228 1166  106
5,7          3373 1455  172    2103  323   74    1270 1132   98
4,6          3367 1498  135    2115  328   57    1252 1170   78
4,0          3365 1458  177    2111  319   70    1254 1139  107
0,2          3358 1465  177    2168  265   67    1190 1200  110
7,6          3355 1487  158    2089  349   62    1266 1138   96
8,5          3354 1476  170    2149  292   59    1205 1184  111
1,5          3353 1475  172    2101  330   69    1252 1145  103
5,0          3350 1502  148    2130  310   60    1220 1192   88
7,5          3338 1487  175    2095  318   87    1243 1169   88
3,4          3337 1479  184    2084  351   65    1253 1128  119
2,2          3335 1497  168    2124  304   72    1211 1193   96
3,2          3335 1508  157    2111  326   63    1224 1182   94
7,3          3330 1516  154    2144  294   62    1186 1222   92
8,4          3328 1514  158    2134  295   71    1194 1219   87
3,6          3323 1518  159    2122  320   58    1201 1198  101
8,9          3321 1514  165    2164  271   65    1157 1243  100
5,1          3315 1501  184    2138  292   70    1177 1209  114
8,0          3308 1534  158    2152  287   61    1156 1247   97
9,3          3300 1524  176    2158  271   71    1142 1253  105
1,1          3296 1529  175    2137  291   72    1159 1238  103
2,1          3290 1543  167    2104  327   69    1186 1216   98
3,3          3289 1557  154    2060  369   71    1229 1188   83
6,1          3284 1547  169    2095  339   66    1189 1208  103
3,1          3283 1550  167    2110  315   75    1173 1235   92
6,0          3276 1554  170    2085  341   74    1191 1213   96
7,7          3275 1559  166    2097  322   81    1178 1237   85
9,6          3273 1563  164    2097  320   83    1176 1243   81
4,3          3272 1545  183    2074  344   82    1198 1201  101
5,9          3267 1579  154    2109  330   61    1158 1249   93
2,9          3263 1572  165    2143  288   69    1120 1284   96
0,6          3262 1571  167    2122  316   62    1140 1255  105
9,9          3261 1601  138    2145  295   60    1116 1306   78
9,1          3258 1572  170    2132  299   69    1126 1273  101
0,8          3256 1578  166    2122  312   66    1134 1266  100
3,5          3251 1569  180    2110  319   71    1141 1250  109
4,9          3249 1572  179    2123  314   63    1126 1258  116
0,5          3245 1572  183    2138  299   63    1107 1273  120
5,5          3238 1608  154    2078  350   72    1160 1258   82
6,9          3237 1614  149    2130  305   65    1107 1309   84
2,5          3231 1583  186    2110  318   72    1121 1265  114
7,2          3212 1655  133    2145  298   57    1067 1357   76
6,8          3203 1620  177    2139  293   68    1064 1327  109
8,6          3201 1637  162    2139  296   65    1062 1341   97
2,0          3190 1643  167    2077  340   83    1113 1303   84
5,8          3189 1640  171    2102  320   78    1087 1320   93
2,7          3160 1661  179    2097  329   74    1063 1332  105
8,8          3153 1666  181    2119  304   77    1034 1362  104
5,2          3150 1676  174    2159  276   65     991 1400  109
7,1          3134 1692  174    2091  327   82    1043 1365   92
6,5          3129 1694  177    2125  303   72    1004 1391  105
0,3          3107 1716  177    2096  329   75    1011 1387  102
6,4          3074 1758  168    2104  320   76     970 1438   92
4,8          3070 1764  166    2131  298   71     939 1466   95
2,4          3061 1788  151    2099  344   57     962 1444   94
6,3          3053 1772  175    2127  301   72     926 1471  103
4,7          2965 1870  165    2106  328   66     859 1542   99
6,2          2962 1870  168    2119  312   69     843 1558   99
8,1          2952 1875  173    2112  325   63     840 1550  110
9,5          2942 1882  176    2103  321   76     839 1561  100
5,3          2879 1953  168    2056  360   84     823 1593   84
100


Team A Total Wins: 334306
Ties: 16522

50x50 vs 10k

Team A: 
Overall:           all             as Black          as White     
                W    L    T       W    L    T       W    L    T  
size: 100
1,9          3770 1085  145    2147  289   64    1623  796   81
1,6          3705 1134  161    2169  249   82    1536  885   79
5,4          3698 1150  152    2159  276   65    1539  874   87
3,7          3667 1175  158    2136  289   75    1531  886   83
0,4          3665 1196  139    2142  298   60    1523  898   79
8,3          3658 1174  168    2128  297   75    1530  877   93
7,8          3649 1212  139    2176  266   58    1473  946   81
0,0          3641 1211  148    2151  278   71    1490  933   77
2,3          3641 1199  160    2138  294   68    1503  905   92
4,1          3627 1194  179    2108  307   85    1519  887   94
2,6          3624 1225  151    2149  284   67    1475  941   84
0,9          3608 1229  163    2156  277   67    1452  952   96
4,4          3579 1256  165    2147  288   65    1432  968  100
1,7          3575 1238  187    2130  297   73    1445  941  114
4,2          3569 1262  169    2137  289   74    1432  973   95
6,6          3549 1302  149    2168  277   55    1381 1025   94
7,0          3544 1314  142    2147  300   53    1397 1014   89
9,4          3539 1284  177    2126  301   73    1413  983  104
8,2          3533 1293  174    2150  286   64    1383 1007  110
9,8          3520 1340  140    2147  288   65    1373 1052   75
9,2          3512 1308  180    2150  281   69    1362 1027  111
3,9          3508 1332  160    2146  294   60    1362 1038  100
7,9          3506 1350  144    2145  293   62    1361 1057   82
4,5          3493 1325  182    2160  260   80    1333 1065  102
1,8          3486 1351  163    2167  261   72    1319 1090   91
8,7          3473 1364  163    2174  258   68    1299 1106   95
1,2          3471 1375  154    2162  285   53    1309 1090  101
9,7          3458 1386  156    2159  273   68    1299 1113   88
3,8          3453 1384  163    2154  285   61    1299 1099  102
0,1          3448 1406  146    2124  304   72    1324 1102   74
1,4          3439 1404  157    2129  306   65    1310 1098   92
9,0          3432 1407  161    2135  294   71    1297 1113   90
1,0          3423 1412  165    2142  290   68    1281 1122   97
7,6          3415 1412  173    2149  274   77    1266 1138   96
0,7          3413 1448  139    2141  296   63    1272 1152   76
2,8          3412 1460  128    2132  310   58    1280 1150   70
4,6          3410 1449  141    2158  279   63    1252 1170   78
3,0          3407 1394  199    2112  324   64    1295 1070  135
1,3          3401 1444  155    2106  323   71    1295 1121   84
6,7          3398 1426  176    2100  323   77    1298 1103   99
3,4          3393 1418  189    2140  290   70    1253 1128  119
5,7          3393 1449  158    2123  317   60    1270 1132   98
4,0          3392 1438  170    2138  299   63    1254 1139  107
7,4          3391 1441  168    2117  307   76    1274 1134   92
1,5          3386 1441  173    2134  296   70    1252 1145  103
7,5          3382 1446  172    2139  277   84    1243 1169   88
6,1          3379 1453  168    2190  245   65    1189 1208  103
3,2          3373 1480  147    2149  298   53    1224 1182   94
2,1          3364 1478  158    2178  262   60    1186 1216   98
0,2          3353 1468  179    2163  268   69    1190 1200  110
5,6          3351 1470  179    2123  304   73    1228 1166  106
3,3          3345 1507  148    2116  319   65    1229 1188   83
3,6          3344 1492  164    2143  294   63    1201 1198  101
9,6          3340 1509  151    2164  266   70    1176 1243   81
5,0          3338 1506  156    2118  314   68    1220 1192   88
6,0          3334 1488  178    2143  275   82    1191 1213   96
7,3          3331 1511  158    2145  289   66    1186 1222   92
5,1          3327 1494  179    2150  285   65    1177 1209  114
2,2          3322 1509  169    2111  316   73    1211 1193   96
8,4          3320 1527  153    2126  308   66    1194 1219   87
8,9          3319 1518  163    2162  275   63    1157 1243  100
2,5          3309 1516  175    2188  251   61    1121 1265  114
4,3          3307 1516  177    2109  315   76    1198 1201  101
7,7          3304 1549  147    2126  312   62    1178 1237   85
8,5          3296 1515  189    2091  331   78    1205 1184  111
3,1          3294 1543  163    2121  308   71    1173 1235   92
3,5          3294 1537  169    2153  287   60    1141 1250  109
8,0          3282 1533  185    2126  286   88    1156 1247   97
0,6          3279 1550  171    2139  295   66    1140 1255  105
5,9          3277 1561  162    2119  312   69    1158 1249   93
0,8          3274 1562  164    2140  296   64    1134 1266  100
2,9          3273 1565  162    2153  281   66    1120 1284   96
6,9          3271 1580  149    2164  271   65    1107 1309   84
9,3          3270 1544  186    2128  291   81    1142 1253  105
5,5          3265 1578  157    2105  320   75    1160 1258   82
9,9          3262 1570  168    2146  264   90    1116 1306   78
1,1          3256 1573  171    2097  335   68    1159 1238  103
9,1          3255 1578  167    2129  305   66    1126 1273  101
0,5          3250 1559  191    2143  286   71    1107 1273  120
4,9          3245 1555  200    2119  297   84    1126 1258  116
2,0          3240 1604  156    2127  301   72    1113 1303   84
5,8          3229 1601  170    2142  281   77    1087 1320   93
7,2          3219 1630  151    2152  273   75    1067 1357   76
8,6          3212 1615  173    2150  274   76    1062 1341   97
7,1          3198 1650  152    2155  285   60    1043 1365   92
2,7          3190 1636  174    2127  304   69    1063 1332  105
8,8          3182 1655  163    2148  293   59    1034 1362  104
6,8          3177 1644  179    2113  317   70    1064 1327  109
6,5          3162 1675  163    2158  284   58    1004 1391  105
0,3          3155 1673  172    2144  286   70    1011 1387  102
5,2          3126 1692  182    2135  292   73     991 1400  109
4,8          3102 1743  155    2163  277   60     939 1466   95
6,4          3097 1736  167    2127  298   75     970 1438   92
2,4          3093 1737  170    2131  293   76     962 1444   94
4,7          3000 1834  166    2141  292   67     859 1542   99
6,3          2998 1820  182    2072  349   79     926 1471  103
5,3          2977 1887  136    2154  294   52     823 1593   84
8,1          2973 1839  188    2133  289   78     840 1550  110
9,5          2969 1861  170    2130  300   70     839 1561  100
6,2          2957 1881  162    2114  323   63     843 1558   99
100


Team A Total Wins: 336315
Ties: 16435
