
50x50 vs 1k

Team A: 
Overall:           all             as Black          as White     
                W    L    T       W    L    T       W    L    T  
size: 100
0,0          3440 1410  150    1950  477   73    1490  933   77
1,6          3437 1416  147    1901  531   68    1536  885   79
3,7          3437 1420  143    1906  534   60    1531  886   83
8,3          3418 1413  169    1888  536   76    1530  877   93
7,0          3335 1507  158    1938  493   69    1397 1014   89
4,1          3313 1526  161    1794  639   67    1519  887   94
9,0          3309 1531  160    2012  418   70    1297 1113   90
3,9          3307 1518  175    1945  480   75    1362 1038  100
0,9          3302 1529  169    1850  577   73    1452  952   96
4,2          3280 1540  180    1848  567   85    1432  973   95
1,9          3270 1562  168    1647  766   87    1623  796   81
3,0          3265 1536  199    1970  466   64    1295 1070  135
2,6          3248 1585  167    1773  644   83    1475  941   84
0,2          3246 1578  176    2056  378   66    1190 1200  110
9,2          3237 1592  171    1875  565   60    1362 1027  111
2,3          3235 1574  191    1732  669   99    1503  905   92
6,6          3199 1633  168    1818  608   74    1381 1025   94
1,8          3178 1650  172    1859  560   81    1319 1090   91
7,9          3175 1669  156    1814  612   74    1361 1057   82
9,7          3170 1657  173    1871  544   85    1299 1113   88
2,8          3162 1701  137    1882  551   67    1280 1150   70
9,8          3156 1677  167    1783  625   92    1373 1052   75
6,7          3135 1687  178    1837  584   79    1298 1103   99
3,4          3133 1680  187    1880  552   68    1253 1128  119
5,4          3126 1708  166    1587  834   79    1539  874   87
4,0          3123 1683  194    1869  544   87    1254 1139  107
8,0          3123 1708  169    1967  461   72    1156 1247   97
0,4          3120 1707  173    1597  809   94    1523  898   79
5,7          3117 1694  189    1847  562   91    1270 1132   98
4,9          3114 1710  176    1988  452   60    1126 1258  116
4,5          3109 1728  163    1776  663   61    1333 1065  102
3,6          3108 1719  173    1907  521   72    1201 1198  101
7,6          3104 1728  168    1838  590   72    1266 1138   96
8,9          3093 1741  166    1936  498   66    1157 1243  100
2,2          3089 1742  169    1878  549   73    1211 1193   96
2,9          3089 1754  157    1969  470   61    1120 1284   96
1,5          3081 1718  201    1829  573   98    1252 1145  103
5,0          3077 1771  152    1857  579   64    1220 1192   88
5,9          3077 1762  161    1919  513   68    1158 1249   93
0,7          3071 1758  171    1799  606   95    1272 1152   76
1,1          3069 1747  184    1910  509   81    1159 1238  103
8,5          3047 1752  201    1842  568   90    1205 1184  111
0,6          3045 1777  178    1905  522   73    1140 1255  105
5,6          3024 1787  189    1796  621   83    1228 1166  106
7,2          3024 1823  153    1957  466   77    1067 1357   76
2,1          3016 1800  184    1830  584   86    1186 1216   98
9,6          3004 1838  158    1828  595   77    1176 1243   81
9,3          2998 1811  191    1856  558   86    1142 1253  105
1,0          2995 1845  160    1714  723   63    1281 1122   97
5,1          2989 1795  216    1812  586  102    1177 1209  114
8,2          2987 1828  185    1604  821   75    1383 1007  110
7,1          2981 1851  168    1938  486   76    1043 1365   92
5,8          2977 1870  153    1890  550   60    1087 1320   93
9,4          2977 1831  192    1564  848   88    1413  983  104
0,1          2976 1851  173    1652  749   99    1324 1102   74
1,4          2975 1845  180    1665  747   88    1310 1098   92
6,0          2974 1847  179    1783  634   83    1191 1213   96
3,1          2965 1853  182    1792  618   90    1173 1235   92
3,8          2965 1848  187    1666  749   85    1299 1099  102
2,7          2964 1864  172    1901  532   67    1063 1332  105
7,3          2964 1868  168    1778  646   76    1186 1222   92
0,5          2955 1835  210    1848  562   90    1107 1273  120
7,8          2948 1878  174    1475  932   93    1473  946   81
1,2          2937 1902  161    1628  812   60    1309 1090  101
4,4          2935 1859  206    1503  891  106    1432  968  100
7,4          2930 1873  197    1656  739  105    1274 1134   92
6,8          2928 1906  166    1864  579   57    1064 1327  109
4,8          2924 1912  164    1985  446   69     939 1466   95
8,4          2923 1906  171    1729  687   84    1194 1219   87
9,9          2917 1924  159    1801  618   81    1116 1306   78
0,3          2908 1917  175    1897  530   73    1011 1387  102
1,3          2908 1920  172    1613  799   88    1295 1121   84
2,0          2907 1927  166    1794  624   82    1113 1303   84
6,1          2902 1919  179    1713  711   76    1189 1208  103
0,8          2890 1937  173    1756  671   73    1134 1266  100
3,2          2882 1935  183    1658  753   89    1224 1182   94
4,6          2865 1973  162    1613  803   84    1252 1170   78
8,7          2856 1965  179    1557  859   84    1299 1106   95
4,3          2833 1954  213    1635  753  112    1198 1201  101
6,9          2830 1992  178    1723  683   94    1107 1309   84
8,1          2808 2022  170    1968  472   60     840 1550  110
3,3          2797 2031  172    1568  843   89    1229 1188   83
8,6          2762 2064  174    1700  723   77    1062 1341   97
9,1          2753 2028  219    1627  755  118    1126 1273  101
2,4          2751 2065  184    1789  621   90     962 1444   94
3,5          2740 2068  192    1599  818   83    1141 1250  109
5,5          2740 2086  174    1580  828   92    1160 1258   82
2,5          2739 2061  200    1618  796   86    1121 1265  114
6,4          2731 2089  180    1761  651   88     970 1438   92
6,3          2725 2096  179    1799  625   76     926 1471  103
9,5          2712 2095  193    1873  534   93     839 1561  100
7,5          2705 2101  194    1462  932  106    1243 1169   88
6,5          2647 2144  209    1643  753  104    1004 1391  105
8,8          2604 2206  190    1570  844   86    1034 1362  104
4,7          2552 2271  177    1693  729   78     859 1542   99
5,3          2530 2303  167    1707  710   83     823 1593   84
5,2          2525 2288  187    1534  888   78     991 1400  109
7,7          2489 2333  178    1311 1096   93    1178 1237   85
1,7          2324 2472  204     879 1531   90    1445  941  114
6,2          1787 3016  197     944 1458   98     843 1558   99
100


Team A Total Wins: 298523
Ties: 17651

50x50 vs 2k

Team A: 
Overall:           all             as Black          as White     
                W    L    T       W    L    T       W    L    T  
size: 100
1,9          3670 1172  158    2047  376   77    1623  796   81
0,0          3621 1238  141    2131  305   64    1490  933   77
0,4          3542 1318  140    2019  420   61    1523  898   79
7,8          3470 1368  162    1997  422   81    1473  946   81
0,9          3464 1366  170    2012  414   74    1452  952   96
9,4          3457 1373  170    2044  390   66    1413  983  104
9,8          3444 1435  121    2071  383   46    1373 1052   75
1,7          3441 1371  188    1996  430   74    1445  941  114
7,0          3433 1402  165    2036  388   76    1397 1014   89
9,2          3433 1376  191    2071  349   80    1362 1027  111
1,4          3427 1421  152    2117  323   60    1310 1098   92
3,7          3422 1416  162    1891  530   79    1531  886   83
8,3          3421 1399  180    1891  522   87    1530  877   93
2,3          3415 1412  173    1912  507   81    1503  905   92
1,8          3368 1472  160    2049  382   69    1319 1090   91
4,1          3342 1500  158    1823  613   64    1519  887   94
4,2          3342 1493  165    1910  520   70    1432  973   95
1,6          3339 1514  147    1803  629   68    1536  885   79
1,2          3329 1503  168    2020  413   67    1309 1090  101
7,5          3326 1532  142    2083  363   54    1243 1169   88
1,0          3325 1503  172    2044  381   75    1281 1122   97
3,9          3316 1509  175    1954  471   75    1362 1038  100
0,2          3305 1514  181    2115  314   71    1190 1200  110
6,7          3304 1520  176    2006  417   77    1298 1103   99
8,7          3301 1542  157    2002  436   62    1299 1106   95
3,8          3290 1535  175    1991  436   73    1299 1099  102
3,0          3285 1524  191    1990  454   56    1295 1070  135
5,6          3275 1554  171    2047  388   65    1228 1166  106
7,7          3272 1569  159    2094  332   74    1178 1237   85
7,6          3263 1577  160    1997  439   64    1266 1138   96
8,0          3263 1586  151    2107  339   54    1156 1247   97
0,1          3233 1616  151    1909  514   77    1324 1102   74
9,0          3223 1599  178    1926  486   88    1297 1113   90
6,1          3221 1606  173    2032  398   70    1189 1208  103
7,3          3219 1611  170    2033  389   78    1186 1222   92
8,4          3213 1612  175    2019  393   88    1194 1219   87
0,5          3207 1617  176    2100  344   56    1107 1273  120
8,9          3207 1635  158    2050  392   58    1157 1243  100
1,5          3196 1625  179    1944  480   76    1252 1145  103
1,1          3188 1650  162    2029  412   59    1159 1238  103
5,4          3182 1630  188    1643  756  101    1539  874   87
4,4          3175 1652  173    1743  684   73    1432  968  100
7,4          3174 1664  162    1900  530   70    1274 1134   92
2,8          3172 1679  149    1892  529   79    1280 1150   70
3,6          3171 1659  170    1970  461   69    1201 1198  101
9,3          3171 1666  163    2029  413   58    1142 1253  105
9,1          3159 1675  166    2033  402   65    1126 1273  101
1,3          3155 1666  179    1860  545   95    1295 1121   84
6,9          3153 1698  149    2046  389   65    1107 1309   84
3,1          3141 1714  145    1968  479   53    1173 1235   92
0,6          3140 1685  175    2000  430   70    1140 1255  105
5,7          3140 1678  182    1870  546   84    1270 1132   98
9,7          3135 1683  182    1836  570   94    1299 1113   88
9,9          3130 1714  156    2014  408   78    1116 1306   78
0,7          3121 1708  171    1849  556   95    1272 1152   76
3,4          3117 1686  197    1864  558   78    1253 1128  119
4,6          3113 1753  134    1861  583   56    1252 1170   78
4,9          3103 1719  178    1977  461   62    1126 1258  116
6,6          3103 1724  173    1722  699   79    1381 1025   94
9,6          3100 1740  160    1924  497   79    1176 1243   81
0,3          3098 1740  162    2087  353   60    1011 1387  102
2,0          3096 1731  173    1983  428   89    1113 1303   84
0,8          3086 1731  183    1952  465   83    1134 1266  100
2,7          3063 1753  184    2000  421   79    1063 1332  105
5,9          3054 1761  185    1896  512   92    1158 1249   93
3,2          3042 1806  152    1818  624   58    1224 1182   94
4,5          3042 1759  199    1709  694   97    1333 1065  102
2,1          3040 1793  167    1854  577   69    1186 1216   98
2,5          3040 1771  189    1919  506   75    1121 1265  114
6,0          3039 1791  170    1848  578   74    1191 1213   96
6,8          3033 1786  181    1969  459   72    1064 1327  109
2,2          3031 1802  167    1820  609   71    1211 1193   96
8,5          3012 1798  190    1807  614   79    1205 1184  111
8,6          3006 1828  166    1944  487   69    1062 1341   97
5,8          3005 1826  169    1918  506   76    1087 1320   93
2,6          3002 1813  185    1527  872  101    1475  941   84
4,0          2999 1817  184    1745  678   77    1254 1139  107
4,8          2999 1838  163    2060  372   68     939 1466   95
3,5          2994 1814  192    1853  564   83    1141 1250  109
7,1          2984 1853  163    1941  488   71    1043 1365   92
2,4          2949 1885  166    1987  441   72     962 1444   94
5,5          2948 1880  172    1788  622   90    1160 1258   82
2,9          2926 1903  171    1806  619   75    1120 1284   96
7,2          2926 1909  165    1859  552   89    1067 1357   76
5,0          2924 1909  167    1704  717   79    1220 1192   88
9,5          2896 1937  167    2057  376   67     839 1561  100
8,1          2892 1931  177    2052  381   67     840 1550  110
6,5          2858 1949  193    1854  558   88    1004 1391  105
5,2          2834 1979  187    1843  579   78     991 1400  109
8,8          2819 2004  177    1785  642   73    1034 1362  104
5,1          2785 2027  188    1608  818   74    1177 1209  114
4,7          2765 2077  158    1906  535   59     859 1542   99
6,4          2716 2107  177    1746  669   85     970 1438   92
5,3          2692 2143  165    1869  550   81     823 1593   84
6,3          2675 2137  188    1749  666   85     926 1471  103
3,3          2586 2225  189    1357 1037  106    1229 1188   83
4,3          2542 2277  181    1344 1076   80    1198 1201  101
6,2          2475 2340  185    1632  782   86     843 1558   99
8,2          2466 2326  208    1083 1319   98    1383 1007  110
7,9          2374 2454  172    1013 1397   90    1361 1057   82
100


Team A Total Wins: 312380
Ties: 17032

50x50 vs 3k

Team A: 
Overall:           all             as Black          as White     
                W    L    T       W    L    T       W    L    T  
size: 100
0,9          3608 1250  142    2156  298   46    1452  952   96
1,6          3601 1252  147    2065  367   68    1536  885   79
2,3          3584 1272  144    2081  367   52    1503  905   92
4,2          3580 1262  158    2148  289   63    1432  973   95
1,9          3570 1277  153    1947  481   72    1623  796   81
7,0          3565 1290  145    2168  276   56    1397 1014   89
0,4          3547 1308  145    2024  410   66    1523  898   79
9,2          3521 1315  164    2159  288   53    1362 1027  111
9,4          3519 1312  169    2106  329   65    1413  983  104
9,8          3517 1358  125    2144  306   50    1373 1052   75
2,6          3485 1364  151    2010  423   67    1475  941   84
4,4          3482 1360  158    2050  392   58    1432  968  100
5,4          3480 1345  175    1941  471   88    1539  874   87
3,9          3463 1391  146    2101  353   46    1362 1038  100
0,1          3461 1409  130    2137  307   56    1324 1102   74
0,7          3461 1410  129    2189  258   53    1272 1152   76
3,0          3461 1361  178    2166  291   43    1295 1070  135
8,3          3447 1378  175    1917  501   82    1530  877   93
3,7          3428 1404  168    1897  518   85    1531  886   83
4,5          3425 1405  170    2092  340   68    1333 1065  102
4,0          3409 1427  164    2155  288   57    1254 1139  107
1,4          3403 1442  155    2093  344   63    1310 1098   92
4,6          3403 1456  141    2151  286   63    1252 1170   78
0,0          3398 1450  152    1908  517   75    1490  933   77
3,4          3385 1442  173    2132  314   54    1253 1128  119
7,8          3381 1452  167    1908  506   86    1473  946   81
0,2          3379 1463  158    2189  263   48    1190 1200  110
1,5          3365 1473  162    2113  328   59    1252 1145  103
1,2          3359 1465  176    2050  375   75    1309 1090  101
1,3          3353 1500  147    2058  379   63    1295 1121   84
5,1          3349 1480  171    2172  271   57    1177 1209  114
6,6          3344 1472  184    1963  447   90    1381 1025   94
5,0          3342 1510  148    2122  318   60    1220 1192   88
3,2          3333 1521  146    2109  339   52    1224 1182   94
0,6          3321 1520  159    2181  265   54    1140 1255  105
9,7          3299 1540  161    2000  427   73    1299 1113   88
6,9          3297 1556  147    2190  247   63    1107 1309   84
2,9          3291 1555  154    2171  271   58    1120 1284   96
6,0          3289 1566  145    2098  353   49    1191 1213   96
8,7          3289 1539  172    1990  433   77    1299 1106   95
2,1          3283 1560  157    2097  344   59    1186 1216   98
2,2          3271 1568  161    2060  375   65    1211 1193   96
8,9          3270 1576  154    2113  333   54    1157 1243  100
3,5          3248 1583  169    2107  333   60    1141 1250  109
4,3          3248 1576  176    2050  375   75    1198 1201  101
3,3          3246 1612  142    2017  424   59    1229 1188   83
5,5          3238 1628  134    2078  370   52    1160 1258   82
1,0          3226 1592  182    1945  470   85    1281 1122   97
1,7          3225 1575  200    1780  634   86    1445  941  114
6,7          3214 1576  210    1916  473  111    1298 1103   99
8,4          3210 1644  146    2016  425   59    1194 1219   87
5,7          3204 1629  167    1934  497   69    1270 1132   98
4,9          3196 1621  183    2070  363   67    1126 1258  116
1,1          3191 1620  189    2032  382   86    1159 1238  103
0,5          3190 1617  193    2083  344   73    1107 1273  120
9,9          3187 1662  151    2071  356   73    1116 1306   78
7,6          3186 1634  180    1920  496   84    1266 1138   96
2,0          3181 1657  162    2068  354   78    1113 1303   84
5,8          3177 1650  173    2090  330   80    1087 1320   93
5,9          3177 1670  153    2019  421   60    1158 1249   93
6,8          3172 1656  172    2108  329   63    1064 1327  109
8,2          3162 1645  193    1779  638   83    1383 1007  110
2,5          3161 1660  179    2040  395   65    1121 1265  114
7,7          3155 1683  162    1977  446   77    1178 1237   85
5,6          3151 1666  183    1923  500   77    1228 1166  106
8,8          3150 1683  167    2116  321   63    1034 1362  104
3,6          3136 1698  166    1935  500   65    1201 1198  101
4,8          3129 1721  150    2190  255   55     939 1466   95
8,5          3129 1703  168    1924  519   57    1205 1184  111
7,5          3128 1715  157    1885  546   69    1243 1169   88
7,4          3101 1728  171    1827  594   79    1274 1134   92
6,1          3097 1750  153    1908  542   50    1189 1208  103
8,6          3096 1745  159    2034  404   62    1062 1341   97
6,5          3088 1745  167    2084  354   62    1004 1391  105
2,8          3086 1755  159    1806  605   89    1280 1150   70
3,8          3073 1737  190    1774  638   88    1299 1099  102
9,6          3058 1765  177    1882  522   96    1176 1243   81
7,2          3051 1800  149    1984  443   73    1067 1357   76
7,9          3028 1779  193    1667  722  111    1361 1057   82
6,4          3007 1832  161    2037  394   69     970 1438   92
7,1          3001 1827  172    1958  462   80    1043 1365   92
9,1          2997 1814  189    1871  541   88    1126 1273  101
6,3          2986 1855  159    2060  384   56     926 1471  103
9,0          2983 1816  201    1686  703  111    1297 1113   90
0,3          2965 1849  186    1954  462   84    1011 1387  102
1,8          2958 1879  163    1639  789   72    1319 1090   91
7,3          2921 1899  180    1735  677   88    1186 1222   92
8,0          2916 1915  169    1760  668   72    1156 1247   97
6,2          2915 1937  148    2072  379   49     843 1558   99
0,8          2892 1920  188    1758  654   88    1134 1266  100
8,1          2844 1976  180    2004  426   70     840 1550  110
5,2          2840 1976  184    1849  576   75     991 1400  109
4,7          2819 2017  164    1960  475   65     859 1542   99
9,5          2818 2031  151    1979  470   51     839 1561  100
2,7          2738 2078  184    1675  746   79    1063 1332  105
2,4          2720 2104  176    1758  660   82     962 1444   94
9,3          2662 2139  199    1520  886   94    1142 1253  105
5,3          2626 2194  180    1803  601   96     823 1593   84
3,1          2603 2204  193    1430  969  101    1173 1235   92
4,1          2375 2441  184     856 1554   90    1519  887   94
100


Team A Total Wins: 320299
Ties: 16562

50x50 vs 4k

Team A: 
Overall:           all             as Black          as White     
                W    L    T       W    L    T       W    L    T  
size: 100
5,4          3638 1219  143    2099  345   56    1539  874   87
1,9          3617 1240  143    1994  444   62    1623  796   81
1,6          3583 1268  149    2047  383   70    1536  885   79
0,4          3582 1267  151    2059  369   72    1523  898   79
0,0          3541 1330  129    2051  397   52    1490  933   77
9,4          3539 1298  163    2126  315   59    1413  983  104
4,2          3470 1373  157    2038  400   62    1432  973   95
2,3          3466 1355  179    1963  450   87    1503  905   92
4,4          3440 1381  179    2008  413   79    1432  968  100
8,3          3426 1426  148    1896  549   55    1530  877   93
1,7          3415 1405  180    1970  464   66    1445  941  114
1,4          3406 1428  166    2096  330   74    1310 1098   92
7,0          3406 1426  168    2009  412   79    1397 1014   89
3,7          3379 1451  170    1848  565   87    1531  886   83
9,7          3368 1477  155    2069  364   67    1299 1113   88
0,9          3362 1470  168    1910  518   72    1452  952   96
4,1          3359 1470  171    1840  583   77    1519  887   94
9,0          3340 1501  159    2043  388   69    1297 1113   90
9,2          3338 1481  181    1976  454   70    1362 1027  111
3,3          3336 1522  142    2107  334   59    1229 1188   83
8,5          3322 1510  168    2117  326   57    1205 1184  111
1,5          3317 1510  173    2065  365   70    1252 1145  103
3,0          3311 1479  210    2016  409   75    1295 1070  135
1,0          3302 1538  160    2021  416   63    1281 1122   97
3,2          3300 1544  156    2076  362   62    1224 1182   94
6,1          3300 1545  155    2111  337   52    1189 1208  103
2,6          3299 1542  159    1824  601   75    1475  941   84
4,3          3287 1554  159    2089  353   58    1198 1201  101
3,9          3268 1562  170    1906  524   70    1362 1038  100
6,7          3259 1580  161    1961  477   62    1298 1103   99
5,7          3253 1588  159    1983  456   61    1270 1132   98
4,6          3246 1592  162    1994  422   84    1252 1170   78
4,0          3244 1565  191    1990  426   84    1254 1139  107
2,8          3239 1619  142    1959  469   72    1280 1150   70
7,9          3237 1588  175    1876  531   93    1361 1057   82
4,5          3235 1584  181    1902  519   79    1333 1065  102
0,1          3204 1650  146    1880  548   72    1324 1102   74
0,5          3202 1616  182    2095  343   62    1107 1273  120
8,4          3196 1651  153    2002  432   66    1194 1219   87
3,4          3193 1626  181    1940  498   62    1253 1128  119
3,5          3190 1624  186    2049  374   77    1141 1250  109
3,8          3177 1621  202    1878  522  100    1299 1099  102
7,8          3173 1669  158    1700  723   77    1473  946   81
5,5          3166 1688  146    2006  430   64    1160 1258   82
1,1          3153 1669  178    1994  431   75    1159 1238  103
8,2          3153 1664  183    1770  657   73    1383 1007  110
0,8          3151 1681  168    2017  415   68    1134 1266  100
2,2          3148 1680  172    1937  487   76    1211 1193   96
3,6          3146 1675  179    1945  477   78    1201 1198  101
6,6          3146 1676  178    1765  651   84    1381 1025   94
5,6          3132 1698  170    1904  532   64    1228 1166  106
2,5          3131 1686  183    2010  421   69    1121 1265  114
9,6          3126 1722  152    1950  479   71    1176 1243   81
3,1          3115 1712  173    1942  477   81    1173 1235   92
5,1          3106 1680  214    1929  471  100    1177 1209  114
0,6          3099 1724  177    1959  469   72    1140 1255  105
0,7          3088 1757  155    1816  605   79    1272 1152   76
2,7          3083 1752  165    2020  420   60    1063 1332  105
5,0          3078 1763  159    1858  571   71    1220 1192   88
1,2          3074 1733  193    1765  643   92    1309 1090  101
9,3          3074 1743  183    1932  490   78    1142 1253  105
2,9          3067 1771  162    1947  487   66    1120 1284   96
7,7          3044 1786  170    1866  549   85    1178 1237   85
0,2          3035 1786  179    1845  586   69    1190 1200  110
6,0          3035 1793  172    1844  580   76    1191 1213   96
8,0          3035 1805  160    1879  558   63    1156 1247   97
4,9          3033 1756  211    1907  498   95    1126 1258  116
9,1          3032 1795  173    1906  522   72    1126 1273  101
7,5          3025 1834  141    1782  665   53    1243 1169   88
9,8          3019 1808  173    1646  756   98    1373 1052   75
5,9          3014 1810  176    1856  561   83    1158 1249   93
0,3          3010 1822  168    1999  435   66    1011 1387  102
7,1          3006 1836  158    1963  471   66    1043 1365   92
8,9          2997 1810  193    1840  567   93    1157 1243  100
2,1          2991 1818  191    1805  602   93    1186 1216   98
5,8          2991 1853  156    1904  533   63    1087 1320   93
6,4          2989 1849  162    2019  411   70     970 1438   92
8,6          2984 1840  176    1922  499   79    1062 1341   97
6,9          2967 1867  166    1860  558   82    1107 1309   84
5,3          2966 1899  135    2143  306   51     823 1593   84
7,2          2962 1901  137    1895  544   61    1067 1357   76
6,5          2952 1877  171    1948  486   66    1004 1391  105
6,2          2950 1881  169    2107  323   70     843 1558   99
1,8          2941 1865  194    1622  775  103    1319 1090   91
2,4          2929 1909  162    1967  465   68     962 1444   94
8,8          2914 1898  188    1880  536   84    1034 1362  104
4,8          2893 1944  163    1954  478   68     939 1466   95
9,5          2887 1951  162    2048  390   62     839 1561  100
5,2          2882 1918  200    1891  518   91     991 1400  109
7,6          2879 1930  191    1613  792   95    1266 1138   96
7,3          2869 1957  174    1683  735   82    1186 1222   92
1,3          2865 1953  182    1570  832   98    1295 1121   84
9,9          2855 1996  149    1739  690   71    1116 1306   78
2,0          2851 1973  176    1738  670   92    1113 1303   84
4,7          2836 2006  158    1977  464   59     859 1542   99
6,8          2832 1979  189    1768  652   80    1064 1327  109
6,3          2805 2025  170    1879  554   67     926 1471  103
8,7          2738 2071  191    1439  965   96    1299 1106   95
8,1          2649 2162  189    1809  612   79     840 1550  110
7,4          2366 2438  196    1092 1304  104    1274 1134   92
100


Team A Total Wins: 314029
Ties: 16951

50x50 vs 5k

Team A: 
Overall:           all             as Black          as White     
                W    L    T       W    L    T       W    L    T  
size: 100
1,9          3602 1230  168    1979  434   87    1623  796   81
2,6          3581 1274  145    2106  333   61    1475  941   84
7,8          3579 1272  149    2106  326   68    1473  946   81
8,3          3566 1283  151    2036  406   58    1530  877   93
1,6          3561 1272  167    2025  387   88    1536  885   79
1,7          3552 1279  169    2107  338   55    1445  941  114
5,4          3547 1287  166    2008  413   79    1539  874   87
0,4          3546 1310  144    2023  412   65    1523  898   79
2,3          3516 1310  174    2013  405   82    1503  905   92
0,0          3487 1358  155    1997  425   78    1490  933   77
6,6          3452 1395  153    2071  370   59    1381 1025   94
6,7          3451 1390  159    2153  287   60    1298 1103   99
4,1          3448 1376  176    1929  489   82    1519  887   94
3,9          3423 1408  169    2061  370   69    1362 1038  100
9,2          3421 1406  173    2059  379   62    1362 1027  111
1,4          3415 1434  151    2105  336   59    1310 1098   92
9,7          3413 1446  141    2114  333   53    1299 1113   88
7,6          3411 1419  170    2145  281   74    1266 1138   96
9,4          3411 1404  185    1998  421   81    1413  983  104
9,8          3410 1457  133    2037  405   58    1373 1052   75
9,0          3398 1454  148    2101  341   58    1297 1113   90
0,1          3384 1464  152    2060  362   78    1324 1102   74
8,7          3377 1451  172    2078  345   77    1299 1106   95
0,9          3375 1460  165    1923  508   69    1452  952   96
3,7          3375 1463  162    1844  577   79    1531  886   83
8,5          3360 1483  157    2155  299   46    1205 1184  111
4,4          3354 1458  188    1922  490   88    1432  968  100
4,5          3347 1491  162    2014  426   60    1333 1065  102
7,4          3341 1494  165    2067  360   73    1274 1134   92
7,0          3327 1498  175    1930  484   86    1397 1014   89
1,0          3324 1497  179    2043  375   82    1281 1122   97
3,0          3321 1455  224    2026  385   89    1295 1070  135
7,5          3320 1529  151    2077  360   63    1243 1169   88
4,2          3317 1506  177    1885  533   82    1432  973   95
8,2          3311 1508  181    1928  501   71    1383 1007  110
7,7          3287 1556  157    2109  319   72    1178 1237   85
0,7          3286 1574  140    2014  422   64    1272 1152   76
1,3          3282 1565  153    1987  444   69    1295 1121   84
7,3          3282 1555  163    2096  333   71    1186 1222   92
1,5          3280 1544  176    2028  399   73    1252 1145  103
1,1          3279 1544  177    2120  306   74    1159 1238  103
1,2          3269 1551  180    1960  461   79    1309 1090  101
7,9          3268 1596  136    1907  539   54    1361 1057   82
2,8          3265 1589  146    1985  439   76    1280 1150   70
4,3          3265 1571  164    2067  370   63    1198 1201  101
4,0          3261 1571  168    2007  432   61    1254 1139  107
5,6          3253 1568  179    2025  402   73    1228 1166  106
8,4          3253 1594  153    2059  375   66    1194 1219   87
2,2          3234 1596  170    2023  403   74    1211 1193   96
6,9          3227 1636  137    2120  327   53    1107 1309   84
8,9          3227 1609  164    2070  366   64    1157 1243  100
4,6          3222 1624  154    1970  454   76    1252 1170   78
8,8          3217 1635  148    2183  273   44    1034 1362  104
0,5          3213 1604  183    2106  331   63    1107 1273  120
5,0          3212 1625  163    1992  433   75    1220 1192   88
0,2          3210 1613  177    2020  413   67    1190 1200  110
6,0          3207 1626  167    2016  413   71    1191 1213   96
9,6          3207 1649  144    2031  406   63    1176 1243   81
5,7          3206 1631  163    1936  499   65    1270 1132   98
1,8          3205 1621  174    1886  531   83    1319 1090   91
0,8          3197 1640  163    2063  374   63    1134 1266  100
7,2          3193 1657  150    2126  300   74    1067 1357   76
3,2          3190 1635  175    1966  453   81    1224 1182   94
3,8          3182 1622  196    1883  523   94    1299 1099  102
5,8          3173 1675  152    2086  355   59    1087 1320   93
5,1          3171 1633  196    1994  424   82    1177 1209  114
2,1          3168 1650  182    1982  434   84    1186 1216   98
3,4          3143 1653  204    1890  525   85    1253 1128  119
2,5          3141 1673  186    2020  408   72    1121 1265  114
3,3          3140 1695  165    1911  507   82    1229 1188   83
2,0          3137 1701  162    2024  398   78    1113 1303   84
2,9          3136 1700  164    2016  416   68    1120 1284   96
9,3          3133 1698  169    1991  445   64    1142 1253  105
2,7          3128 1689  183    2065  357   78    1063 1332  105
8,6          3128 1700  172    2066  359   75    1062 1341   97
3,1          3125 1694  181    1952  459   89    1173 1235   92
3,5          3113 1707  180    1972  457   71    1141 1250  109
9,1          3106 1721  173    1980  448   72    1126 1273  101
9,9          3099 1743  158    1983  437   80    1116 1306   78
6,1          3096 1736  168    1907  528   65    1189 1208  103
8,0          3084 1762  154    1928  515   57    1156 1247   97
5,9          3083 1750  167    1925  501   74    1158 1249   93
2,4          3081 1760  159    2119  316   65     962 1444   94
6,4          3073 1772  155    2103  334   63     970 1438   92
3,6          3069 1754  177    1868  556   76    1201 1198  101
0,6          3066 1774  160    1926  519   55    1140 1255  105
5,2          3055 1761  184    2064  361   75     991 1400  109
0,3          3052 1789  159    2041  402   57    1011 1387  102
7,1          2963 1867  170    1920  502   78    1043 1365   92
4,9          2953 1842  205    1827  584   89    1126 1258  116
6,5          2946 1886  168    1942  495   63    1004 1391  105
5,3          2933 1929  138    2110  336   54     823 1593   84
6,2          2929 1899  172    2086  341   73     843 1558   99
4,8          2890 1947  163    1951  481   68     939 1466   95
4,7          2886 1934  180    2027  392   81     859 1542   99
8,1          2885 1921  194    2045  371   84     840 1550  110
5,5          2866 1973  161    1706  715   79    1160 1258   82
9,5          2840 1985  175    2001  424   75     839 1561  100
6,3          2823 1990  187    1897  519   84     926 1471  103
6,8          1727 3064  209     663 1737  100    1064 1327  109
100


Team A Total Wins: 322243
Ties: 16708

50x50 vs 6k

Team A: 
Overall:           all             as Black          as White     
                W    L    T       W    L    T       W    L    T  
size: 100
4,1          3652 1189  159    2133  302   65    1519  887   94
1,6          3619 1248  133    2083  363   54    1536  885   79
5,4          3608 1233  159    2069  359   72    1539  874   87
0,0          3584 1285  131    2094  352   54    1490  933   77
3,7          3549 1304  147    2018  418   64    1531  886   83
1,9          3526 1313  161    1903  517   80    1623  796   81
7,8          3521 1333  146    2048  387   65    1473  946   81
1,7          3461 1353  186    2016  412   72    1445  941  114
0,4          3431 1401  168    1908  503   89    1523  898   79
8,3          3419 1405  176    1889  528   83    1530  877   93
0,9          3414 1408  178    1962  456   82    1452  952   96
7,0          3395 1449  156    1998  435   67    1397 1014   89
6,6          3383 1447  170    2002  422   76    1381 1025   94
8,7          3383 1449  168    2084  343   73    1299 1106   95
8,2          3382 1425  193    1999  418   83    1383 1007  110
9,0          3378 1483  139    2081  370   49    1297 1113   90
9,4          3376 1448  176    1963  465   72    1413  983  104
9,8          3370 1481  149    1997  429   74    1373 1052   75
1,8          3365 1495  140    2046  405   49    1319 1090   91
3,3          3343 1490  167    2114  302   84    1229 1188   83
4,2          3343 1506  151    1911  533   56    1432  973   95
8,4          3329 1529  142    2135  310   55    1194 1219   87
2,6          3311 1531  158    1836  590   74    1475  941   84
2,1          3306 1525  169    2120  309   71    1186 1216   98
7,4          3305 1526  169    2031  392   77    1274 1134   92
4,3          3291 1547  162    2093  346   61    1198 1201  101
9,7          3289 1566  145    1990  453   57    1299 1113   88
4,4          3287 1526  187    1855  558   87    1432  968  100
3,1          3282 1556  162    2109  321   70    1173 1235   92
7,5          3282 1571  147    2039  402   59    1243 1169   88
3,0          3277 1511  212    1982  441   77    1295 1070  135
9,2          3263 1561  176    1901  534   65    1362 1027  111
3,9          3260 1555  185    1898  517   85    1362 1038  100
5,7          3258 1571  171    1988  439   73    1270 1132   98
4,6          3257 1590  153    2005  420   75    1252 1170   78
6,7          3256 1585  159    1958  482   60    1298 1103   99
0,8          3255 1581  164    2121  315   64    1134 1266  100
3,8          3240 1591  169    1941  492   67    1299 1099  102
4,5          3236 1576  188    1903  511   86    1333 1065  102
4,0          3232 1583  185    1978  444   78    1254 1139  107
8,5          3225 1584  191    2020  400   80    1205 1184  111
3,4          3224 1577  199    1971  449   80    1253 1128  119
1,2          3218 1605  177    1909  515   76    1309 1090  101
5,0          3218 1626  156    1998  434   68    1220 1192   88
5,9          3216 1625  159    2058  376   66    1158 1249   93
9,6          3216 1629  155    2040  386   74    1176 1243   81
0,7          3207 1646  147    1935  494   71    1272 1152   76
0,6          3205 1637  158    2065  382   53    1140 1255  105
8,0          3201 1626  173    2045  379   76    1156 1247   97
7,6          3193 1635  172    1927  497   76    1266 1138   96
1,3          3191 1653  156    1896  532   72    1295 1121   84
1,4          3190 1622  188    1880  524   96    1310 1098   92
7,9          3180 1636  184    1819  579  102    1361 1057   82
3,6          3179 1648  173    1978  450   72    1201 1198  101
5,6          3179 1638  183    1951  472   77    1228 1166  106
6,1          3164 1664  172    1975  456   69    1189 1208  103
0,1          3157 1681  162    1833  579   88    1324 1102   74
1,1          3157 1667  176    1998  429   73    1159 1238  103
6,0          3155 1666  179    1964  453   83    1191 1213   96
3,5          3151 1665  184    2010  415   75    1141 1250  109
9,3          3143 1670  187    2001  417   82    1142 1253  105
2,2          3141 1672  187    1930  479   91    1211 1193   96
0,2          3130 1685  185    1940  485   75    1190 1200  110
7,7          3127 1725  148    1949  488   63    1178 1237   85
8,6          3122 1727  151    2060  386   54    1062 1341   97
9,1          3117 1724  159    1991  451   58    1126 1273  101
9,9          3112 1736  152    1996  430   74    1116 1306   78
2,3          3108 1715  177    1605  810   85    1503  905   92
5,8          3107 1733  160    2020  413   67    1087 1320   93
2,8          3091 1763  146    1811  613   76    1280 1150   70
5,5          3086 1758  156    1926  500   74    1160 1258   82
3,2          3073 1759  168    1849  577   74    1224 1182   94
8,9          3073 1740  187    1916  497   87    1157 1243  100
6,9          3064 1775  161    1957  466   77    1107 1309   84
7,2          3059 1782  159    1992  425   83    1067 1357   76
5,1          3047 1746  207    1870  537   93    1177 1209  114
0,5          3041 1752  207    1934  479   87    1107 1273  120
2,4          3041 1797  162    2079  353   68     962 1444   94
8,8          3040 1779  181    2006  417   77    1034 1362  104
2,9          3038 1767  195    1918  483   99    1120 1284   96
4,9          3018 1779  203    1892  521   87    1126 1258  116
2,5          3010 1802  188    1889  537   74    1121 1265  114
6,4          2980 1856  164    2010  418   72     970 1438   92
2,7          2967 1858  175    1904  526   70    1063 1332  105
1,0          2957 1855  188    1676  733   91    1281 1122   97
5,2          2931 1883  186    1940  483   77     991 1400  109
4,8          2921 1909  170    1982  443   75     939 1466   95
6,8          2913 1907  180    1849  580   71    1064 1327  109
9,5          2885 1947  168    2046  386   68     839 1561  100
4,7          2861 1976  163    2002  434   64     859 1542   99
6,2          2810 2003  187    1967  445   88     843 1558   99
6,3          2800 2008  192    1874  537   89     926 1471  103
0,3          2788 2031  181    1777  644   79    1011 1387  102
6,5          2788 2019  193    1784  628   88    1004 1391  105
5,3          2723 2112  165    1900  519   81     823 1593   84
8,1          2607 2210  183    1767  660   73     840 1550  110
1,5          2397 2406  197    1145 1261   94    1252 1145  103
7,3          2337 2468  195    1151 1246  103    1186 1222   92
7,1          2113 2688  199    1070 1323  107    1043 1365   92
2,0          2099 2715  186     986 1412  102    1113 1303   84
100


Team A Total Wins: 315209
Ties: 17098

50x50 vs 7k

Team A: 
Overall:           all             as Black          as White     
                W    L    T       W    L    T       W    L    T  
size: 100
0,0          3658 1215  127    2168  282   50    1490  933   77
3,7          3647 1225  128    2116  339   45    1531  886   83
8,3          3636 1209  155    2106  332   62    1530  877   93
4,1          3605 1230  165    2086  343   71    1519  887   94
1,9          3531 1313  156    1908  517   75    1623  796   81
9,4          3524 1313  163    2111  330   59    1413  983  104
5,4          3523 1346  131    1984  472   44    1539  874   87
0,4          3513 1335  152    1990  437   73    1523  898   79
2,3          3512 1335  153    2009  430   61    1503  905   92
4,4          3491 1334  175    2059  366   75    1432  968  100
0,9          3487 1329  184    2035  377   88    1452  952   96
9,2          3483 1339  178    2121  312   67    1362 1027  111
3,9          3461 1369  170    2099  331   70    1362 1038  100
4,2          3457 1389  154    2025  416   59    1432  973   95
4,5          3441 1401  158    2108  336   56    1333 1065  102
1,2          3439 1396  165    2130  306   64    1309 1090  101
0,1          3438 1421  141    2114  319   67    1324 1102   74
6,6          3418 1425  157    2037  400   63    1381 1025   94
1,4          3410 1434  156    2100  336   64    1310 1098   92
1,0          3409 1440  151    2128  318   54    1281 1122   97
9,8          3383 1479  138    2010  427   63    1373 1052   75
5,7          3381 1459  160    2111  327   62    1270 1132   98
3,6          3380 1462  158    2179  264   57    1201 1198  101
7,8          3379 1464  157    1906  518   76    1473  946   81
3,4          3370 1451  179    2117  323   60    1253 1128  119
1,3          3352 1503  145    2057  382   61    1295 1121   84
1,6          3351 1484  165    1815  599   86    1536  885   79
0,2          3347 1479  174    2157  279   64    1190 1200  110
7,4          3326 1522  152    2052  388   60    1274 1134   92
4,3          3324 1502  174    2126  301   73    1198 1201  101
7,5          3324 1523  153    2081  354   65    1243 1169   88
6,1          3319 1522  159    2130  314   56    1189 1208  103
3,2          3314 1537  149    2090  355   55    1224 1182   94
2,8          3313 1551  136    2033  401   66    1280 1150   70
8,2          3311 1501  188    1928  494   78    1383 1007  110
3,3          3307 1555  138    2078  367   55    1229 1188   83
1,8          3306 1519  175    1987  429   84    1319 1090   91
6,0          3305 1547  148    2114  334   52    1191 1213   96
1,7          3299 1512  189    1854  571   75    1445  941  114
4,0          3299 1527  174    2045  388   67    1254 1139  107
8,5          3292 1526  182    2087  342   71    1205 1184  111
1,5          3281 1533  186    2029  388   83    1252 1145  103
3,0          3280 1496  224    1985  426   89    1295 1070  135
1,1          3265 1565  170    2106  327   67    1159 1238  103
2,0          3263 1582  155    2150  279   71    1113 1303   84
7,7          3261 1595  144    2083  358   59    1178 1237   85
9,3          3259 1569  172    2117  316   67    1142 1253  105
2,1          3250 1590  160    2064  374   62    1186 1216   98
5,9          3247 1595  158    2089  346   65    1158 1249   93
3,8          3243 1591  166    1944  492   64    1299 1099  102
7,6          3236 1599  165    1970  461   69    1266 1138   96
4,9          3232 1593  175    2106  335   59    1126 1258  116
6,7          3220 1607  173    1922  504   74    1298 1103   99
3,5          3217 1627  156    2076  377   47    1141 1250  109
0,8          3196 1630  174    2062  364   74    1134 1266  100
4,6          3195 1665  140    1943  495   62    1252 1170   78
7,9          3194 1638  168    1833  581   86    1361 1057   82
3,1          3193 1637  170    2020  402   78    1173 1235   92
9,6          3188 1668  144    2012  425   63    1176 1243   81
5,5          3177 1677  146    2017  419   64    1160 1258   82
9,7          3176 1655  169    1877  542   81    1299 1113   88
7,1          3175 1673  152    2132  308   60    1043 1365   92
2,6          3153 1655  192    1678  714  108    1475  941   84
8,6          3132 1713  155    2070  372   58    1062 1341   97
0,5          3120 1677  203    2013  404   83    1107 1273  120
2,5          3110 1700  190    1989  435   76    1121 1265  114
2,2          3109 1718  173    1898  525   77    1211 1193   96
8,7          3109 1712  179    1810  606   84    1299 1106   95
8,9          3107 1705  188    1950  462   88    1157 1243  100
7,0          3096 1730  174    1699  716   85    1397 1014   89
2,9          3083 1762  155    1963  478   59    1120 1284   96
5,6          3073 1733  194    1845  567   88    1228 1166  106
5,0          3066 1761  173    1846  569   85    1220 1192   88
5,2          3063 1765  172    2072  365   63     991 1400  109
7,3          3062 1770  168    1876  548   76    1186 1222   92
2,4          3056 1791  153    2094  347   59     962 1444   94
4,8          3040 1801  159    2101  335   64     939 1466   95
6,9          3018 1813  169    1911  504   85    1107 1309   84
0,7          3009 1820  171    1737  668   95    1272 1152   76
2,7          3002 1796  202    1939  464   97    1063 1332  105
8,4          3000 1824  176    1806  605   89    1194 1219   87
5,8          2994 1842  164    1907  522   71    1087 1320   93
9,9          2993 1845  162    1877  539   84    1116 1306   78
7,2          2986 1868  146    1919  511   70    1067 1357   76
5,1          2985 1837  178    1808  628   64    1177 1209  114
0,3          2981 1863  156    1970  476   54    1011 1387  102
6,5          2979 1865  156    1975  474   51    1004 1391  105
9,0          2975 1853  172    1678  740   82    1297 1113   90
6,3          2972 1871  157    2046  400   54     926 1471  103
8,8          2961 1869  170    1927  507   66    1034 1362  104
9,1          2956 1876  168    1830  603   67    1126 1273  101
0,6          2927 1873  200    1787  618   95    1140 1255  105
6,8          2909 1916  175    1845  589   66    1064 1327  109
4,7          2902 1924  174    2043  382   75     859 1542   99
9,5          2877 1947  176    2038  386   76     839 1561  100
6,2          2865 1972  163    2022  414   64     843 1558   99
8,0          2778 2049  173    1622  802   76    1156 1247   97
5,3          2690 2137  173    1867  544   89     823 1593   84
8,1          2659 2163  178    1819  613   68     840 1550  110
6,4          1589 3229  182     619 1791   90     970 1438   92
100


Team A Total Wins: 320199
Ties: 16548

50x50 vs 8k

Team A: 
Overall:           all             as Black          as White     
                W    L    T       W    L    T       W    L    T  
size: 100
1,9          3727 1120  153    2104  324   72    1623  796   81
3,7          3693 1157  150    2162  271   67    1531  886   83
9,4          3601 1245  154    2188  262   50    1413  983  104
8,3          3591 1228  181    2061  351   88    1530  877   93
1,6          3587 1257  156    2051  372   77    1536  885   79
4,1          3575 1260  165    2056  373   71    1519  887   94
0,4          3564 1279  157    2041  381   78    1523  898   79
0,0          3536 1321  143    2046  388   66    1490  933   77
8,2          3535 1300  165    2152  293   55    1383 1007  110
4,4          3528 1315  157    2096  347   57    1432  968  100
1,2          3525 1325  150    2216  235   49    1309 1090  101
5,4          3520 1296  184    1981  422   97    1539  874   87
0,9          3518 1328  154    2066  376   58    1452  952   96
2,3          3518 1332  150    2015  427   58    1503  905   92
9,2          3497 1324  179    2135  297   68    1362 1027  111
7,0          3491 1351  158    2094  337   69    1397 1014   89
6,6          3482 1360  158    2101  335   64    1381 1025   94
4,2          3467 1368  165    2035  395   70    1432  973   95
9,8          3451 1399  150    2078  347   75    1373 1052   75
2,6          3449 1366  185    1974  425  101    1475  941   84
2,8          3448 1428  124    2168  278   54    1280 1150   70
0,1          3439 1431  130    2115  329   56    1324 1102   74
0,7          3438 1423  139    2166  271   63    1272 1152   76
4,6          3433 1428  139    2181  258   61    1252 1170   78
3,9          3424 1397  179    2062  359   79    1362 1038  100
4,5          3422 1406  172    2089  341   70    1333 1065  102
9,7          3420 1435  145    2121  322   57    1299 1113   88
1,8          3398 1435  167    2079  345   76    1319 1090   91
6,1          3396 1463  141    2207  255   38    1189 1208  103
5,7          3389 1452  159    2119  320   61    1270 1132   98
7,8          3388 1448  164    1915  502   83    1473  946   81
7,4          3383 1460  157    2109  326   65    1274 1134   92
4,3          3379 1462  159    2181  261   58    1198 1201  101
9,0          3379 1475  146    2082  362   56    1297 1113   90
3,4          3349 1467  184    2096  339   65    1253 1128  119
1,0          3345 1489  166    2064  367   69    1281 1122   97
1,7          3341 1477  182    1896  536   68    1445  941  114
5,6          3337 1495  168    2109  329   62    1228 1166  106
1,4          3336 1500  164    2026  402   72    1310 1098   92
8,7          3334 1489  177    2035  383   82    1299 1106   95
3,0          3332 1454  214    2037  384   79    1295 1070  135
7,6          3330 1499  171    2064  361   75    1266 1138   96
0,2          3326 1505  169    2136  305   59    1190 1200  110
2,1          3320 1520  160    2134  304   62    1186 1216   98
7,3          3316 1526  158    2130  304   66    1186 1222   92
8,5          3311 1505  184    2106  321   73    1205 1184  111
5,5          3303 1562  135    2143  304   53    1160 1258   82
3,8          3296 1528  176    1997  429   74    1299 1099  102
6,0          3276 1562  162    2085  349   66    1191 1213   96
2,2          3275 1569  156    2064  376   60    1211 1193   96
8,0          3274 1559  167    2118  312   70    1156 1247   97
1,1          3271 1552  177    2112  314   74    1159 1238  103
4,0          3271 1560  169    2017  421   62    1254 1139  107
9,6          3262 1597  141    2086  354   60    1176 1243   81
7,9          3245 1586  169    1884  529   87    1361 1057   82
7,5          3242 1591  167    1999  422   79    1243 1169   88
3,6          3240 1585  175    2039  387   74    1201 1198  101
1,5          3224 1583  193    1972  438   90    1252 1145  103
6,8          3221 1606  173    2157  279   64    1064 1327  109
7,2          3219 1633  148    2152  276   72    1067 1357   76
3,5          3217 1605  178    2076  355   69    1141 1250  109
0,6          3211 1609  180    2071  354   75    1140 1255  105
2,5          3205 1617  178    2084  352   64    1121 1265  114
5,9          3197 1645  158    2039  396   65    1158 1249   93
3,3          3196 1652  152    1967  464   69    1229 1188   83
7,1          3196 1650  154    2153  285   62    1043 1365   92
2,0          3190 1666  144    2077  363   60    1113 1303   84
8,4          3180 1650  170    1986  431   83    1194 1219   87
9,3          3180 1625  195    2038  372   90    1142 1253  105
0,8          3175 1653  172    2041  387   72    1134 1266  100
5,8          3170 1673  157    2083  353   64    1087 1320   93
4,9          3165 1644  191    2039  386   75    1126 1258  116
9,1          3164 1663  173    2038  390   72    1126 1273  101
8,9          3162 1667  171    2005  424   71    1157 1243  100
2,9          3154 1660  186    2034  376   90    1120 1284   96
9,9          3154 1711  135    2038  405   57    1116 1306   78
3,2          3143 1696  161    1919  514   67    1224 1182   94
6,7          3136 1692  172    1838  589   73    1298 1103   99
5,2          3118 1710  172    2127  310   63     991 1400  109
0,5          3110 1671  219    2003  398   99    1107 1273  120
6,4          3104 1751  145    2134  313   53     970 1438   92
2,7          3103 1720  177    2040  388   72    1063 1332  105
6,5          3097 1729  174    2093  338   69    1004 1391  105
0,3          3083 1735  182    2072  348   80    1011 1387  102
7,7          3082 1753  165    1904  516   80    1178 1237   85
6,3          3068 1767  165    2142  296   62     926 1471  103
4,8          3062 1776  162    2123  310   67     939 1466   95
6,9          3030 1797  173    1923  488   89    1107 1309   84
4,7          3021 1822  157    2162  280   58     859 1542   99
2,4          3007 1838  155    2045  394   61     962 1444   94
6,2          2997 1847  156    2154  289   57     843 1558   99
8,1          2974 1861  165    2134  311   55     840 1550  110
3,1          2958 1856  186    1785  621   94    1173 1235   92
5,3          2951 1905  144    2128  312   60     823 1593   84
5,0          2939 1889  172    1719  697   84    1220 1192   88
8,8          2939 1870  191    1905  508   87    1034 1362  104
8,6          2896 1929  175    1834  588   78    1062 1341   97
9,5          2855 1970  175    2016  409   75     839 1561  100
5,1          2594 2206  200    1417  997   86    1177 1209  114
1,3          2402 2417  181    1107 1296   97    1295 1121   84
100


Team A Total Wins: 326772
Ties: 16558

50x50 vs 9k

Team A: 
Overall:           all             as Black          as White     
                W    L    T       W    L    T       W    L    T  
size: 100
1,9          3763 1107  130    2140  311   49    1623  796   81
8,3          3643 1208  149    2113  331   56    1530  877   93
2,3          3608 1235  157    2105  330   65    1503  905   92
0,9          3603 1226  171    2151  274   75    1452  952   96
7,8          3589 1264  147    2116  318   66    1473  946   81
0,0          3588 1270  142    2098  337   65    1490  933   77
6,6          3577 1290  133    2196  265   39    1381 1025   94
3,7          3555 1282  163    2024  396   80    1531  886   83
2,6          3538 1320  142    2063  379   58    1475  941   84
1,7          3530 1285  185    2085  344   71    1445  941  114
4,1          3530 1290  180    2011  403   86    1519  887   94
7,0          3524 1324  152    2127  310   63    1397 1014   89
4,2          3512 1327  161    2080  354   66    1432  973   95
1,6          3503 1344  153    1967  459   74    1536  885   79
5,4          3493 1365  142    1954  491   55    1539  874   87
9,4          3466 1366  168    2053  383   64    1413  983  104
9,0          3442 1400  158    2145  287   68    1297 1113   90
0,7          3439 1431  130    2167  279   54    1272 1152   76
7,9          3438 1399  163    2077  342   81    1361 1057   82
4,4          3428 1420  152    1996  452   52    1432  968  100
9,8          3427 1432  141    2054  380   66    1373 1052   75
0,4          3421 1407  172    1898  509   93    1523  898   79
3,9          3416 1413  171    2054  375   71    1362 1038  100
4,5          3401 1428  171    2068  363   69    1333 1065  102
9,2          3400 1417  183    2038  390   72    1362 1027  111
2,8          3391 1479  130    2111  329   60    1280 1150   70
1,2          3380 1449  171    2071  359   70    1309 1090  101
8,2          3375 1442  183    1992  435   73    1383 1007  110
8,9          3362 1498  140    2205  255   40    1157 1243  100
8,4          3358 1512  130    2164  293   43    1194 1219   87
0,1          3352 1498  150    2028  396   76    1324 1102   74
2,1          3350 1503  147    2164  287   49    1186 1216   98
3,8          3349 1481  170    2050  382   68    1299 1099  102
5,6          3330 1508  162    2102  342   56    1228 1166  106
1,0          3329 1508  163    2048  386   66    1281 1122   97
5,7          3322 1515  163    2052  383   65    1270 1132   98
5,5          3321 1546  133    2161  288   51    1160 1258   82
1,4          3316 1503  181    2006  405   89    1310 1098   92
3,3          3310 1537  153    2081  349   70    1229 1188   83
2,2          3307 1546  147    2096  353   51    1211 1193   96
4,9          3304 1523  173    2178  265   57    1126 1258  116
3,2          3297 1551  152    2073  369   58    1224 1182   94
8,7          3288 1549  163    1989  443   68    1299 1106   95
1,8          3287 1554  159    1968  464   68    1319 1090   91
1,5          3283 1529  188    2031  384   85    1252 1145  103
4,6          3274 1579  147    2022  409   69    1252 1170   78
3,0          3271 1524  205    1976  454   70    1295 1070  135
1,3          3270 1571  159    1975  450   75    1295 1121   84
5,8          3265 1588  147    2178  268   54    1087 1320   93
9,6          3263 1602  135    2087  359   54    1176 1243   81
4,3          3261 1564  175    2063  363   74    1198 1201  101
5,1          3258 1535  207    2081  326   93    1177 1209  114
0,2          3256 1578  166    2066  378   56    1190 1200  110
8,5          3246 1568  186    2041  384   75    1205 1184  111
9,3          3233 1614  153    2091  361   48    1142 1253  105
6,1          3227 1604  169    2038  396   66    1189 1208  103
6,9          3223 1629  148    2116  320   64    1107 1309   84
7,3          3220 1631  149    2034  409   57    1186 1222   92
3,6          3218 1618  164    2017  420   63    1201 1198  101
9,1          3207 1632  161    2081  359   60    1126 1273  101
6,0          3203 1624  173    2012  411   77    1191 1213   96
7,4          3202 1618  180    1928  484   88    1274 1134   92
8,0          3198 1635  167    2042  388   70    1156 1247   97
5,0          3191 1646  163    1971  454   75    1220 1192   88
7,7          3187 1661  152    2009  424   67    1178 1237   85
4,0          3178 1647  175    1924  508   68    1254 1139  107
2,0          3174 1674  152    2061  371   68    1113 1303   84
9,7          3172 1654  174    1873  541   86    1299 1113   88
2,5          3169 1651  180    2048  386   66    1121 1265  114
7,6          3161 1660  179    1895  522   83    1266 1138   96
5,9          3151 1680  169    1993  431   76    1158 1249   93
3,1          3147 1698  155    1974  463   63    1173 1235   92
0,8          3140 1679  181    2006  413   81    1134 1266  100
1,1          3137 1692  171    1978  454   68    1159 1238  103
0,6          3133 1694  173    1993  439   68    1140 1255  105
3,5          3128 1688  184    1987  438   75    1141 1250  109
7,5          3128 1712  160    1885  543   72    1243 1169   88
9,9          3121 1725  154    2005  419   76    1116 1306   78
2,9          3113 1721  166    1993  437   70    1120 1284   96
8,6          3108 1721  171    2046  380   74    1062 1341   97
0,5          3090 1708  202    1983  435   82    1107 1273  120
3,4          3081 1720  199    1828  592   80    1253 1128  119
2,7          3078 1747  175    2015  415   70    1063 1332  105
4,7          3057 1804  139    2198  262   40     859 1542   99
7,2          3052 1792  156    1985  435   80    1067 1357   76
7,1          3031 1790  179    1988  425   87    1043 1365   92
4,8          2995 1856  149    2056  390   54     939 1466   95
0,3          2990 1844  166    1979  457   64    1011 1387  102
8,8          2983 1833  184    1949  471   80    1034 1362  104
6,8          2978 1840  182    1914  513   73    1064 1327  109
6,5          2969 1848  183    1965  457   78    1004 1391  105
6,3          2954 1876  170    2028  405   67     926 1471  103
5,2          2923 1883  194    1932  483   85     991 1400  109
6,4          2912 1919  169    1942  481   77     970 1438   92
2,4          2902 1931  167    1940  487   73     962 1444   94
8,1          2897 1923  180    2057  373   70     840 1550  110
6,2          2885 1950  165    2042  392   66     843 1558   99
9,5          2883 1961  156    2044  400   56     839 1561  100
5,3          2796 2044  160    1973  451   76     823 1593   84
6,7          2240 2553  207     942 1450  108    1298 1103   99
100


Team A Total Wins: 324974
Ties: 16406

50x50 vs 10k

Team A: 
Overall:           all             as Black          as White     
                W    L    T       W    L    T       W    L    T  
size: 100
4,1          3694 1165  141    2175  278   47    1519  887   94
5,4          3524 1316  160    1985  442   73    1539  874   87
0,0          3509 1332  159    2019  399   82    1490  933   77
7,8          3499 1352  149    2026  406   68    1473  946   81
9,4          3486 1344  170    2073  361   66    1413  983  104
9,8          3484 1384  132    2111  332   57    1373 1052   75
0,4          3465 1385  150    1942  487   71    1523  898   79
3,4          3455 1377  168    2202  249   49    1253 1128  119
0,1          3429 1439  132    2105  337   58    1324 1102   74
4,2          3426 1406  168    1994  433   73    1432  973   95
8,2          3398 1420  182    2015  413   72    1383 1007  110
7,9          3397 1454  149    2036  397   67    1361 1057   82
1,9          3395 1444  161    1772  648   80    1623  796   81
2,6          3393 1462  145    1918  521   61    1475  941   84
9,2          3391 1429  180    2029  402   69    1362 1027  111
4,4          3385 1446  169    1953  478   69    1432  968  100
9,7          3358 1501  141    2059  388   53    1299 1113   88
1,7          3356 1471  173    1911  530   59    1445  941  114
4,5          3352 1483  165    2019  418   63    1333 1065  102
6,7          3351 1494  155    2053  391   56    1298 1103   99
1,4          3344 1512  144    2034  414   52    1310 1098   92
0,7          3336 1536  128    2064  384   52    1272 1152   76
1,3          3330 1518  152    2035  397   68    1295 1121   84
3,3          3325 1535  140    2096  347   57    1229 1188   83
7,0          3320 1520  160    1923  506   71    1397 1014   89
7,3          3318 1544  138    2132  322   46    1186 1222   92
9,0          3303 1542  155    2006  429   65    1297 1113   90
9,1          3289 1553  158    2163  280   57    1126 1273  101
6,9          3278 1583  139    2171  274   55    1107 1309   84
0,5          3275 1546  179    2168  273   59    1107 1273  120
0,6          3253 1574  173    2113  319   68    1140 1255  105
1,8          3251 1595  154    1932  505   63    1319 1090   91
7,6          3240 1590  170    1974  452   74    1266 1138   96
7,7          3233 1621  146    2055  384   61    1178 1237   85
5,1          3231 1582  187    2054  373   73    1177 1209  114
9,6          3231 1621  148    2055  378   67    1176 1243   81
6,6          3223 1604  173    1842  579   79    1381 1025   94
0,9          3213 1604  183    1761  652   87    1452  952   96
5,0          3204 1635  161    1984  443   73    1220 1192   88
5,7          3204 1626  170    1934  494   72    1270 1132   98
6,0          3202 1635  163    2011  422   67    1191 1213   96
8,4          3201 1645  154    2007  426   67    1194 1219   87
3,7          3200 1657  143    1669  771   60    1531  886   83
9,3          3200 1649  151    2058  396   46    1142 1253  105
2,3          3198 1626  176    1695  721   84    1503  905   92
8,7          3198 1645  157    1899  539   62    1299 1106   95
0,2          3196 1605  199    2006  405   89    1190 1200  110
2,5          3195 1640  165    2074  375   51    1121 1265  114
3,0          3179 1610  211    1884  540   76    1295 1070  135
3,8          3179 1629  192    1880  530   90    1299 1099  102
4,6          3174 1683  143    1922  513   65    1252 1170   78
5,5          3168 1672  160    2008  414   78    1160 1258   82
1,5          3165 1668  167    1913  523   64    1252 1145  103
8,3          3152 1667  181    1622  790   88    1530  877   93
0,3          3138 1703  159    2127  316   57    1011 1387  102
1,2          3131 1687  182    1822  597   81    1309 1090  101
7,4          3125 1711  164    1851  577   72    1274 1134   92
6,8          3097 1721  182    2033  394   73    1064 1327  109
6,1          3091 1735  174    1902  527   71    1189 1208  103
3,2          3082 1757  161    1858  575   67    1224 1182   94
1,1          3077 1746  177    1918  508   74    1159 1238  103
3,6          3069 1756  175    1868  558   74    1201 1198  101
5,6          3061 1738  201    1833  572   95    1228 1166  106
3,1          3058 1762  180    1885  527   88    1173 1235   92
8,9          3045 1771  184    1888  528   84    1157 1243  100
9,9          3043 1803  154    1927  497   76    1116 1306   78
3,5          3033 1799  168    1892  549   59    1141 1250  109
1,6          3014 1789  197    1478  904  118    1536  885   79
2,8          3014 1833  153    1734  683   83    1280 1150   70
1,0          3011 1813  176    1730  691   79    1281 1122   97
8,6          2995 1833  172    1933  492   75    1062 1341   97
7,1          2994 1837  169    1951  472   77    1043 1365   92
7,2          2991 1864  145    1924  507   69    1067 1357   76
2,1          2978 1849  173    1792  633   75    1186 1216   98
2,9          2976 1864  160    1856  580   64    1120 1284   96
7,5          2971 1859  170    1728  690   82    1243 1169   88
5,2          2968 1848  184    1977  448   75     991 1400  109
6,3          2931 1879  190    2005  408   87     926 1471  103
5,9          2930 1894  176    1772  645   83    1158 1249   93
4,9          2925 1892  183    1799  634   67    1126 1258  116
4,3          2911 1900  189    1713  699   88    1198 1201  101
8,0          2911 1914  175    1755  667   78    1156 1247   97
0,8          2907 1898  195    1773  632   95    1134 1266  100
5,8          2901 1934  165    1814  614   72    1087 1320   93
2,2          2899 1935  166    1688  742   70    1211 1193   96
2,4          2878 1940  182    1916  496   88     962 1444   94
9,5          2867 1964  169    2028  403   69     839 1561  100
8,5          2863 1944  193    1658  760   82    1205 1184  111
8,8          2854 1974  172    1820  612   68    1034 1362  104
4,0          2834 1969  197    1580  830   90    1254 1139  107
6,4          2832 1978  190    1862  540   98     970 1438   92
6,2          2813 2007  180    1970  449   81     843 1558   99
8,1          2753 2045  202    1913  495   92     840 1550  110
5,3          2741 2096  163    1918  503   79     823 1593   84
2,0          2737 2101  162    1624  798   78    1113 1303   84
6,5          2709 2091  200    1705  700   95    1004 1391  105
4,7          2642 2160  198    1783  618   99     859 1542   99
3,9          2444 2350  206    1082 1312  106    1362 1038  100
4,8          2272 2525  203    1333 1059  108     939 1466   95
2,7          1722 3082  196     659 1750   91    1063 1332  105
100


Team A Total Wins: 311993
Ties: 16881
