50x50 vs 0k
Team A: 
Overall:           all             as Black          as White     
                W    L    T       W    L    T       W    L    T  
size: 100
1,9          3013 1815  172    1390 1019   91    1623  796   81
4,1          3001 1826  173    1482  939   79    1519  887   94
2,3          2994 1814  192    1491  909  100    1503  905   92
5,7          2929 1888  183    1659  756   85    1270 1132   98
1,6          2822 1993  185    1286 1108  106    1536  885   79
7,9          2795 2010  195    1434  953  113    1361 1057   82
4,4          2778 2029  193    1346 1061   93    1432  968  100
0,0          2747 2074  179    1257 1141  102    1490  933   77
9,2          2736 2040  224    1374 1013  113    1362 1027  111
0,4          2730 2109  161    1207 1211   82    1523  898   79
5,4          2684 2133  183    1145 1259   96    1539  874   87
0,5          2638 2141  221    1531  868  101    1107 1273  120
3,4          2630 2142  228    1377 1014  109    1253 1128  119
9,3          2628 2192  180    1486  939   75    1142 1253  105
8,2          2626 2179  195    1243 1172   85    1383 1007  110
3,7          2615 2202  183    1084 1316  100    1531  886   83
6,6          2607 2192  201    1226 1167  107    1381 1025   94
7,8          2596 2248  156    1123 1302   75    1473  946   81
8,3          2596 2197  207    1066 1320  114    1530  877   93
0,9          2588 2234  178    1136 1282   82    1452  952   96
1,0          2588 2224  188    1307 1102   91    1281 1122   97
9,8          2583 2261  156    1210 1209   81    1373 1052   75
0,6          2571 2232  197    1431  977   92    1140 1255  105
1,7          2570 2224  206    1125 1283   92    1445  941  114
5,5          2569 2238  193    1409  980  111    1160 1258   82
1,2          2561 2239  200    1252 1149   99    1309 1090  101
1,3          2560 2266  174    1265 1145   90    1295 1121   84
6,0          2548 2263  189    1357 1050   93    1191 1213   96
5,0          2533 2271  196    1313 1079  108    1220 1192   88
3,1          2532 2270  198    1359 1035  106    1173 1235   92
2,6          2525 2267  208    1050 1326  124    1475  941   84
9,6          2519 2297  184    1343 1054  103    1176 1243   81
9,4          2515 2281  204    1102 1298  100    1413  983  104
4,2          2513 2291  196    1081 1318  101    1432  973   95
4,6          2501 2313  186    1249 1143  108    1252 1170   78
7,3          2490 2320  190    1304 1098   98    1186 1222   92
7,4          2488 2341  171    1214 1207   79    1274 1134   92
4,3          2478 2330  192    1280 1129   91    1198 1201  101
0,2          2474 2322  204    1284 1122   94    1190 1200  110
0,1          2465 2367  168    1141 1265   94    1324 1102   74
7,1          2464 2342  194    1421  977  102    1043 1365   92
3,2          2461 2330  209    1237 1148  115    1224 1182   94
6,3          2461 2345  194    1535  874   91     926 1471  103
0,7          2454 2386  160    1182 1234   84    1272 1152   76
4,0          2454 2353  193    1200 1214   86    1254 1139  107
2,5          2449 2349  202    1328 1084   88    1121 1265  114
7,5          2448 2367  185    1205 1198   97    1243 1169   88
7,2          2444 2389  167    1377 1032   91    1067 1357   76
3,9          2442 2357  201    1080 1319  101    1362 1038  100
5,2          2442 2346  212    1451  946  103     991 1400  109
3,6          2441 2337  222    1240 1139  121    1201 1198  101
2,7          2436 2350  214    1373 1018  109    1063 1332  105
7,0          2434 2372  194    1037 1358  105    1397 1014   89
2,0          2430 2387  183    1317 1084   99    1113 1303   84
9,1          2426 2384  190    1300 1111   89    1126 1273  101
2,1          2422 2370  208    1236 1154  110    1186 1216   98
4,5          2415 2385  200    1082 1320   98    1333 1065  102
3,8          2414 2388  198    1115 1289   96    1299 1099  102
1,1          2406 2397  197    1247 1159   94    1159 1238  103
9,7          2399 2412  189    1100 1299  101    1299 1113   88
1,8          2393 2435  172    1074 1345   81    1319 1090   91
3,0          2383 2376  241    1088 1306  106    1295 1070  135
3,3          2381 2434  185    1152 1246  102    1229 1188   83
6,1          2374 2434  192    1185 1226   89    1189 1208  103
8,9          2366 2449  185    1209 1206   85    1157 1243  100
0,8          2355 2430  215    1221 1164  115    1134 1266  100
8,8          2336 2447  217    1302 1085  113    1034 1362  104
2,2          2334 2474  192    1123 1281   96    1211 1193   96
5,6          2329 2464  207    1101 1298  101    1228 1166  106
6,7          2322 2494  184    1024 1391   85    1298 1103   99
8,5          2319 2469  212    1114 1285  101    1205 1184  111
5,9          2300 2497  203    1142 1248  110    1158 1249   93
8,7          2289 2523  188     990 1417   93    1299 1106   95
6,5          2284 2524  192    1280 1133   87    1004 1391  105
9,0          2282 2535  183     985 1422   93    1297 1113   90
2,9          2260 2563  177    1140 1279   81    1120 1284   96
6,9          2252 2564  184    1145 1255  100    1107 1309   84
6,8          2248 2544  208    1184 1217   99    1064 1327  109
1,4          2224 2596  180     914 1498   88    1310 1098   92
5,3          2219 2605  176    1396 1012   92     823 1593   84
0,3          2214 2579  207    1203 1192  105    1011 1387  102
7,6          2200 2600  200     934 1462  104    1266 1138   96
1,5          2189 2615  196     937 1470   93    1252 1145  103
4,8          2183 2619  198    1244 1153  103     939 1466   95
4,7          2179 2641  180    1320 1099   81     859 1542   99
5,1          2173 2621  206     996 1412   92    1177 1209  114
7,7          2169 2657  174     991 1420   89    1178 1237   85
3,5          2138 2660  202     997 1410   93    1141 1250  109
8,1          2131 2658  211    1291 1108  101     840 1550  110
2,8          2118 2712  170     838 1562  100    1280 1150   70
5,8          2106 2693  201    1019 1373  108    1087 1320   93
4,9          2102 2684  214     976 1426   98    1126 1258  116
9,9          2102 2742  156     986 1436   78    1116 1306   78
8,6          2090 2718  192    1028 1377   95    1062 1341   97
2,4          2082 2740  178    1120 1296   84     962 1444   94
8,0          2078 2725  197     922 1478  100    1156 1247   97
8,4          2052 2778  170     858 1559   83    1194 1219   87
6,2          2032 2764  204    1189 1206  105     843 1558   99
9,5          2011 2804  185    1172 1243   85     839 1561  100
6,4          1941 2881  178     971 1443   86     970 1438   92
100


Team A Total Wins: 242618
Ties: 19213



50x50 vs 1k

Team A: 
Overall:           all             as Black          as White     
                W    L    T       W    L    T       W    L    T  
size: 100
8,3          3729 1126  145    2199  249   52    1530  877   93
1,9          3658 1203  139    2035  407   58    1623  796   81
1,6          3638 1234  128    2102  349   49    1536  885   79
0,4          3620 1235  145    2097  337   66    1523  898   79
5,4          3619 1242  139    2080  368   52    1539  874   87
3,7          3616 1252  132    2085  366   49    1531  886   83
6,6          3593 1275  132    2212  250   38    1381 1025   94
2,6          3585 1275  140    2110  334   56    1475  941   84
2,3          3570 1269  161    2067  364   69    1503  905   92
9,8          3560 1329  111    2187  277   36    1373 1052   75
7,0          3546 1324  130    2149  310   41    1397 1014   89
4,4          3541 1291  168    2109  323   68    1432  968  100
9,2          3533 1296  171    2171  269   60    1362 1027  111
4,1          3529 1315  156    2010  428   62    1519  887   94
1,7          3521 1307  172    2076  366   58    1445  941  114
3,9          3517 1334  149    2155  296   49    1362 1038  100
7,9          3509 1371  120    2148  314   38    1361 1057   82
9,4          3501 1329  170    2088  346   66    1413  983  104
4,5          3478 1371  151    2145  306   49    1333 1065  102
9,0          3461 1389  150    2164  276   60    1297 1113   90
8,2          3453 1378  169    2070  371   59    1383 1007  110
0,0          3452 1400  148    1962  467   71    1490  933   77
4,2          3452 1374  174    2020  401   79    1432  973   95
7,4          3447 1414  139    2173  280   47    1274 1134   92
1,4          3444 1412  144    2134  314   52    1310 1098   92
9,7          3443 1413  144    2144  300   56    1299 1113   88
7,8          3438 1405  157    1965  459   76    1473  946   81
1,8          3436 1436  128    2117  346   37    1319 1090   91
3,0          3433 1383  184    2138  313   49    1295 1070  135
5,7          3427 1426  147    2157  294   49    1270 1132   98
8,7          3424 1419  157    2125  313   62    1299 1106   95
1,2          3422 1423  155    2113  333   54    1309 1090  101
0,1          3417 1461  122    2093  359   48    1324 1102   74
1,3          3407 1462  131    2112  341   47    1295 1121   84
6,7          3399 1445  156    2101  342   57    1298 1103   99
0,9          3396 1429  175    1944  477   79    1452  952   96
1,5          3356 1477  167    2104  332   64    1252 1145  103
2,1          3356 1492  152    2170  276   54    1186 1216   98
7,5          3344 1508  148    2101  339   60    1243 1169   88
3,4          3340 1491  169    2087  363   50    1253 1128  119
4,0          3333 1507  160    2079  368   53    1254 1139  107
2,2          3331 1530  139    2120  337   43    1211 1193   96
4,6          3329 1536  135    2077  366   57    1252 1170   78
3,8          3326 1519  155    2027  420   53    1299 1099  102
6,1          3325 1511  164    2136  303   61    1189 1208  103
5,6          3323 1522  155    2095  356   49    1228 1166  106
8,0          3311 1538  151    2155  291   54    1156 1247   97
5,5          3309 1551  140    2149  293   58    1160 1258   82
1,1          3308 1527  165    2149  289   62    1159 1238  103
5,0          3303 1555  142    2083  363   54    1220 1192   88
9,6          3303 1573  124    2127  330   43    1176 1243   81
2,0          3297 1587  116    2184  284   32    1113 1303   84
8,4          3294 1558  148    2100  339   61    1194 1219   87
5,9          3291 1560  149    2133  311   56    1158 1249   93
7,6          3291 1537  172    2025  399   76    1266 1138   96
4,3          3290 1556  154    2092  355   53    1198 1201  101
3,2          3285 1554  161    2061  372   67    1224 1182   94
3,3          3284 1591  125    2055  403   42    1229 1188   83
8,5          3271 1568  161    2066  384   50    1205 1184  111
0,6          3267 1574  159    2127  319   54    1140 1255  105
4,9          3266 1571  163    2140  313   47    1126 1258  116
9,1          3265 1565  170    2139  292   69    1126 1273  101
3,1          3247 1597  156    2074  362   64    1173 1235   92
0,7          3244 1606  150    1972  454   74    1272 1152   76
0,2          3243 1581  176    2053  381   66    1190 1200  110
2,8          3238 1628  134    1958  478   64    1280 1150   70
6,9          3232 1625  143    2125  316   59    1107 1309   84
6,0          3229 1583  188    2038  370   92    1191 1213   96
7,3          3227 1629  144    2041  407   52    1186 1222   92
3,5          3224 1619  157    2083  369   48    1141 1250  109
5,1          3222 1608  170    2045  399   56    1177 1209  114
9,3          3219 1610  171    2077  357   66    1142 1253  105
2,5          3211 1618  171    2090  353   57    1121 1265  114
8,8          3198 1636  166    2164  274   62    1034 1362  104
1,0          3192 1642  166    1911  520   69    1281 1122   97
7,1          3183 1674  143    2140  309   51    1043 1365   92
2,9          3180 1673  147    2060  389   51    1120 1284   96
9,9          3178 1677  145    2062  371   67    1116 1306   78
8,9          3162 1682  156    2005  439   56    1157 1243  100
7,7          3158 1685  157    1980  448   72    1178 1237   85
0,8          3130 1719  151    1996  453   51    1134 1266  100
8,6          3129 1693  178    2067  352   81    1062 1341   97
6,8          3128 1695  177    2064  368   68    1064 1327  109
6,5          3126 1724  150    2122  333   45    1004 1391  105
0,3          3125 1714  161    2114  327   59    1011 1387  102
5,8          3118 1733  149    2031  413   56    1087 1320   93
3,6          3116 1715  169    1915  517   68    1201 1198  101
7,2          3110 1747  143    2043  390   67    1067 1357   76
0,5          3105 1705  190    1998  432   70    1107 1273  120
5,2          3076 1758  166    2085  358   57     991 1400  109
2,4          3059 1782  159    2097  338   65     962 1444   94
6,4          3038 1818  144    2068  380   52     970 1438   92
2,7          3028 1789  183    1965  457   78    1063 1332  105
4,8          3020 1818  162    2081  352   67     939 1466   95
8,1          3001 1842  157    2161  292   47     840 1550  110
6,2          2969 1885  146    2126  327   47     843 1558   99
9,5          2960 1887  153    2121  326   53     839 1561  100
4,7          2946 1897  157    2087  355   58     859 1542   99
6,3          2936 1911  153    2010  440   50     926 1471  103
5,3          2862 2001  137    2039  408   53     823 1593   84
100


Team A Total Wins: 330981
Ties: 15308

50x50 vs 2k

Team A: 
Overall:           all             as Black          as White     
                W    L    T       W    L    T       W    L    T  
size: 100
1,9          3773 1098  129    2150  302   48    1623  796   81
5,4          3699 1170  131    2160  296   44    1539  874   87
3,7          3659 1195  146    2128  309   63    1531  886   83
1,6          3649 1196  155    2113  311   76    1536  885   79
4,1          3626 1214  160    2107  327   66    1519  887   94
0,4          3622 1250  128    2099  352   49    1523  898   79
4,4          3592 1244  164    2160  276   64    1432  968  100
2,3          3579 1259  162    2076  354   70    1503  905   92
2,6          3565 1297  138    2090  356   54    1475  941   84
0,0          3555 1301  144    2065  368   67    1490  933   77
0,9          3539 1297  164    2087  345   68    1452  952   96
6,6          3524 1324  152    2143  299   58    1381 1025   94
8,3          3516 1322  162    1986  445   69    1530  877   93
9,4          3516 1306  178    2103  323   74    1413  983  104
7,0          3514 1347  139    2117  333   50    1397 1014   89
1,7          3489 1334  177    2044  393   63    1445  941  114
4,2          3483 1362  155    2051  389   60    1432  973   95
3,9          3472 1373  155    2110  335   55    1362 1038  100
7,8          3467 1378  155    1994  432   74    1473  946   81
4,5          3465 1367  168    2132  302   66    1333 1065  102
0,1          3460 1391  149    2136  289   75    1324 1102   74
9,8          3455 1404  141    2082  352   66    1373 1052   75
7,9          3454 1395  151    2093  338   69    1361 1057   82
8,2          3447 1377  176    2064  370   66    1383 1007  110
1,4          3446 1416  138    2136  318   46    1310 1098   92
3,8          3444 1400  156    2145  301   54    1299 1099  102
7,4          3440 1417  143    2166  283   51    1274 1134   92
9,2          3438 1381  181    2076  354   70    1362 1027  111
0,7          3437 1437  126    2165  285   50    1272 1152   76
3,4          3425 1398  177    2172  270   58    1253 1128  119
6,7          3422 1432  146    2124  329   47    1298 1103   99
2,8          3420 1442  138    2140  292   68    1280 1150   70
1,2          3400 1440  160    2091  350   59    1309 1090  101
9,0          3400 1456  144    2103  343   54    1297 1113   90
8,7          3398 1455  147    2099  349   52    1299 1106   95
7,6          3390 1462  148    2124  324   52    1266 1138   96
9,7          3379 1474  147    2080  361   59    1299 1113   88
1,8          3378 1455  167    2059  365   76    1319 1090   91
1,3          3375 1463  162    2080  342   78    1295 1121   84
4,3          3375 1468  157    2177  267   56    1198 1201  101
5,6          3372 1462  166    2144  296   60    1228 1166  106
5,7          3369 1462  169    2099  330   71    1270 1132   98
3,0          3368 1424  208    2073  354   73    1295 1070  135
4,0          3365 1459  176    2111  320   69    1254 1139  107
1,0          3335 1485  180    2054  363   83    1281 1122   97
4,6          3334 1523  143    2082  353   65    1252 1170   78
7,5          3328 1508  164    2085  339   76    1243 1169   88
1,5          3326 1498  176    2074  353   73    1252 1145  103
7,3          3306 1538  156    2120  316   64    1186 1222   92
3,2          3303 1543  154    2079  361   60    1224 1182   94
3,6          3303 1523  174    2102  325   73    1201 1198  101
8,5          3292 1527  181    2087  343   70    1205 1184  111
3,1          3291 1547  162    2118  312   70    1173 1235   92
7,7          3290 1576  134    2112  339   49    1178 1237   85
3,5          3289 1553  158    2148  303   49    1141 1250  109
8,0          3286 1550  164    2130  303   67    1156 1247   97
8,4          3283 1549  168    2089  330   81    1194 1219   87
3,3          3279 1573  148    2050  385   65    1229 1188   83
2,2          3278 1560  162    2067  367   66    1211 1193   96
1,1          3277 1559  164    2118  321   61    1159 1238  103
2,1          3263 1572  165    2077  356   67    1186 1216   98
0,2          3258 1553  189    2068  353   79    1190 1200  110
0,8          3258 1572  170    2124  306   70    1134 1266  100
9,3          3256 1580  164    2114  327   59    1142 1253  105
5,5          3252 1587  161    2092  329   79    1160 1258   82
5,0          3251 1582  167    2031  390   79    1220 1192   88
6,0          3250 1585  165    2059  372   69    1191 1213   96
9,6          3244 1614  142    2068  371   61    1176 1243   81
0,6          3242 1580  178    2102  325   73    1140 1255  105
6,1          3242 1585  173    2053  377   70    1189 1208  103
5,9          3239 1604  157    2081  355   64    1158 1249   93
2,9          3235 1589  176    2115  305   80    1120 1284   96
5,1          3230 1583  187    2053  374   73    1177 1209  114
8,9          3230 1600  170    2073  357   70    1157 1243  100
4,9          3221 1593  186    2095  335   70    1126 1258  116
2,0          3207 1638  155    2094  335   71    1113 1303   84
5,8          3203 1633  164    2116  313   71    1087 1320   93
6,8          3195 1633  172    2131  306   63    1064 1327  109
9,9          3195 1671  134    2079  365   56    1116 1306   78
8,6          3167 1668  165    2105  327   68    1062 1341   97
0,5          3162 1648  190    2055  375   70    1107 1273  120
2,5          3162 1654  184    2041  389   70    1121 1265  114
2,7          3155 1664  181    2092  332   76    1063 1332  105
9,1          3143 1692  165    2017  419   64    1126 1273  101
6,5          3140 1702  158    2136  311   53    1004 1391  105
5,2          3131 1691  178    2140  291   69     991 1400  109
7,1          3125 1722  153    2082  357   61    1043 1365   92
8,8          3116 1721  163    2082  359   59    1034 1362  104
7,2          3109 1747  144    2042  390   68    1067 1357   76
0,3          3095 1738  167    2084  351   65    1011 1387  102
6,9          3094 1743  163    1987  434   79    1107 1309   84
4,8          3087 1748  165    2148  282   70     939 1466   95
6,4          3073 1768  159    2103  330   67     970 1438   92
8,1          3023 1803  174    2183  253   64     840 1550  110
6,3          3020 1814  166    2094  343   63     926 1471  103
4,7          2973 1853  174    2114  311   75     859 1542   99
2,4          2964 1870  166    2002  426   72     962 1444   94
6,2          2951 1889  160    2108  331   61     843 1558   99
5,3          2904 1938  158    2081  345   74     823 1593   84
9,5          2888 1942  170    2049  381   70     839 1561  100
100


Team A Total Wins: 331914
Ties: 16101

50x50 vs 3k

Team A: 
Overall:           all             as Black          as White     
                W    L    T       W    L    T       W    L    T  
size: 100
1,9          3729 1116  155    2106  320   74    1623  796   81
5,4          3661 1185  154    2122  311   67    1539  874   87
3,7          3658 1194  148    2127  308   65    1531  886   83
4,1          3640 1200  160    2121  313   66    1519  887   94
8,3          3634 1204  162    2104  327   69    1530  877   93
0,4          3630 1224  146    2107  326   67    1523  898   79
0,0          3623 1231  146    2133  298   69    1490  933   77
2,3          3617 1233  150    2114  328   58    1503  905   92
7,8          3605 1252  143    2132  306   62    1473  946   81
1,6          3601 1251  148    2065  366   69    1536  885   79
3,9          3543 1294  163    2181  256   63    1362 1038  100
0,9          3542 1295  163    2090  343   67    1452  952   96
7,0          3536 1310  154    2139  296   65    1397 1014   89
4,2          3534 1305  161    2102  332   66    1432  973   95
1,7          3533 1296  171    2088  355   57    1445  941  114
1,8          3508 1361  131    2189  271   40    1319 1090   91
2,6          3508 1337  155    2033  396   71    1475  941   84
9,8          3492 1376  132    2119  324   57    1373 1052   75
8,2          3489 1345  166    2106  338   56    1383 1007  110
9,4          3482 1346  172    2069  363   68    1413  983  104
4,4          3476 1359  165    2044  391   65    1432  968  100
9,2          3470 1367  163    2108  340   52    1362 1027  111
6,6          3469 1373  158    2088  348   64    1381 1025   94
7,9          3459 1394  147    2098  337   65    1361 1057   82
8,7          3453 1396  151    2154  290   56    1299 1106   95
0,1          3451 1422  127    2127  320   53    1324 1102   74
1,3          3445 1416  139    2150  295   55    1295 1121   84
3,8          3444 1395  161    2145  296   59    1299 1099  102
1,2          3439 1404  157    2130  314   56    1309 1090  101
0,7          3434 1444  122    2162  292   46    1272 1152   76
4,5          3431 1401  168    2098  336   66    1333 1065  102
7,4          3421 1419  160    2147  285   68    1274 1134   92
6,7          3404 1430  166    2106  327   67    1298 1103   99
9,0          3400 1441  159    2103  328   69    1297 1113   90
7,6          3393 1450  157    2127  312   61    1266 1138   96
1,4          3378 1445  177    2068  347   85    1310 1098   92
4,0          3374 1462  164    2120  323   57    1254 1139  107
1,5          3371 1459  170    2119  314   67    1252 1145  103
3,0          3369 1433  198    2074  363   63    1295 1070  135
1,0          3366 1476  158    2085  354   61    1281 1122   97
3,4          3361 1460  179    2108  332   60    1253 1128  119
4,6          3361 1508  131    2109  338   53    1252 1170   78
5,7          3353 1483  164    2083  351   66    1270 1132   98
5,6          3348 1494  158    2120  328   52    1228 1166  106
9,7          3348 1491  161    2049  378   73    1299 1113   88
7,3          3347 1495  158    2161  273   66    1186 1222   92
2,2          3342 1501  157    2131  308   61    1211 1193   96
5,0          3341 1514  145    2121  322   57    1220 1192   88
2,8          3334 1529  137    2054  379   67    1280 1150   70
8,4          3329 1521  150    2135  302   63    1194 1219   87
6,0          3325 1516  159    2134  303   63    1191 1213   96
8,5          3324 1501  175    2119  317   64    1205 1184  111
7,5          3322 1525  153    2079  356   65    1243 1169   88
1,1          3320 1517  163    2161  279   60    1159 1238  103
3,2          3320 1530  150    2096  348   56    1224 1182   94
6,1          3320 1513  167    2131  305   64    1189 1208  103
3,3          3316 1532  152    2087  344   69    1229 1188   83
9,6          3293 1558  149    2117  315   68    1176 1243   81
2,1          3292 1537  171    2106  321   73    1186 1216   98
0,2          3291 1531  178    2101  331   68    1190 1200  110
3,1          3290 1564  146    2117  329   54    1173 1235   92
3,6          3289 1553  158    2088  355   57    1201 1198  101
8,0          3272 1574  154    2116  327   57    1156 1247   97
8,9          3267 1570  163    2110  327   63    1157 1243  100
7,7          3266 1580  154    2088  343   69    1178 1237   85
5,5          3257 1598  145    2097  340   63    1160 1258   82
4,3          3256 1576  168    2058  375   67    1198 1201  101
9,1          3256 1586  158    2130  313   57    1126 1273  101
5,9          3255 1586  159    2097  337   66    1158 1249   93
4,9          3245 1578  177    2119  320   61    1126 1258  116
0,5          3238 1589  173    2131  316   53    1107 1273  120
5,1          3238 1571  191    2061  362   77    1177 1209  114
0,6          3236 1593  171    2096  338   66    1140 1255  105
2,5          3234 1594  172    2113  329   58    1121 1265  114
9,9          3230 1628  142    2114  322   64    1116 1306   78
2,9          3227 1615  158    2107  331   62    1120 1284   96
6,9          3219 1633  148    2112  324   64    1107 1309   84
9,3          3212 1617  171    2070  364   66    1142 1253  105
3,5          3210 1628  162    2069  378   53    1141 1250  109
0,8          3207 1631  162    2073  365   62    1134 1266  100
2,0          3196 1656  148    2083  353   64    1113 1303   84
2,7          3175 1656  169    2112  324   64    1063 1332  105
8,6          3170 1670  160    2108  329   63    1062 1341   97
6,8          3168 1648  184    2104  321   75    1064 1327  109
8,8          3167 1661  172    2133  299   68    1034 1362  104
5,8          3162 1691  147    2075  371   54    1087 1320   93
7,2          3161 1684  155    2094  327   79    1067 1357   76
7,1          3151 1692  157    2108  327   65    1043 1365   92
6,5          3142 1692  166    2138  301   61    1004 1391  105
5,2          3121 1708  171    2130  308   62     991 1400  109
0,3          3094 1733  173    2083  346   71    1011 1387  102
6,3          3094 1735  171    2168  264   68     926 1471  103
6,4          3062 1784  154    2092  346   62     970 1438   92
4,8          3037 1799  164    2098  333   69     939 1466   95
4,7          2992 1838  170    2133  296   71     859 1542   99
8,1          2990 1836  174    2150  286   64     840 1550  110
2,4          2985 1847  168    2023  403   74     962 1444   94
9,5          2970 1889  141    2131  328   41     839 1561  100
6,2          2962 1884  154    2119  326   55     843 1558   99
5,3          2932 1920  148    2109  327   64     823 1593   84
100


Team A Total Wins: 333234
Ties: 15882

50x50 vs 4k

Team A: 
Overall:           all             as Black          as White     
                W    L    T       W    L    T       W    L    T  
size: 100
1,9          3690 1150  160    2067  354   79    1623  796   81
3,7          3652 1203  145    2121  317   62    1531  886   83
1,6          3625 1219  156    2089  334   77    1536  885   79
5,4          3621 1218  161    2082  344   74    1539  874   87
4,1          3612 1222  166    2093  335   72    1519  887   94
0,0          3600 1250  150    2110  317   73    1490  933   77
8,3          3600 1226  174    2070  349   81    1530  877   93
2,3          3596 1250  154    2093  345   62    1503  905   92
0,4          3590 1269  141    2067  371   62    1523  898   79
7,8          3545 1288  167    2072  342   86    1473  946   81
2,6          3538 1313  149    2063  372   65    1475  941   84
4,2          3536 1287  177    2104  314   82    1432  973   95
0,9          3523 1316  161    2071  364   65    1452  952   96
9,4          3492 1341  167    2079  358   63    1413  983  104
1,7          3488 1330  182    2043  389   68    1445  941  114
6,6          3482 1363  155    2101  338   61    1381 1025   94
4,4          3473 1362  165    2041  394   65    1432  968  100
7,9          3469 1382  149    2108  325   67    1361 1057   82
9,2          3461 1359  180    2099  332   69    1362 1027  111
7,0          3451 1382  167    2054  368   78    1397 1014   89
3,9          3449 1387  164    2087  349   64    1362 1038  100
8,2          3449 1368  183    2066  361   73    1383 1007  110
1,8          3436 1403  161    2117  313   70    1319 1090   91
4,5          3426 1402  172    2093  337   70    1333 1065  102
2,8          3413 1441  146    2133  291   76    1280 1150   70
1,4          3412 1437  151    2102  339   59    1310 1098   92
0,1          3410 1441  149    2086  339   75    1324 1102   74
3,8          3410 1426  164    2111  327   62    1299 1099  102
1,2          3403 1432  165    2094  342   64    1309 1090  101
1,3          3400 1457  143    2105  336   59    1295 1121   84
4,6          3400 1469  131    2148  299   53    1252 1170   78
1,0          3397 1435  168    2116  313   71    1281 1122   97
7,4          3388 1454  158    2114  320   66    1274 1134   92
3,0          3375 1422  203    2080  352   68    1295 1070  135
9,7          3374 1461  165    2075  348   77    1299 1113   88
6,7          3365 1458  177    2067  355   78    1298 1103   99
4,0          3364 1463  173    2110  324   66    1254 1139  107
0,7          3359 1501  140    2087  349   64    1272 1152   76
5,0          3359 1491  150    2139  299   62    1220 1192   88
8,7          3347 1481  172    2048  375   77    1299 1106   95
5,7          3345 1497  158    2075  365   60    1270 1132   98
9,8          3345 1493  162    1972  441   87    1373 1052   75
7,6          3342 1476  182    2076  338   86    1266 1138   96
7,5          3336 1499  165    2093  330   77    1243 1169   88
3,6          3332 1522  146    2131  324   45    1201 1198  101
6,1          3328 1488  184    2139  280   81    1189 1208  103
2,1          3326 1519  155    2140  303   57    1186 1216   98
3,2          3321 1517  162    2097  335   68    1224 1182   94
6,0          3317 1535  148    2126  322   52    1191 1213   96
3,4          3316 1509  175    2063  381   56    1253 1128  119
9,0          3316 1530  154    2019  417   64    1297 1113   90
3,3          3311 1542  147    2082  354   64    1229 1188   83
5,1          3309 1524  167    2132  315   53    1177 1209  114
7,7          3302 1551  147    2124  314   62    1178 1237   85
2,2          3300 1536  164    2089  343   68    1211 1193   96
5,6          3297 1518  185    2069  352   79    1228 1166  106
3,1          3296 1539  165    2123  304   73    1173 1235   92
8,4          3292 1552  156    2098  333   69    1194 1219   87
1,5          3283 1540  177    2031  395   74    1252 1145  103
5,5          3282 1574  144    2122  316   62    1160 1258   82
1,1          3271 1563  166    2112  325   63    1159 1238  103
8,5          3270 1538  192    2065  354   81    1205 1184  111
4,3          3255 1573  172    2057  372   71    1198 1201  101
7,3          3255 1580  165    2069  358   73    1186 1222   92
9,3          3243 1589  168    2101  336   63    1142 1253  105
0,2          3239 1588  173    2049  388   63    1190 1200  110
3,5          3236 1591  173    2095  341   64    1141 1250  109
9,6          3222 1610  168    2046  367   87    1176 1243   81
2,9          3221 1624  155    2101  340   59    1120 1284   96
4,9          3215 1601  184    2089  343   68    1126 1258  116
2,0          3206 1637  157    2093  334   73    1113 1303   84
5,9          3202 1633  165    2044  384   72    1158 1249   93
8,9          3202 1632  166    2045  389   66    1157 1243  100
8,0          3201 1623  176    2045  376   79    1156 1247   97
5,8          3198 1635  167    2111  315   74    1087 1320   93
2,5          3187 1639  174    2066  374   60    1121 1265  114
9,1          3183 1651  166    2057  378   65    1126 1273  101
9,9          3182 1665  153    2066  359   75    1116 1306   78
8,6          3181 1648  171    2119  307   74    1062 1341   97
0,8          3178 1641  181    2044  375   81    1134 1266  100
6,9          3169 1674  157    2062  365   73    1107 1309   84
2,7          3158 1666  176    2095  334   71    1063 1332  105
7,2          3150 1707  143    2083  350   67    1067 1357   76
0,6          3149 1666  185    2009  411   80    1140 1255  105
0,5          3144 1659  197    2037  386   77    1107 1273  120
6,8          3144 1675  181    2080  348   72    1064 1327  109
0,3          3142 1697  161    2131  310   59    1011 1387  102
7,1          3110 1727  163    2067  362   71    1043 1365   92
5,2          3096 1714  190    2105  314   81     991 1400  109
6,5          3091 1735  174    2087  344   69    1004 1391  105
8,8          3089 1743  168    2055  381   64    1034 1362  104
4,8          3024 1817  159    2085  351   64     939 1466   95
6,3          3018 1812  170    2092  341   67     926 1471  103
2,4          3013 1817  170    2051  373   76     962 1444   94
6,4          3001 1825  174    2031  387   82     970 1438   92
4,7          2948 1878  174    2089  336   75     859 1542   99
9,5          2944 1893  163    2105  332   63     839 1561  100
6,2          2933 1891  176    2090  333   77     843 1558   99
5,3          2873 1974  153    2050  381   69     823 1593   84
8,1          2867 1947  186    2027  397   76     840 1550  110
100


Team A Total Wins: 330686
Ties: 16516

50x50 vs 5k

Team A: 
Overall:           all             as Black          as White     
                W    L    T       W    L    T       W    L    T  
size: 100
1,9          3760 1095  145    2137  299   64    1623  796   81
3,7          3701 1158  141    2170  272   58    1531  886   83
5,4          3699 1150  151    2160  276   64    1539  874   87
8,3          3692 1157  151    2162  280   58    1530  877   93
1,6          3683 1175  142    2147  290   63    1536  885   79
0,4          3671 1192  137    2148  294   58    1523  898   79
2,3          3659 1184  157    2156  279   65    1503  905   92
0,0          3654 1209  137    2164  276   60    1490  933   77
4,1          3629 1214  157    2110  327   63    1519  887   94
2,6          3622 1224  154    2147  283   70    1475  941   84
1,7          3600 1231  169    2155  290   55    1445  941  114
0,9          3587 1246  167    2135  294   71    1452  952   96
4,4          3559 1280  161    2127  312   61    1432  968  100
9,4          3549 1279  172    2136  296   68    1413  983  104
7,8          3539 1300  161    2066  354   80    1473  946   81
4,2          3522 1306  172    2090  333   77    1432  973   95
8,2          3518 1308  174    2135  301   64    1383 1007  110
7,0          3512 1338  150    2115  324   61    1397 1014   89
9,2          3502 1319  179    2140  292   68    1362 1027  111
1,8          3497 1338  165    2178  248   74    1319 1090   91
6,6          3490 1338  172    2109  313   78    1381 1025   94
4,5          3481 1351  168    2148  286   66    1333 1065  102
1,4          3461 1388  151    2151  290   59    1310 1098   92
1,2          3460 1377  163    2151  287   62    1309 1090  101
2,8          3459 1417  124    2179  267   54    1280 1150   70
9,8          3456 1403  141    2083  351   66    1373 1052   75
0,1          3453 1404  143    2129  302   69    1324 1102   74
3,8          3448 1382  170    2149  283   68    1299 1099  102
3,9          3447 1372  181    2085  334   81    1362 1038  100
1,3          3446 1397  157    2151  276   73    1295 1121   84
7,9          3444 1395  161    2083  338   79    1361 1057   82
7,6          3428 1419  153    2162  281   57    1266 1138   96
3,0          3427 1374  199    2132  304   64    1295 1070  135
1,0          3418 1413  169    2137  291   72    1281 1122   97
0,7          3415 1454  131    2143  302   55    1272 1152   76
9,0          3409 1430  161    2112  317   71    1297 1113   90
1,5          3407 1426  167    2155  281   64    1252 1145  103
6,7          3407 1431  162    2109  328   63    1298 1103   99
3,4          3399 1415  186    2146  287   67    1253 1128  119
4,6          3395 1467  138    2143  297   60    1252 1170   78
8,7          3395 1439  166    2096  333   71    1299 1106   95
4,0          3391 1442  167    2137  303   60    1254 1139  107
9,7          3390 1456  154    2091  343   66    1299 1113   88
5,6          3384 1454  162    2156  288   56    1228 1166  106
5,7          3374 1454  172    2104  322   74    1270 1132   98
7,4          3371 1480  149    2097  346   57    1274 1134   92
3,2          3369 1465  166    2145  283   72    1224 1182   94
7,5          3368 1482  150    2125  313   62    1243 1169   88
0,2          3352 1483  165    2162  283   55    1190 1200  110
3,3          3350 1499  151    2121  311   68    1229 1188   83
8,5          3350 1488  162    2145  304   51    1205 1184  111
6,1          3340 1514  146    2151  306   43    1189 1208  103
5,0          3325 1520  155    2105  328   67    1220 1192   88
3,6          3324 1516  160    2123  318   59    1201 1198  101
4,3          3315 1524  161    2117  323   60    1198 1201  101
3,1          3313 1526  161    2140  291   69    1173 1235   92
2,2          3312 1528  160    2101  335   64    1211 1193   96
7,3          3312 1542  146    2126  320   54    1186 1222   92
2,5          3299 1544  157    2178  279   43    1121 1265  114
3,5          3299 1525  176    2158  275   67    1141 1250  109
5,1          3297 1519  184    2120  310   70    1177 1209  114
8,4          3297 1547  156    2103  328   69    1194 1219   87
0,6          3296 1543  161    2156  288   56    1140 1255  105
1,1          3296 1538  166    2137  300   63    1159 1238  103
9,3          3295 1531  174    2153  278   69    1142 1253  105
5,5          3290 1574  136    2130  316   54    1160 1258   82
6,0          3288 1548  164    2097  335   68    1191 1213   96
8,0          3288 1538  174    2132  291   77    1156 1247   97
8,9          3284 1550  166    2127  307   66    1157 1243  100
2,1          3282 1548  170    2096  332   72    1186 1216   98
0,8          3276 1562  162    2142  296   62    1134 1266  100
9,1          3272 1566  162    2146  293   61    1126 1273  101
7,7          3267 1578  155    2089  341   70    1178 1237   85
4,9          3260 1557  183    2134  299   67    1126 1258  116
5,9          3257 1588  155    2099  339   62    1158 1249   93
9,6          3257 1597  146    2081  354   65    1176 1243   81
2,0          3246 1603  151    2133  300   67    1113 1303   84
0,5          3242 1581  177    2135  308   57    1107 1273  120
2,9          3227 1615  158    2107  331   62    1120 1284   96
6,9          3224 1622  154    2117  313   70    1107 1309   84
9,9          3219 1641  140    2103  335   62    1116 1306   78
2,7          3218 1626  156    2155  294   51    1063 1332  105
7,2          3215 1659  126    2148  302   50    1067 1357   76
5,8          3199 1646  155    2112  326   62    1087 1320   93
8,6          3157 1677  166    2095  336   69    1062 1341   97
6,8          3148 1676  176    2084  349   67    1064 1327  109
7,1          3145 1704  151    2102  339   59    1043 1365   92
6,5          3142 1670  188    2138  279   83    1004 1391  105
5,2          3138 1691  171    2147  291   62     991 1400  109
8,8          3123 1702  175    2089  340   71    1034 1362  104
0,3          3109 1732  159    2098  345   57    1011 1387  102
6,4          3096 1750  154    2126  312   62     970 1438   92
2,4          3092 1753  155    2130  309   61     962 1444   94
4,8          3070 1786  144    2131  320   49     939 1466   95
6,3          3052 1766  182    2126  295   79     926 1471  103
6,2          3017 1824  159    2174  266   60     843 1558   99
8,1          3003 1835  162    2163  285   52     840 1550  110
4,7          2974 1860  166    2115  318   67     859 1542   99
9,5          2967 1876  157    2128  315   57     839 1561  100
5,3          2936 1917  147    2113  324   63     823 1593   84
100


Team A Total Wins: 335299
Ties: 15968

50x50 vs 6k

Team A: 
Overall:           all             as Black          as White     
                W    L    T       W    L    T       W    L    T  
size: 100
1,9          3745 1118  137    2122  322   56    1623  796   81
4,1          3675 1170  155    2156  283   61    1519  887   94
0,4          3660 1198  142    2137  300   63    1523  898   79
5,4          3657 1186  157    2118  312   70    1539  874   87
8,3          3656 1196  148    2126  319   55    1530  877   93
2,6          3649 1197  154    2174  256   70    1475  941   84
1,6          3637 1223  140    2101  338   61    1536  885   79
3,7          3636 1201  163    2105  315   80    1531  886   83
2,3          3632 1192  176    2129  287   84    1503  905   92
7,8          3611 1238  151    2138  292   70    1473  946   81
9,4          3590 1256  154    2177  273   50    1413  983  104
0,0          3589 1264  147    2099  331   70    1490  933   77
4,2          3580 1255  165    2148  282   70    1432  973   95
4,4          3569 1269  162    2137  301   62    1432  968  100
0,9          3554 1267  179    2102  315   83    1452  952   96
7,0          3554 1301  145    2157  287   56    1397 1014   89
1,7          3549 1263  188    2104  322   74    1445  941  114
8,2          3534 1287  179    2151  280   69    1383 1007  110
9,2          3529 1293  178    2167  266   67    1362 1027  111
9,8          3511 1362  127    2138  310   52    1373 1052   75
3,9          3491 1342  167    2129  304   67    1362 1038  100
7,9          3487 1351  162    2126  294   80    1361 1057   82
6,6          3485 1355  160    2104  330   66    1381 1025   94
1,8          3474 1378  148    2155  288   57    1319 1090   91
0,1          3472 1378  150    2148  276   76    1324 1102   74
1,2          3464 1359  177    2155  269   76    1309 1090  101
1,3          3461 1410  129    2166  289   45    1295 1121   84
4,5          3456 1372  172    2123  307   70    1333 1065  102
8,7          3449 1386  165    2150  280   70    1299 1106   95
9,7          3448 1392  160    2149  279   72    1299 1113   88
1,4          3437 1396  167    2127  298   75    1310 1098   92
6,7          3426 1403  171    2128  300   72    1298 1103   99
3,0          3424 1374  202    2129  304   67    1295 1070  135
3,4          3417 1401  182    2164  273   63    1253 1128  119
3,8          3415 1409  176    2116  310   74    1299 1099  102
7,6          3411 1430  159    2145  292   63    1266 1138   96
7,4          3409 1446  145    2135  312   53    1274 1134   92
2,8          3404 1443  153    2124  293   83    1280 1150   70
5,7          3399 1438  163    2129  306   65    1270 1132   98
5,0          3394 1459  147    2174  267   59    1220 1192   88
7,5          3392 1460  148    2149  291   60    1243 1169   88
1,0          3391 1443  166    2110  321   69    1281 1122   97
1,5          3391 1450  159    2139  305   56    1252 1145  103
4,6          3391 1462  147    2139  292   69    1252 1170   78
0,7          3390 1467  143    2118  315   67    1272 1152   76
3,3          3380 1463  157    2151  275   74    1229 1188   83
4,0          3373 1448  179    2119  309   72    1254 1139  107
9,0          3373 1458  169    2076  345   79    1297 1113   90
5,6          3370 1469  161    2142  303   55    1228 1166  106
3,2          3356 1484  160    2132  302   66    1224 1182   94
3,6          3352 1466  182    2151  268   81    1201 1198  101
1,1          3349 1492  159    2190  254   56    1159 1238  103
2,2          3344 1499  157    2133  306   61    1211 1193   96
2,1          3339 1509  152    2153  293   54    1186 1216   98
6,1          3336 1495  169    2147  287   66    1189 1208  103
0,2          3332 1494  174    2142  294   64    1190 1200  110
8,4          3332 1508  160    2138  289   73    1194 1219   87
8,5          3331 1485  184    2126  301   73    1205 1184  111
4,3          3330 1501  169    2132  300   68    1198 1201  101
5,5          3329 1520  151    2169  262   69    1160 1258   82
9,3          3326 1514  160    2184  261   55    1142 1253  105
6,0          3320 1506  174    2129  293   78    1191 1213   96
5,1          3315 1495  190    2138  286   76    1177 1209  114
8,9          3312 1514  174    2155  271   74    1157 1243  100
9,6          3303 1540  157    2127  297   76    1176 1243   81
3,1          3302 1545  153    2129  310   61    1173 1235   92
5,9          3298 1533  169    2140  284   76    1158 1249   93
3,5          3292 1530  178    2151  280   69    1141 1250  109
7,3          3285 1549  166    2099  327   74    1186 1222   92
7,7          3284 1551  165    2106  314   80    1178 1237   85
9,1          3274 1556  170    2148  283   69    1126 1273  101
0,6          3272 1565  163    2132  310   58    1140 1255  105
8,0          3272 1543  185    2116  296   88    1156 1247   97
2,5          3266 1552  182    2145  287   68    1121 1265  114
2,0          3262 1594  144    2149  291   60    1113 1303   84
6,9          3262 1592  146    2155  283   62    1107 1309   84
9,9          3249 1600  151    2133  294   73    1116 1306   78
0,5          3247 1577  176    2140  304   56    1107 1273  120
6,8          3245 1577  178    2181  250   69    1064 1327  109
0,8          3241 1588  171    2107  322   71    1134 1266  100
2,9          3234 1601  165    2114  317   69    1120 1284   96
8,6          3222 1618  160    2160  277   63    1062 1341   97
5,8          3221 1610  169    2134  290   76    1087 1320   93
7,2          3210 1657  133    2143  300   57    1067 1357   76
2,7          3203 1615  182    2140  283   77    1063 1332  105
7,1          3200 1629  171    2157  264   79    1043 1365   92
4,9          3196 1630  174    2070  372   58    1126 1258  116
0,3          3192 1653  155    2181  266   53    1011 1387  102
8,8          3162 1684  154    2128  322   50    1034 1362  104
6,5          3140 1689  171    2136  298   66    1004 1391  105
6,4          3100 1738  162    2130  300   70     970 1438   92
2,4          3075 1757  168    2113  313   74     962 1444   94
5,2          3072 1755  173    2081  355   64     991 1400  109
4,8          3058 1782  160    2119  316   65     939 1466   95
6,3          3041 1790  169    2115  319   66     926 1471  103
9,5          2994 1829  177    2155  268   77     839 1561  100
6,2          2986 1858  156    2143  300   57     843 1558   99
8,1          2981 1835  184    2141  285   74     840 1550  110
4,7          2962 1875  163    2103  333   64     859 1542   99
5,3          2932 1913  155    2109  320   71     823 1593   84
100


Team A Total Wins: 335929
Ties: 16301

50x50 vs 7k

Team A: 
Overall:           all             as Black          as White     
                W    L    T       W    L    T       W    L    T  
size: 100
1,9          3733 1106  161    2110  310   80    1623  796   81
5,4          3664 1192  144    2125  318   57    1539  874   87
1,6          3655 1191  154    2119  306   75    1536  885   79
3,7          3641 1196  163    2110  310   80    1531  886   83
0,4          3618 1237  145    2095  339   66    1523  898   79
8,3          3617 1210  173    2087  333   80    1530  877   93
4,1          3610 1220  170    2091  333   76    1519  887   94
7,8          3601 1254  145    2128  308   64    1473  946   81
2,3          3581 1253  166    2078  348   74    1503  905   92
0,0          3578 1263  159    2088  330   82    1490  933   77
0,9          3574 1275  151    2122  323   55    1452  952   96
1,7          3554 1264  182    2109  323   68    1445  941  114
2,6          3548 1301  151    2073  360   67    1475  941   84
9,4          3539 1291  170    2126  308   66    1413  983  104
4,2          3538 1296  166    2106  323   71    1432  973   95
8,2          3523 1311  166    2140  304   56    1383 1007  110
4,4          3509 1321  170    2077  353   70    1432  968  100
9,2          3495 1323  182    2133  296   71    1362 1027  111
7,9          3481 1383  136    2120  326   54    1361 1057   82
9,8          3480 1386  134    2107  334   59    1373 1052   75
6,6          3464 1371  165    2083  346   71    1381 1025   94
7,0          3464 1380  156    2067  366   67    1397 1014   89
1,2          3448 1385  167    2139  295   66    1309 1090  101
3,9          3436 1394  170    2074  356   70    1362 1038  100
0,1          3435 1420  145    2111  318   71    1324 1102   74
9,0          3432 1410  158    2135  297   68    1297 1113   90
8,7          3424 1428  148    2125  322   53    1299 1106   95
1,8          3420 1406  174    2101  316   83    1319 1090   91
4,5          3417 1417  166    2084  352   64    1333 1065  102
1,0          3409 1439  152    2128  317   55    1281 1122   97
0,7          3408 1451  141    2136  299   65    1272 1152   76
2,8          3407 1455  138    2127  305   68    1280 1150   70
9,7          3404 1439  157    2105  326   69    1299 1113   88
3,0          3399 1378  223    2104  308   88    1295 1070  135
1,3          3391 1452  157    2096  331   73    1295 1121   84
1,4          3389 1444  167    2079  346   75    1310 1098   92
3,8          3388 1439  173    2089  340   71    1299 1099  102
7,4          3388 1446  166    2114  312   74    1274 1134   92
7,6          3388 1453  159    2122  315   63    1266 1138   96
6,7          3372 1458  170    2074  355   71    1298 1103   99
3,4          3354 1443  203    2101  315   84    1253 1128  119
4,0          3351 1472  177    2097  333   70    1254 1139  107
4,6          3337 1518  145    2085  348   67    1252 1170   78
5,7          3335 1491  174    2065  359   76    1270 1132   98
5,0          3323 1525  152    2103  333   64    1220 1192   88
1,5          3320 1514  166    2068  369   63    1252 1145  103
0,2          3315 1515  170    2125  315   60    1190 1200  110
2,2          3307 1537  156    2096  344   60    1211 1193   96
5,6          3307 1516  177    2079  350   71    1228 1166  106
3,3          3303 1543  154    2074  355   71    1229 1188   83
3,2          3301 1548  151    2077  366   57    1224 1182   94
8,4          3301 1550  149    2107  331   62    1194 1219   87
7,7          3298 1552  150    2120  315   65    1178 1237   85
6,0          3295 1540  165    2104  327   69    1191 1213   96
3,6          3291 1536  173    2090  338   72    1201 1198  101
7,5          3291 1542  167    2048  373   79    1243 1169   88
8,5          3290 1522  188    2085  338   77    1205 1184  111
9,6          3285 1565  150    2109  322   69    1176 1243   81
4,3          3283 1540  177    2085  339   76    1198 1201  101
9,3          3281 1557  162    2139  304   57    1142 1253  105
6,1          3273 1539  188    2084  331   85    1189 1208  103
7,3          3265 1577  158    2079  355   66    1186 1222   92
5,9          3256 1582  162    2098  333   69    1158 1249   93
9,1          3254 1568  178    2128  295   77    1126 1273  101
3,1          3252 1585  163    2079  350   71    1173 1235   92
0,6          3243 1594  163    2103  339   58    1140 1255  105
8,9          3232 1590  178    2075  347   78    1157 1243  100
4,9          3227 1602  171    2101  344   55    1126 1258  116
5,1          3227 1588  185    2050  379   71    1177 1209  114
3,5          3225 1588  187    2084  338   78    1141 1250  109
2,1          3220 1596  184    2034  380   86    1186 1216   98
5,5          3220 1637  143    2060  379   61    1160 1258   82
0,5          3212 1600  188    2105  327   68    1107 1273  120
8,0          3212 1607  181    2056  360   84    1156 1247   97
9,9          3209 1653  138    2093  347   60    1116 1306   78
2,5          3206 1607  187    2085  342   73    1121 1265  114
0,8          3204 1613  183    2070  347   83    1134 1266  100
1,1          3201 1624  175    2042  386   72    1159 1238  103
6,9          3193 1650  157    2086  341   73    1107 1309   84
2,9          3190 1653  157    2070  369   61    1120 1284   96
2,7          3176 1663  161    2113  331   56    1063 1332  105
8,6          3175 1661  164    2113  320   67    1062 1341   97
5,8          3173 1658  169    2086  338   76    1087 1320   93
2,0          3159 1690  151    2046  387   67    1113 1303   84
7,2          3155 1707  138    2088  350   62    1067 1357   76
7,1          3136 1712  152    2093  347   60    1043 1365   92
8,8          3132 1688  180    2098  326   76    1034 1362  104
0,3          3131 1700  169    2120  313   67    1011 1387  102
6,8          3116 1691  193    2052  364   84    1064 1327  109
6,5          3106 1714  180    2102  323   75    1004 1391  105
2,4          3100 1743  157    2138  299   63     962 1444   94
5,2          3091 1749  160    2100  349   51     991 1400  109
6,4          3076 1757  167    2106  319   75     970 1438   92
4,8          3051 1776  173    2112  310   78     939 1466   95
6,3          3006 1825  169    2080  354   66     926 1471  103
6,2          2987 1852  161    2144  294   62     843 1558   99
4,7          2969 1866  165    2110  324   66     859 1542   99
8,1          2959 1865  176    2119  315   66     840 1550  110
9,5          2958 1877  165    2119  316   65     839 1561  100
5,3          2949 1902  149    2126  309   65     823 1593   84
100


Team A Total Wins: 332116
Ties: 16471

50x50 vs 8k

Team A: 
Overall:           all             as Black          as White     
                W    L    T       W    L    T       W    L    T  
size: 100
1,9          3734 1119  147    2111  323   66    1623  796   81
5,4          3665 1189  146    2126  315   59    1539  874   87
3,7          3656 1198  146    2125  312   63    1531  886   83
2,3          3649 1194  157    2146  289   65    1503  905   92
4,1          3643 1194  163    2124  307   69    1519  887   94
1,6          3634 1219  147    2098  334   68    1536  885   79
0,0          3596 1259  145    2106  326   68    1490  933   77
0,4          3584 1254  162    2061  356   83    1523  898   79
8,3          3578 1236  186    2048  359   93    1530  877   93
7,8          3566 1281  153    2093  335   72    1473  946   81
1,7          3564 1255  181    2119  314   67    1445  941  114
0,9          3554 1282  164    2102  330   68    1452  952   96
2,6          3551 1290  159    2076  349   75    1475  941   84
4,2          3538 1295  167    2106  322   72    1432  973   95
4,4          3534 1291  175    2102  323   75    1432  968  100
9,4          3527 1304  169    2114  321   65    1413  983  104
6,6          3507 1320  173    2126  295   79    1381 1025   94
8,2          3490 1332  178    2107  325   68    1383 1007  110
3,9          3482 1354  164    2120  316   64    1362 1038  100
7,0          3474 1359  167    2077  345   78    1397 1014   89
9,2          3473 1349  178    2111  322   67    1362 1027  111
3,0          3462 1353  185    2167  283   50    1295 1070  135
9,8          3456 1405  139    2083  353   64    1373 1052   75
7,9          3452 1401  147    2091  344   65    1361 1057   82
9,0          3428 1414  158    2131  301   68    1297 1113   90
3,8          3422 1409  169    2123  310   67    1299 1099  102
1,8          3421 1417  162    2102  327   71    1319 1090   91
1,2          3420 1402  178    2111  312   77    1309 1090  101
6,7          3416 1412  172    2118  309   73    1298 1103   99
0,1          3410 1452  138    2086  350   64    1324 1102   74
8,7          3405 1435  160    2106  329   65    1299 1106   95
9,7          3405 1447  148    2106  334   60    1299 1113   88
1,3          3404 1436  160    2109  315   76    1295 1121   84
4,5          3401 1434  165    2068  369   63    1333 1065  102
1,4          3399 1442  159    2089  344   67    1310 1098   92
7,4          3399 1461  140    2125  327   48    1274 1134   92
2,8          3386 1460  154    2106  310   84    1280 1150   70
1,0          3382 1463  155    2101  341   58    1281 1122   97
7,6          3377 1466  157    2111  328   61    1266 1138   96
4,6          3372 1488  140    2120  318   62    1252 1170   78
5,7          3372 1459  169    2102  327   71    1270 1132   98
1,5          3370 1469  161    2118  324   58    1252 1145  103
0,7          3366 1479  155    2094  327   79    1272 1152   76
7,5          3365 1490  145    2122  321   57    1243 1169   88
2,2          3350 1492  158    2139  299   62    1211 1193   96
4,0          3348 1476  176    2094  337   69    1254 1139  107
3,6          3339 1502  159    2138  304   58    1201 1198  101
3,4          3337 1460  203    2084  332   84    1253 1128  119
3,3          3319 1534  147    2090  346   64    1229 1188   83
7,7          3318 1524  158    2140  287   73    1178 1237   85
3,2          3316 1513  171    2092  331   77    1224 1182   94
5,9          3316 1545  139    2158  296   46    1158 1249   93
5,0          3315 1525  160    2095  333   72    1220 1192   88
0,2          3305 1523  172    2115  323   62    1190 1200  110
5,6          3302 1519  179    2074  353   73    1228 1166  106
9,6          3299 1553  148    2123  310   67    1176 1243   81
6,1          3294 1536  170    2105  328   67    1189 1208  103
5,1          3289 1533  178    2112  324   64    1177 1209  114
2,1          3288 1533  179    2102  317   81    1186 1216   98
6,0          3287 1547  166    2096  334   70    1191 1213   96
8,5          3287 1525  188    2082  341   77    1205 1184  111
7,3          3283 1550  167    2097  328   75    1186 1222   92
8,9          3283 1537  180    2126  294   80    1157 1243  100
8,4          3273 1571  156    2079  352   69    1194 1219   87
9,3          3273 1561  166    2131  308   61    1142 1253  105
5,5          3272 1582  146    2112  324   64    1160 1258   82
4,3          3267 1562  171    2069  361   70    1198 1201  101
8,0          3267 1559  174    2111  312   77    1156 1247   97
3,1          3262 1573  165    2089  338   73    1173 1235   92
1,1          3259 1580  161    2100  342   58    1159 1238  103
0,5          3258 1583  159    2151  310   39    1107 1273  120
0,6          3255 1565  180    2115  310   75    1140 1255  105
4,9          3255 1559  186    2129  301   70    1126 1258  116
9,9          3247 1619  134    2131  313   56    1116 1306   78
0,8          3246 1588  166    2112  322   66    1134 1266  100
2,9          3243 1607  150    2123  323   54    1120 1284   96
3,5          3234 1600  166    2093  350   57    1141 1250  109
2,0          3229 1606  165    2116  303   81    1113 1303   84
9,1          3223 1602  175    2097  329   74    1126 1273  101
5,8          3213 1625  162    2126  305   69    1087 1320   93
8,6          3204 1631  165    2142  290   68    1062 1341   97
2,7          3194 1638  168    2131  306   63    1063 1332  105
6,8          3189 1627  184    2125  300   75    1064 1327  109
6,9          3188 1663  149    2081  354   65    1107 1309   84
2,5          3183 1640  177    2062  375   63    1121 1265  114
8,8          3150 1681  169    2116  319   65    1034 1362  104
7,2          3147 1693  160    2080  336   84    1067 1357   76
7,1          3121 1704  175    2078  339   83    1043 1365   92
0,3          3111 1711  178    2100  324   76    1011 1387  102
5,2          3097 1731  172    2106  331   63     991 1400  109
2,4          3093 1741  166    2131  297   72     962 1444   94
6,5          3078 1755  167    2074  364   62    1004 1391  105
6,4          3044 1804  152    2074  366   60     970 1438   92
6,3          3035 1799  166    2109  328   63     926 1471  103
4,8          3010 1814  176    2071  348   81     939 1466   95
9,5          2980 1856  164    2141  295   64     839 1561  100
6,2          2956 1875  169    2113  317   70     843 1558   99
8,1          2949 1872  179    2109  322   69     840 1550  110
4,7          2940 1885  175    2081  343   76     859 1542   99
5,3          2919 1922  159    2096  329   75     823 1593   84
100


Team A Total Wins: 333028
Ties: 16393

50x50 vs 9k

Team A: 
Overall:           all             as Black          as White     
                W    L    T       W    L    T       W    L    T  
size: 100
1,9          3747 1104  149    2124  308   68    1623  796   81
8,3          3670 1166  164    2140  289   71    1530  877   93
0,4          3640 1208  152    2117  310   73    1523  898   79
5,4          3639 1206  155    2100  332   68    1539  874   87
1,6          3628 1226  146    2092  341   67    1536  885   79
0,0          3617 1244  139    2127  311   62    1490  933   77
2,3          3617 1221  162    2114  316   70    1503  905   92
4,1          3607 1228  165    2088  341   71    1519  887   94
7,8          3607 1247  146    2134  301   65    1473  946   81
2,6          3606 1251  143    2131  310   59    1475  941   84
3,7          3590 1259  151    2059  373   68    1531  886   83
0,9          3575 1258  167    2123  306   71    1452  952   96
1,7          3569 1254  177    2124  313   63    1445  941  114
9,4          3541 1276  183    2128  293   79    1413  983  104
4,2          3525 1315  160    2093  342   65    1432  973   95
4,4          3517 1304  179    2085  336   79    1432  968  100
6,6          3496 1350  154    2115  325   60    1381 1025   94
3,9          3492 1353  155    2130  315   55    1362 1038  100
9,8          3490 1368  142    2117  316   67    1373 1052   75
7,0          3468 1353  179    2071  339   90    1397 1014   89
9,2          3466 1361  173    2104  334   62    1362 1027  111
0,1          3458 1397  145    2134  295   71    1324 1102   74
1,2          3455 1390  155    2146  300   54    1309 1090  101
7,9          3439 1399  162    2078  342   80    1361 1057   82
1,8          3437 1396  167    2118  306   76    1319 1090   91
8,2          3436 1381  183    2053  374   73    1383 1007  110
1,3          3434 1414  152    2139  293   68    1295 1121   84
1,0          3427 1404  169    2146  282   72    1281 1122   97
9,7          3426 1415  159    2127  302   71    1299 1113   88
3,0          3414 1388  198    2119  318   63    1295 1070  135
7,6          3413 1416  171    2147  278   75    1266 1138   96
9,0          3403 1434  163    2106  321   73    1297 1113   90
6,7          3393 1433  174    2095  330   75    1298 1103   99
5,7          3391 1449  160    2121  317   62    1270 1132   98
8,7          3391 1444  165    2092  338   70    1299 1106   95
4,5          3384 1430  186    2051  365   84    1333 1065  102
3,8          3383 1432  185    2084  333   83    1299 1099  102
7,4          3379 1460  161    2105  326   69    1274 1134   92
7,5          3372 1470  158    2129  301   70    1243 1169   88
0,7          3365 1486  149    2093  334   73    1272 1152   76
3,2          3356 1491  153    2132  309   59    1224 1182   94
2,2          3354 1481  165    2143  288   69    1211 1193   96
1,4          3353 1469  178    2043  371   86    1310 1098   92
1,5          3344 1484  172    2092  339   69    1252 1145  103
2,8          3340 1517  143    2060  367   73    1280 1150   70
4,0          3338 1478  184    2084  339   77    1254 1139  107
3,4          3335 1475  190    2082  347   71    1253 1128  119
5,0          3333 1525  142    2113  333   54    1220 1192   88
3,3          3332 1510  158    2103  322   75    1229 1188   83
5,6          3332 1493  175    2104  327   69    1228 1166  106
2,1          3328 1506  166    2142  290   68    1186 1216   98
8,4          3328 1519  153    2134  300   66    1194 1219   87
8,5          3313 1508  179    2108  324   68    1205 1184  111
7,7          3308 1541  151    2130  304   66    1178 1237   85
0,2          3307 1517  176    2117  317   66    1190 1200  110
4,6          3305 1547  148    2053  377   70    1252 1170   78
9,6          3292 1572  136    2116  329   55    1176 1243   81
6,0          3286 1534  180    2095  321   84    1191 1213   96
3,1          3283 1561  156    2110  326   64    1173 1235   92
7,3          3282 1559  159    2096  337   67    1186 1222   92
8,0          3278 1564  158    2122  317   61    1156 1247   97
5,1          3274 1542  184    2097  333   70    1177 1209  114
2,5          3273 1550  177    2152  285   63    1121 1265  114
3,6          3273 1549  178    2072  351   77    1201 1198  101
4,3          3273 1549  178    2075  348   77    1198 1201  101
6,1          3273 1543  184    2084  335   81    1189 1208  103
9,3          3270 1548  182    2128  295   77    1142 1253  105
1,1          3266 1571  163    2107  333   60    1159 1238  103
3,5          3252 1560  188    2111  310   79    1141 1250  109
5,5          3252 1586  162    2092  328   80    1160 1258   82
5,9          3249 1575  176    2091  326   83    1158 1249   93
8,9          3246 1587  167    2089  344   67    1157 1243  100
9,1          3238 1603  159    2112  330   58    1126 1273  101
4,9          3236 1569  195    2110  311   79    1126 1258  116
0,6          3230 1592  178    2090  337   73    1140 1255  105
2,0          3225 1623  152    2112  320   68    1113 1303   84
0,8          3219 1615  166    2085  349   66    1134 1266  100
0,5          3210 1594  196    2103  321   76    1107 1273  120
9,9          3207 1635  158    2091  329   80    1116 1306   78
2,9          3205 1635  160    2085  351   64    1120 1284   96
6,9          3201 1645  154    2094  336   70    1107 1309   84
5,8          3193 1650  157    2106  330   64    1087 1320   93
7,2          3190 1669  141    2123  312   65    1067 1357   76
8,8          3165 1655  180    2131  293   76    1034 1362  104
8,6          3163 1667  170    2101  326   73    1062 1341   97
0,3          3162 1668  170    2151  281   68    1011 1387  102
6,5          3154 1684  162    2150  293   57    1004 1391  105
6,8          3149 1663  188    2085  336   79    1064 1327  109
7,1          3149 1694  157    2106  329   65    1043 1365   92
2,7          3147 1672  181    2084  340   76    1063 1332  105
5,2          3135 1677  188    2144  277   79     991 1400  109
6,4          3084 1759  157    2114  321   65     970 1438   92
2,4          3064 1765  171    2102  321   77     962 1444   94
4,8          3040 1799  161    2101  333   66     939 1466   95
6,3          3022 1808  170    2096  337   67     926 1471  103
6,2          2957 1886  157    2114  328   58     843 1558   99
8,1          2953 1856  191    2113  306   81     840 1550  110
4,7          2942 1892  166    2083  350   67     859 1542   99
9,5          2940 1886  174    2101  325   74     839 1561  100
5,3          2900 1935  165    2077  342   81     823 1593   84
100


Team A Total Wins: 333015
Ties: 16588

50x50 vs 10k

Team A: 
Overall:           all             as Black          as White     
                W    L    T       W    L    T       W    L    T  
size: 100
1,9          3759 1085  156    2136  289   75    1623  796   81
0,4          3732 1134  134    2209  236   55    1523  898   79
5,4          3699 1158  143    2160  284   56    1539  874   87
4,1          3690 1156  154    2171  269   60    1519  887   94
8,3          3687 1159  154    2157  282   61    1530  877   93
1,6          3682 1167  151    2146  282   72    1536  885   79
2,3          3678 1167  155    2175  262   63    1503  905   92
3,7          3671 1182  147    2140  296   64    1531  886   83
2,6          3636 1213  151    2161  272   67    1475  941   84
7,8          3630 1219  151    2157  273   70    1473  946   81
0,0          3612 1238  150    2122  305   73    1490  933   77
1,7          3602 1227  171    2157  286   57    1445  941  114
4,2          3600 1249  151    2168  276   56    1432  973   95
9,4          3597 1233  170    2184  250   66    1413  983  104
4,4          3591 1240  169    2159  272   69    1432  968  100
6,6          3585 1259  156    2204  234   62    1381 1025   94
0,9          3576 1258  166    2124  306   70    1452  952   96
7,0          3537 1293  170    2140  279   81    1397 1014   89
9,2          3529 1297  174    2167  270   63    1362 1027  111
8,2          3509 1318  173    2126  311   63    1383 1007  110
4,5          3503 1326  171    2170  261   69    1333 1065  102
9,8          3502 1363  135    2129  311   60    1373 1052   75
3,9          3501 1330  169    2139  292   69    1362 1038  100
7,9          3495 1346  159    2134  289   77    1361 1057   82
9,7          3474 1389  137    2175  276   49    1299 1113   88
1,8          3468 1379  153    2149  289   62    1319 1090   91
1,4          3466 1373  161    2156  275   69    1310 1098   92
9,0          3459 1387  154    2162  274   64    1297 1113   90
1,2          3455 1380  165    2146  290   64    1309 1090  101
6,7          3454 1384  162    2156  281   63    1298 1103   99
3,8          3453 1374  173    2154  275   71    1299 1099  102
7,4          3441 1404  155    2167  270   63    1274 1134   92
2,8          3440 1423  137    2160  273   67    1280 1150   70
0,1          3438 1429  133    2114  327   59    1324 1102   74
8,7          3438 1394  168    2139  288   73    1299 1106   95
3,0          3434 1360  206    2139  290   71    1295 1070  135
4,0          3432 1403  165    2178  264   58    1254 1139  107
5,7          3432 1407  161    2162  275   63    1270 1132   98
3,4          3430 1385  185    2177  257   66    1253 1128  119
7,6          3428 1416  156    2162  278   60    1266 1138   96
1,3          3423 1416  161    2128  295   77    1295 1121   84
1,5          3416 1407  177    2164  262   74    1252 1145  103
0,7          3410 1435  155    2138  283   79    1272 1152   76
1,0          3407 1426  167    2126  304   70    1281 1122   97
4,6          3404 1460  136    2152  290   58    1252 1170   78
7,5          3399 1458  143    2156  289   55    1243 1169   88
5,6          3398 1432  170    2170  266   64    1228 1166  106
5,0          3370 1471  159    2150  279   71    1220 1192   88
8,5          3361 1465  174    2156  281   63    1205 1184  111
3,6          3355 1480  165    2154  282   64    1201 1198  101
2,2          3352 1484  164    2141  291   68    1211 1193   96
3,3          3348 1492  160    2119  304   77    1229 1188   83
6,0          3348 1500  152    2157  287   56    1191 1213   96
5,9          3347 1498  155    2189  249   62    1158 1249   93
7,7          3340 1526  134    2162  289   49    1178 1237   85
3,1          3339 1494  167    2166  259   75    1173 1235   92
0,2          3337 1479  184    2147  279   74    1190 1200  110
2,1          3337 1492  171    2151  276   73    1186 1216   98
1,1          3336 1489  175    2177  251   72    1159 1238  103
7,3          3333 1506  161    2147  284   69    1186 1222   92
8,4          3332 1500  168    2138  281   81    1194 1219   87
4,3          3327 1499  174    2129  298   73    1198 1201  101
9,6          3324 1543  133    2148  300   52    1176 1243   81
5,1          3320 1512  168    2143  303   54    1177 1209  114
4,9          3317 1506  177    2191  248   61    1126 1258  116
3,2          3313 1517  170    2089  335   76    1224 1182   94
2,5          3309 1510  181    2188  245   67    1121 1265  114
5,5          3309 1540  151    2149  282   69    1160 1258   82
0,6          3306 1525  169    2166  270   64    1140 1255  105
9,3          3304 1541  155    2162  288   50    1142 1253  105
8,0          3303 1524  173    2147  277   76    1156 1247   97
2,9          3300 1537  163    2180  253   67    1120 1284   96
0,8          3297 1525  178    2163  259   78    1134 1266  100
6,1          3296 1523  181    2107  315   78    1189 1208  103
9,1          3295 1542  163    2169  269   62    1126 1273  101
2,0          3290 1556  154    2177  253   70    1113 1303   84
3,5          3280 1537  183    2139  287   74    1141 1250  109
8,9          3280 1561  159    2123  318   59    1157 1243  100
5,8          3260 1585  155    2173  265   62    1087 1320   93
0,5          3236 1577  187    2129  304   67    1107 1273  120
9,9          3231 1624  145    2115  318   67    1116 1306   78
6,9          3227 1616  157    2120  307   73    1107 1309   84
7,1          3214 1634  152    2171  269   60    1043 1365   92
6,8          3191 1635  174    2127  308   65    1064 1327  109
6,5          3189 1641  170    2185  250   65    1004 1391  105
8,6          3188 1637  175    2126  296   78    1062 1341   97
0,3          3183 1639  178    2172  252   76    1011 1387  102
2,7          3183 1620  197    2120  288   92    1063 1332  105
7,2          3174 1678  148    2107  321   72    1067 1357   76
8,8          3169 1658  173    2135  296   69    1034 1362  104
5,2          3124 1701  175    2133  301   66     991 1400  109
6,4          3102 1731  167    2132  293   75     970 1438   92
2,4          3090 1745  165    2128  301   71     962 1444   94
6,3          3087 1744  169    2161  273   66     926 1471  103
4,8          3079 1777  144    2140  311   49     939 1466   95
4,7          3057 1785  158    2198  243   59     859 1542   99
9,5          2988 1839  173    2149  278   73     839 1561  100
6,2          2967 1856  177    2124  298   78     843 1558   99
8,1          2965 1848  187    2125  298   77     840 1550  110
5,3          2956 1892  152    2133  299   68     823 1593   84
100


Team A Total Wins: 337467
Ties: 16259
