50x50 vs 0k

Team A: 
Overall:           all             as Black          as White     
                W    L    T       W    L    T       W    L    T  
size: 100
2,3          2992 1828  180    1489  923   88    1503  905   92
3,7          2945 1882  173    1414  996   90    1531  886   83
7,0          2926 1892  182    1529  878   93    1397 1014   89
0,0          2883 1939  178    1393 1006  101    1490  933   77
1,6          2842 1978  180    1306 1093  101    1536  885   79
4,2          2835 1975  190    1403 1002   95    1432  973   95
4,5          2830 1975  195    1497  910   93    1333 1065  102
4,1          2792 2022  186    1273 1135   92    1519  887   94
2,6          2764 2064  172    1289 1123   88    1475  941   84
7,6          2751 2054  195    1485  916   99    1266 1138   96
1,9          2746 2079  175    1123 1283   94    1623  796   81
5,4          2745 2069  186    1206 1195   99    1539  874   87
7,8          2729 2097  174    1256 1151   93    1473  946   81
0,4          2713 2119  168    1190 1221   89    1523  898   79
0,1          2668 2160  172    1344 1058   98    1324 1102   74
0,2          2664 2127  209    1474  927   99    1190 1200  110
6,6          2644 2191  165    1263 1166   71    1381 1025   94
0,9          2633 2163  204    1181 1211  108    1452  952   96
1,7          2625 2171  204    1180 1230   90    1445  941  114
1,0          2619 2200  181    1338 1078   84    1281 1122   97
8,3          2609 2209  182    1079 1332   89    1530  877   93
9,8          2609 2221  170    1236 1169   95    1373 1052   75
9,7          2600 2217  183    1301 1104   95    1299 1113   88
3,8          2540 2276  184    1241 1177   82    1299 1099  102
8,2          2532 2267  201    1149 1260   91    1383 1007  110
3,1          2528 2297  175    1355 1062   83    1173 1235   92
9,4          2528 2257  215    1115 1274  111    1413  983  104
5,7          2526 2260  214    1256 1128  116    1270 1132   98
9,2          2526 2272  202    1164 1245   91    1362 1027  111
0,8          2493 2319  188    1359 1053   88    1134 1266  100
1,2          2481 2328  191    1172 1238   90    1309 1090  101
8,9          2472 2324  204    1315 1081  104    1157 1243  100
2,0          2471 2349  180    1358 1046   96    1113 1303   84
4,3          2470 2319  211    1272 1118  110    1198 1201  101
3,4          2459 2319  222    1206 1191  103    1253 1128  119
4,0          2458 2350  192    1204 1211   85    1254 1139  107
0,5          2449 2329  222    1342 1056  102    1107 1273  120
7,3          2445 2366  189    1259 1144   97    1186 1222   92
6,0          2423 2383  194    1232 1170   98    1191 1213   96
9,0          2421 2383  196    1124 1270  106    1297 1113   90
8,8          2416 2387  197    1382 1025   93    1034 1362  104
7,9          2406 2431  163    1045 1374   81    1361 1057   82
6,7          2400 2419  181    1102 1316   82    1298 1103   99
1,4          2386 2420  194    1076 1322  102    1310 1098   92
2,8          2376 2457  167    1096 1307   97    1280 1150   70
3,3          2373 2437  190    1144 1249  107    1229 1188   83
7,4          2373 2433  194    1099 1299  102    1274 1134   92
9,9          2372 2432  196    1256 1126  118    1116 1306   78
3,9          2371 2429  200    1009 1391  100    1362 1038  100
8,5          2366 2421  213    1161 1237  102    1205 1184  111
1,8          2353 2455  192    1034 1365  101    1319 1090   91
8,0          2342 2477  181    1186 1230   84    1156 1247   97
3,6          2338 2465  197    1137 1267   96    1201 1198  101
9,3          2336 2462  202    1194 1209   97    1142 1253  105
4,4          2322 2484  194     890 1516   94    1432  968  100
5,0          2321 2490  189    1101 1298  101    1220 1192   88
3,0          2319 2459  222    1024 1389   87    1295 1070  135
1,3          2317 2489  194    1022 1368  110    1295 1121   84
6,1          2303 2501  196    1114 1293   93    1189 1208  103
4,9          2290 2512  198    1164 1254   82    1126 1258  116
8,7          2283 2552  165     984 1446   70    1299 1106   95
0,6          2280 2526  194    1140 1271   89    1140 1255  105
6,9          2279 2532  189    1172 1223  105    1107 1309   84
8,4          2279 2528  193    1085 1309  106    1194 1219   87
0,7          2278 2560  162    1006 1408   86    1272 1152   76
7,5          2269 2530  201    1026 1361  113    1243 1169   88
2,4          2267 2569  164    1305 1125   70     962 1444   94
4,6          2263 2572  165    1011 1402   87    1252 1170   78
5,1          2262 2515  223    1085 1306  109    1177 1209  114
7,7          2262 2566  172    1084 1329   87    1178 1237   85
9,6          2262 2556  182    1086 1313  101    1176 1243   81
7,1          2256 2550  194    1213 1185  102    1043 1365   92
5,6          2254 2540  206    1026 1374  100    1228 1166  106
1,5          2236 2558  206     984 1413  103    1252 1145  103
2,1          2219 2576  205    1033 1360  107    1186 1216   98
5,5          2195 2638  167    1035 1380   85    1160 1258   82
3,5          2188 2572  240    1047 1322  131    1141 1250  109
5,8          2186 2631  183    1099 1311   90    1087 1320   93
8,1          2175 2632  193    1335 1082   83     840 1550  110
9,1          2167 2636  197    1041 1363   96    1126 1273  101
2,9          2156 2664  180    1036 1380   84    1120 1284   96
3,2          2155 2664  181     931 1482   87    1224 1182   94
5,9          2137 2677  186     979 1428   93    1158 1249   93
6,8          2133 2679  188    1069 1352   79    1064 1327  109
2,5          2114 2683  203     993 1418   89    1121 1265  114
1,1          2113 2694  193     954 1456   90    1159 1238  103
0,3          2103 2685  212    1092 1298  110    1011 1387  102
7,2          2088 2728  184    1021 1371  108    1067 1357   76
4,7          2073 2738  189    1214 1196   90     859 1542   99
2,7          2062 2728  210     999 1396  105    1063 1332  105
5,3          2055 2754  191    1232 1161  107     823 1593   84
6,3          2012 2784  204    1086 1313  101     926 1471  103
8,6          2008 2789  203     946 1448  106    1062 1341   97
2,2          1974 2850  176     763 1657   80    1211 1193   96
6,2          1962 2845  193    1119 1287   94     843 1558   99
6,5          1941 2857  202     937 1466   97    1004 1391  105
6,4          1901 2914  185     931 1476   93     970 1438   92
4,8          1880 2935  185     941 1469   90     939 1466   95
5,2          1806 2992  202     815 1592   93     991 1400  109
9,5          1772 3045  183     933 1484   83     839 1561  100
100


Team A Total Wins: 237771
Ties: 19095


50x50 vs 1k

Team A: 
Overall:           all             as Black          as White     
                W    L    T       W    L    T       W    L    T  
size: 100
2,3          3624 1231  145    2121  326   53    1503  905   92
1,9          3623 1231  146    2000  435   65    1623  796   81
1,6          3617 1265  118    2081  380   39    1536  885   79
8,3          3596 1263  141    2066  386   48    1530  877   93
1,7          3579 1254  167    2134  313   53    1445  941  114
5,4          3568 1285  147    2029  411   60    1539  874   87
7,8          3558 1307  135    2085  361   54    1473  946   81
7,0          3531 1335  134    2134  321   45    1397 1014   89
0,0          3508 1360  132    2018  427   55    1490  933   77
4,2          3504 1335  161    2072  362   66    1432  973   95
9,4          3482 1357  161    2069  374   57    1413  983  104
6,6          3474 1392  134    2093  367   40    1381 1025   94
2,6          3469 1401  130    1994  460   46    1475  941   84
0,4          3456 1397  147    1933  499   68    1523  898   79
0,9          3450 1392  158    1998  440   62    1452  952   96
0,1          3447 1438  115    2123  336   41    1324 1102   74
4,1          3446 1374  180    1927  487   86    1519  887   94
3,7          3441 1414  145    1910  528   62    1531  886   83
4,5          3441 1414  145    2108  349   43    1333 1065  102
9,2          3435 1403  162    2073  376   51    1362 1027  111
8,2          3414 1407  179    2031  400   69    1383 1007  110
2,8          3401 1478  121    2121  328   51    1280 1150   70
1,2          3395 1448  157    2086  358   56    1309 1090  101
1,8          3391 1466  143    2072  376   52    1319 1090   91
1,4          3390 1460  150    2080  362   58    1310 1098   92
2,2          3388 1465  147    2177  272   51    1211 1193   96
3,9          3372 1476  152    2010  438   52    1362 1038  100
7,5          3368 1482  150    2125  313   62    1243 1169   88
3,3          3357 1510  133    2128  322   50    1229 1188   83
6,7          3357 1491  152    2059  388   53    1298 1103   99
3,2          3353 1504  143    2129  322   49    1224 1182   94
7,6          3353 1501  146    2087  363   50    1266 1138   96
8,7          3352 1499  149    2053  393   54    1299 1106   95
3,8          3347 1492  161    2048  393   59    1299 1099  102
9,7          3339 1501  160    2040  388   72    1299 1113   88
4,6          3329 1551  120    2077  381   42    1252 1170   78
5,7          3323 1523  154    2053  391   56    1270 1132   98
4,4          3315 1506  179    1883  538   79    1432  968  100
3,0          3313 1485  202    2018  415   67    1295 1070  135
9,8          3311 1545  144    1938  493   69    1373 1052   75
1,5          3310 1525  165    2058  380   62    1252 1145  103
7,4          3309 1532  159    2035  398   67    1274 1134   92
4,0          3305 1522  173    2051  383   66    1254 1139  107
0,7          3304 1561  135    2032  409   59    1272 1152   76
8,5          3300 1555  145    2095  371   34    1205 1184  111
5,5          3295 1568  137    2135  310   55    1160 1258   82
6,1          3288 1552  160    2099  344   57    1189 1208  103
1,3          3286 1576  138    1991  455   54    1295 1121   84
3,4          3276 1544  180    2023  416   61    1253 1128  119
9,0          3274 1571  155    1977  458   65    1297 1113   90
8,4          3266 1585  149    2072  366   62    1194 1219   87
9,3          3263 1584  153    2121  331   48    1142 1253  105
7,3          3258 1613  129    2072  391   37    1186 1222   92
6,0          3257 1580  163    2066  367   67    1191 1213   96
2,1          3240 1601  159    2054  385   61    1186 1216   98
3,6          3239 1614  147    2038  416   46    1201 1198  101
7,9          3230 1616  154    1869  559   72    1361 1057   82
2,9          3227 1629  144    2107  345   48    1120 1284   96
5,6          3225 1612  163    1997  446   57    1228 1166  106
5,1          3222 1609  169    2045  400   55    1177 1209  114
1,0          3218 1603  179    1937  481   82    1281 1122   97
5,0          3218 1625  157    1998  433   69    1220 1192   88
1,1          3215 1615  170    2056  377   67    1159 1238  103
4,9          3206 1634  160    2080  376   44    1126 1258  116
0,6          3205 1636  159    2065  381   54    1140 1255  105
8,9          3193 1657  150    2036  414   50    1157 1243  100
0,2          3192 1637  171    2002  437   61    1190 1200  110
8,0          3183 1664  153    2027  417   56    1156 1247   97
7,7          3155 1703  142    1977  466   57    1178 1237   85
2,7          3144 1697  159    2081  365   54    1063 1332  105
0,8          3140 1699  161    2006  433   61    1134 1266  100
9,6          3139 1716  145    1963  473   64    1176 1243   81
2,5          3136 1694  170    2015  429   56    1121 1265  114
0,5          3132 1692  176    2025  419   56    1107 1273  120
3,1          3132 1703  165    1959  468   73    1173 1235   92
2,0          3121 1729  150    2008  426   66    1113 1303   84
6,8          3114 1715  171    2050  388   62    1064 1327  109
8,8          3110 1722  168    2076  360   64    1034 1362  104
5,9          3108 1732  160    1950  483   67    1158 1249   93
5,8          3103 1742  155    2016  422   62    1087 1320   93
4,3          3097 1736  167    1899  535   66    1198 1201  101
7,2          3077 1808  115    2010  451   39    1067 1357   76
6,5          3072 1770  158    2068  379   53    1004 1391  105
2,4          3071 1789  140    2109  345   46     962 1444   94
9,1          3069 1745  186    1943  472   85    1126 1273  101
7,1          3059 1792  149    2016  427   57    1043 1365   92
9,9          3051 1799  150    1935  493   72    1116 1306   78
0,3          3048 1783  169    2037  396   67    1011 1387  102
5,2          3042 1795  163    2051  395   54     991 1400  109
6,9          3029 1819  152    1922  510   68    1107 1309   84
3,5          3019 1802  179    1878  552   70    1141 1250  109
4,8          3007 1840  153    2068  374   58     939 1466   95
8,6          2980 1853  167    1918  512   70    1062 1341   97
6,4          2971 1866  163    2001  428   71     970 1438   92
4,7          2900 1953  147    2041  411   48     859 1542   99
6,2          2865 1972  163    2022  414   64     843 1558   99
6,3          2862 1969  169    1936  498   66     926 1471  103
9,5          2861 1986  153    2022  425   53     839 1561  100
8,1          2781 2035  184    1941  485   74     840 1550  110
5,3          2743 2103  154    1920  510   70     823 1593   84
100


Team A Total Wins: 325559
Ties: 15424

50x50 vs 2k

Team A: 
Overall:           all             as Black          as White     
                W    L    T       W    L    T       W    L    T  
size: 100
1,9          3688 1172  140    2065  376   59    1623  796   81
5,4          3597 1262  141    2058  388   54    1539  874   87
0,4          3568 1303  129    2045  405   50    1523  898   79
3,7          3538 1313  149    2007  427   66    1531  886   83
1,6          3520 1322  158    1984  437   79    1536  885   79
7,8          3513 1354  133    2040  408   52    1473  946   81
4,1          3504 1337  159    1985  450   65    1519  887   94
0,0          3482 1379  139    1992  446   62    1490  933   77
8,3          3471 1373  156    1941  496   63    1530  877   93
0,9          3461 1382  157    2009  430   61    1452  952   96
1,7          3457 1365  178    2012  424   64    1445  941  114
2,3          3446 1378  176    1943  473   84    1503  905   92
6,6          3444 1401  155    2063  376   61    1381 1025   94
4,4          3431 1399  170    1999  431   70    1432  968  100
2,6          3430 1410  160    1955  469   76    1475  941   84
3,9          3428 1419  153    2066  381   53    1362 1038  100
4,2          3427 1416  157    1995  443   62    1432  973   95
7,0          3409 1435  156    2012  421   67    1397 1014   89
7,9          3399 1466  135    2038  409   53    1361 1057   82
4,5          3383 1471  146    2050  406   44    1333 1065  102
9,8          3383 1472  145    2010  420   70    1373 1052   75
3,0          3378 1441  181    2083  371   46    1295 1070  135
8,2          3377 1444  179    1994  437   69    1383 1007  110
9,4          3365 1467  168    1952  484   64    1413  983  104
1,4          3362 1490  148    2052  392   56    1310 1098   92
9,7          3348 1504  148    2049  391   60    1299 1113   88
1,8          3341 1474  185    2022  384   94    1319 1090   91
7,6          3339 1508  153    2073  370   57    1266 1138   96
0,1          3326 1535  139    2002  433   65    1324 1102   74
9,2          3310 1508  182    1948  481   71    1362 1027  111
5,7          3309 1530  161    2039  398   63    1270 1132   98
0,7          3306 1551  143    2034  399   67    1272 1152   76
4,0          3301 1532  167    2047  393   60    1254 1139  107
8,7          3300 1529  171    2001  423   76    1299 1106   95
1,2          3294 1543  163    1985  453   62    1309 1090  101
5,6          3292 1545  163    2064  379   57    1228 1166  106
3,8          3287 1543  170    1988  444   68    1299 1099  102
7,5          3279 1573  148    2036  404   60    1243 1169   88
4,6          3268 1583  149    2016  413   71    1252 1170   78
1,0          3266 1567  167    1985  445   70    1281 1122   97
7,4          3266 1583  151    1992  449   59    1274 1134   92
1,3          3264 1591  145    1969  470   61    1295 1121   84
2,8          3258 1617  125    1978  467   55    1280 1150   70
2,2          3254 1592  154    2043  399   58    1211 1193   96
6,7          3246 1586  168    1948  483   69    1298 1103   99
5,0          3238 1606  156    2018  414   68    1220 1192   88
1,5          3237 1585  178    1985  440   75    1252 1145  103
4,9          3232 1591  177    2106  333   61    1126 1258  116
9,0          3230 1605  165    1933  492   75    1297 1113   90
2,1          3221 1610  169    2035  394   71    1186 1216   98
5,1          3213 1597  190    2036  388   76    1177 1209  114
9,6          3210 1645  145    2034  402   64    1176 1243   81
3,4          3209 1603  188    1956  475   69    1253 1128  119
5,5          3206 1650  144    2046  392   62    1160 1258   82
4,3          3192 1651  157    1994  450   56    1198 1201  101
0,2          3190 1646  164    2000  446   54    1190 1200  110
9,9          3187 1680  133    2071  374   55    1116 1306   78
0,8          3185 1663  152    2051  397   52    1134 1266  100
7,3          3179 1654  167    1993  432   75    1186 1222   92
5,9          3178 1673  149    2020  424   56    1158 1249   93
8,5          3178 1651  171    1973  467   60    1205 1184  111
1,1          3177 1644  179    2018  406   76    1159 1238  103
3,2          3177 1661  162    1953  479   68    1224 1182   94
7,7          3177 1664  159    1999  427   74    1178 1237   85
6,0          3172 1657  171    1981  444   75    1191 1213   96
5,8          3169 1679  152    2082  359   59    1087 1320   93
3,5          3165 1648  187    2024  398   78    1141 1250  109
0,6          3164 1661  175    2024  406   70    1140 1255  105
8,4          3163 1681  156    1969  462   69    1194 1219   87
8,0          3158 1690  152    2002  443   55    1156 1247   97
3,3          3157 1695  148    1928  507   65    1229 1188   83
3,6          3152 1678  170    1951  480   69    1201 1198  101
9,1          3142 1694  164    2016  421   63    1126 1273  101
8,9          3137 1692  171    1980  449   71    1157 1243  100
6,1          3134 1701  165    1945  493   62    1189 1208  103
2,0          3133 1722  145    2020  419   61    1113 1303   84
6,9          3124 1741  135    2017  432   51    1107 1309   84
7,2          3124 1732  144    2057  375   68    1067 1357   76
2,9          3123 1724  153    2003  440   57    1120 1284   96
0,5          3108 1707  185    2001  434   65    1107 1273  120
8,6          3102 1733  165    2040  392   68    1062 1341   97
2,7          3095 1725  180    2032  393   75    1063 1332  105
3,1          3086 1753  161    1913  518   69    1173 1235   92
8,8          3076 1757  167    2042  395   63    1034 1362  104
9,3          3071 1757  172    1929  504   67    1142 1253  105
2,5          3038 1777  185    1917  512   71    1121 1265  114
6,8          3038 1779  183    1974  452   74    1064 1327  109
7,1          3026 1818  156    1983  453   64    1043 1365   92
6,5          2987 1819  194    1983  428   89    1004 1391  105
5,2          2985 1838  177    1994  438   68     991 1400  109
6,4          2982 1871  147    2012  433   55     970 1438   92
4,8          2974 1869  157    2035  403   62     939 1466   95
6,3          2953 1891  156    2027  420   53     926 1471  103
0,3          2931 1902  167    1920  515   65    1011 1387  102
2,4          2887 1955  158    1925  511   64     962 1444   94
6,2          2849 1990  161    2006  432   62     843 1558   99
4,7          2846 1981  173    1987  439   74     859 1542   99
9,5          2839 1990  171    2000  429   71     839 1561  100
8,1          2832 2000  168    1992  450   58     840 1550  110
5,3          2814 2041  145    1991  448   61     823 1593   84
100


Team A Total Wins: 322867
Ties: 16041

50x50 vs 3k

Team A: 
Overall:           all             as Black          as White     
                W    L    T       W    L    T       W    L    T  
size: 100
1,9          3713 1142  145    2090  346   64    1623  796   81
5,4          3637 1209  154    2098  335   67    1539  874   87
3,7          3612 1251  137    2081  365   54    1531  886   83
1,6          3610 1244  146    2074  359   67    1536  885   79
0,4          3598 1278  124    2075  380   45    1523  898   79
4,1          3597 1253  150    2078  366   56    1519  887   94
0,0          3593 1260  147    2103  327   70    1490  933   77
2,3          3592 1247  161    2089  342   69    1503  905   92
2,6          3560 1300  140    2085  359   56    1475  941   84
4,2          3542 1312  146    2110  339   51    1432  973   95
7,8          3527 1327  146    2054  381   65    1473  946   81
8,3          3526 1310  164    1996  433   71    1530  877   93
1,7          3518 1301  181    2073  360   67    1445  941  114
7,0          3515 1342  143    2118  328   54    1397 1014   89
0,9          3511 1335  154    2059  383   58    1452  952   96
4,4          3491 1342  167    2059  374   67    1432  968  100
0,1          3447 1410  143    2123  308   69    1324 1102   74
8,2          3447 1387  166    2064  380   56    1383 1007  110
9,4          3444 1372  184    2031  389   80    1413  983  104
7,9          3440 1415  145    2079  358   63    1361 1057   82
9,2          3433 1386  181    2071  359   70    1362 1027  111
9,8          3433 1426  141    2060  374   66    1373 1052   75
6,6          3400 1447  153    2019  422   59    1381 1025   94
1,4          3398 1456  146    2088  358   54    1310 1098   92
9,0          3395 1450  155    2098  337   65    1297 1113   90
1,2          3392 1445  163    2083  355   62    1309 1090  101
4,5          3389 1458  153    2056  393   51    1333 1065  102
1,8          3380 1476  144    2061  386   53    1319 1090   91
3,9          3379 1448  173    2017  410   73    1362 1038  100
6,7          3377 1453  170    2079  350   71    1298 1103   99
3,0          3363 1435  202    2068  365   67    1295 1070  135
3,8          3359 1475  166    2060  376   64    1299 1099  102
8,7          3356 1475  169    2057  369   74    1299 1106   95
5,7          3344 1489  167    2074  357   69    1270 1132   98
7,6          3341 1489  170    2075  351   74    1266 1138   96
2,2          3339 1503  158    2128  310   62    1211 1193   96
2,8          3339 1523  138    2059  373   68    1280 1150   70
1,0          3328 1517  155    2047  395   58    1281 1122   97
4,6          3326 1549  125    2074  379   47    1252 1170   78
7,4          3324 1526  150    2050  392   58    1274 1134   92
0,7          3316 1540  144    2044  388   68    1272 1152   76
1,5          3315 1520  165    2063  375   62    1252 1145  103
3,4          3307 1508  185    2054  380   66    1253 1128  119
4,0          3305 1515  180    2051  376   73    1254 1139  107
9,7          3303 1532  165    2004  419   77    1299 1113   88
1,3          3300 1537  163    2005  416   79    1295 1121   84
3,2          3300 1542  158    2076  360   64    1224 1182   94
8,5          3300 1531  169    2095  347   58    1205 1184  111
5,6          3295 1533  172    2067  367   66    1228 1166  106
3,3          3294 1566  140    2065  378   57    1229 1188   83
7,3          3291 1552  157    2105  330   65    1186 1222   92
7,5          3288 1548  164    2045  379   76    1243 1169   88
0,6          3278 1553  169    2138  298   64    1140 1255  105
6,1          3277 1557  166    2088  349   63    1189 1208  103
3,1          3273 1566  161    2100  331   69    1173 1235   92
5,0          3273 1586  141    2053  394   53    1220 1192   88
3,6          3272 1557  171    2071  359   70    1201 1198  101
6,0          3270 1594  136    2079  381   40    1191 1213   96
8,0          3268 1581  151    2112  334   54    1156 1247   97
9,6          3266 1585  149    2090  342   68    1176 1243   81
2,1          3256 1580  164    2070  364   66    1186 1216   98
5,1          3253 1569  178    2076  360   64    1177 1209  114
8,4          3250 1591  159    2056  372   72    1194 1219   87
5,5          3230 1636  134    2070  378   52    1160 1258   82
3,5          3211 1605  184    2070  355   75    1141 1250  109
0,2          3210 1624  166    2020  424   56    1190 1200  110
2,9          3208 1639  153    2088  355   57    1120 1284   96
5,9          3207 1642  151    2049  393   58    1158 1249   93
4,3          3204 1631  165    2006  430   64    1198 1201  101
7,7          3200 1637  163    2022  400   78    1178 1237   85
2,5          3198 1633  169    2077  368   55    1121 1265  114
9,1          3197 1656  147    2071  383   46    1126 1273  101
8,9          3185 1643  172    2028  400   72    1157 1243  100
0,8          3179 1649  172    2045  383   72    1134 1266  100
6,9          3172 1683  145    2065  374   61    1107 1309   84
1,1          3161 1668  171    2002  430   68    1159 1238  103
5,8          3160 1683  157    2073  363   64    1087 1320   93
9,3          3160 1681  159    2018  428   54    1142 1253  105
2,0          3154 1689  157    2041  386   73    1113 1303   84
4,9          3151 1647  202    2025  389   86    1126 1258  116
9,9          3145 1720  135    2029  414   57    1116 1306   78
7,1          3140 1697  163    2097  332   71    1043 1365   92
6,8          3130 1707  163    2066  380   54    1064 1327  109
7,2          3128 1736  136    2061  379   60    1067 1357   76
0,5          3125 1687  188    2018  414   68    1107 1273  120
2,7          3119 1723  158    2056  391   53    1063 1332  105
8,6          3104 1735  161    2042  394   64    1062 1341   97
0,3          3093 1740  167    2082  353   65    1011 1387  102
8,8          3080 1745  175    2046  383   71    1034 1362  104
6,5          3034 1784  182    2030  393   77    1004 1391  105
6,4          3031 1818  151    2061  380   59     970 1438   92
6,3          3018 1818  164    2092  347   61     926 1471  103
5,2          3016 1806  178    2025  406   69     991 1400  109
2,4          2994 1852  154    2032  408   60     962 1444   94
4,8          2979 1854  167    2040  388   72     939 1466   95
8,1          2917 1922  161    2077  372   51     840 1550  110
4,7          2891 1937  172    2032  395   73     859 1542   99
6,2          2881 1958  161    2038  400   62     843 1558   99
5,3          2875 1971  154    2052  378   70     823 1593   84
9,5          2833 2014  153    1994  453   53     839 1561  100
100


Team A Total Wins: 328585
Ties: 15939

50x50 vs 4k

Team A: 
Overall:           all             as Black          as White     
                W    L    T       W    L    T       W    L    T  
size: 100
1,9          3691 1151  158    2068  355   77    1623  796   81
3,7          3648 1199  153    2117  313   70    1531  886   83
8,3          3647 1202  151    2117  325   58    1530  877   93
5,4          3626 1237  137    2087  363   50    1539  874   87
1,6          3613 1244  143    2077  359   64    1536  885   79
4,1          3584 1256  160    2065  369   66    1519  887   94
0,4          3561 1287  152    2038  389   73    1523  898   79
0,0          3557 1298  145    2067  365   68    1490  933   77
0,9          3555 1282  163    2103  330   67    1452  952   96
7,8          3553 1291  156    2080  345   75    1473  946   81
2,6          3531 1314  155    2056  373   71    1475  941   84
2,3          3528 1298  174    2025  393   82    1503  905   92
1,7          3516 1305  179    2071  364   65    1445  941  114
4,2          3496 1362  142    2064  389   47    1432  973   95
9,8          3494 1349  157    2121  297   82    1373 1052   75
4,4          3472 1355  173    2040  387   73    1432  968  100
6,6          3472 1384  144    2091  359   50    1381 1025   94
7,0          3470 1389  141    2073  375   52    1397 1014   89
8,2          3450 1366  184    2067  359   74    1383 1007  110
9,4          3440 1389  171    2027  406   67    1413  983  104
6,7          3431 1422  147    2133  319   48    1298 1103   99
7,9          3428 1434  138    2067  377   56    1361 1057   82
3,9          3426 1409  165    2064  371   65    1362 1038  100
9,2          3424 1405  171    2062  378   60    1362 1027  111
4,5          3420 1415  165    2087  350   63    1333 1065  102
3,8          3418 1431  151    2119  332   49    1299 1099  102
1,8          3417 1425  158    2098  335   67    1319 1090   91
5,7          3382 1455  163    2112  323   65    1270 1132   98
0,7          3381 1496  123    2109  344   47    1272 1152   76
3,0          3381 1413  206    2086  343   71    1295 1070  135
0,1          3379 1494  127    2055  392   53    1324 1102   74
7,4          3374 1474  152    2100  340   60    1274 1134   92
8,7          3370 1471  159    2071  365   64    1299 1106   95
1,4          3368 1475  157    2058  377   65    1310 1098   92
9,7          3366 1478  156    2067  365   68    1299 1113   88
1,5          3361 1485  154    2109  340   51    1252 1145  103
2,8          3349 1521  130    2069  371   60    1280 1150   70
7,5          3347 1513  140    2104  344   52    1243 1169   88
9,0          3340 1508  152    2043  395   62    1297 1113   90
5,6          3336 1505  159    2108  339   53    1228 1166  106
1,2          3329 1497  174    2020  407   73    1309 1090  101
7,6          3329 1506  165    2063  368   69    1266 1138   96
3,4          3323 1487  190    2070  359   71    1253 1128  119
1,0          3319 1508  173    2038  386   76    1281 1122   97
1,3          3315 1538  147    2020  417   63    1295 1121   84
4,6          3309 1553  138    2057  383   60    1252 1170   78
8,5          3303 1528  169    2098  344   58    1205 1184  111
3,3          3297 1543  160    2068  355   77    1229 1188   83
0,8          3295 1547  158    2161  281   58    1134 1266  100
8,0          3290 1570  140    2134  323   43    1156 1247   97
4,0          3274 1554  172    2020  415   65    1254 1139  107
8,4          3269 1585  146    2075  366   59    1194 1219   87
6,1          3266 1572  162    2077  364   59    1189 1208  103
7,7          3262 1597  141    2084  360   56    1178 1237   85
3,2          3261 1583  156    2037  401   62    1224 1182   94
7,3          3260 1572  168    2074  350   76    1186 1222   92
3,6          3256 1575  169    2055  377   68    1201 1198  101
4,3          3254 1562  184    2056  361   83    1198 1201  101
5,5          3253 1592  155    2093  334   73    1160 1258   82
0,2          3252 1566  182    2062  366   72    1190 1200  110
6,0          3252 1590  158    2061  377   62    1191 1213   96
2,2          3246 1600  154    2035  407   58    1211 1193   96
3,5          3245 1568  187    2104  318   78    1141 1250  109
9,6          3238 1619  143    2062  376   62    1176 1243   81
5,1          3235 1591  174    2058  382   60    1177 1209  114
8,9          3234 1602  164    2077  359   64    1157 1243  100
9,1          3233 1602  165    2107  329   64    1126 1273  101
5,0          3232 1611  157    2012  419   69    1220 1192   88
3,1          3228 1599  173    2055  364   81    1173 1235   92
9,3          3222 1593  185    2080  340   80    1142 1253  105
1,1          3211 1630  159    2052  392   56    1159 1238  103
9,9          3210 1639  151    2094  333   73    1116 1306   78
2,1          3209 1621  170    2023  405   72    1186 1216   98
5,9          3208 1645  147    2050  396   54    1158 1249   93
2,5          3207 1614  179    2086  349   65    1121 1265  114
0,6          3206 1632  162    2066  377   57    1140 1255  105
2,9          3189 1648  163    2069  364   67    1120 1284   96
0,5          3184 1623  193    2077  350   73    1107 1273  120
6,9          3178 1674  148    2071  365   64    1107 1309   84
5,8          3177 1670  153    2090  350   60    1087 1320   93
4,9          3171 1652  177    2045  394   61    1126 1258  116
2,7          3168 1666  166    2105  334   61    1063 1332  105
2,0          3157 1690  153    2044  387   69    1113 1303   84
6,8          3146 1674  180    2082  347   71    1064 1327  109
8,6          3140 1699  161    2078  358   64    1062 1341   97
6,5          3127 1698  175    2123  307   70    1004 1391  105
8,8          3116 1724  160    2082  362   56    1034 1362  104
7,1          3090 1758  152    2047  393   60    1043 1365   92
7,2          3081 1780  139    2014  423   63    1067 1357   76
6,4          3070 1770  160    2100  332   68     970 1438   92
0,3          3064 1768  168    2053  381   66    1011 1387  102
5,2          3041 1789  170    2050  389   61     991 1400  109
4,8          3015 1823  162    2076  357   67     939 1466   95
2,4          2977 1862  161    2015  418   67     962 1444   94
4,7          2960 1864  176    2101  322   77     859 1542   99
6,2          2960 1875  165    2117  317   66     843 1558   99
9,5          2951 1886  163    2112  325   63     839 1561  100
6,3          2920 1910  170    1994  439   67     926 1471  103
8,1          2892 1933  175    2052  383   65     840 1550  110
5,3          2867 1965  168    2044  372   84     823 1593   84
100


Team A Total Wins: 329575
Ties: 16046

50x50 vs 5k

Team A: 
Overall:           all             as Black          as White     
                W    L    T       W    L    T       W    L    T  
size: 100
1,9          3746 1119  135    2123  323   54    1623  796   81
5,4          3653 1201  146    2114  327   59    1539  874   87
1,6          3612 1230  158    2076  345   79    1536  885   79
8,3          3608 1238  154    2078  361   61    1530  877   93
3,7          3576 1278  146    2045  392   63    1531  886   83
4,1          3575 1256  169    2056  369   75    1519  887   94
0,0          3574 1284  142    2084  351   65    1490  933   77
2,3          3573 1281  146    2070  376   54    1503  905   92
0,4          3567 1298  135    2044  400   56    1523  898   79
7,8          3566 1292  142    2093  346   61    1473  946   81
2,6          3526 1323  151    2051  382   67    1475  941   84
1,7          3521 1300  179    2076  359   65    1445  941  114
0,9          3515 1327  158    2063  375   62    1452  952   96
4,4          3509 1315  176    2077  347   76    1432  968  100
4,2          3498 1338  164    2066  365   69    1432  973   95
7,0          3481 1371  148    2084  357   59    1397 1014   89
9,8          3478 1378  144    2105  326   69    1373 1052   75
9,4          3469 1366  165    2056  383   61    1413  983  104
6,6          3467 1355  178    2086  330   84    1381 1025   94
7,9          3441 1398  161    2080  341   79    1361 1057   82
3,9          3420 1426  154    2058  388   54    1362 1038  100
8,2          3419 1402  179    2036  395   69    1383 1007  110
9,2          3413 1400  187    2051  373   76    1362 1027  111
8,7          3405 1433  162    2106  327   67    1299 1106   95
9,7          3401 1440  159    2102  327   71    1299 1113   88
1,2          3391 1444  165    2082  354   64    1309 1090  101
1,4          3389 1452  159    2079  354   67    1310 1098   92
4,5          3388 1436  176    2055  371   74    1333 1065  102
0,1          3379 1469  152    2055  367   78    1324 1102   74
1,8          3371 1475  154    2052  385   63    1319 1090   91
1,3          3364 1469  167    2069  348   83    1295 1121   84
3,8          3361 1473  166    2062  374   64    1299 1099  102
2,8          3355 1491  154    2075  341   84    1280 1150   70
1,5          3352 1486  162    2100  341   59    1252 1145  103
0,7          3351 1502  147    2079  350   71    1272 1152   76
4,6          3348 1504  148    2096  334   70    1252 1170   78
7,4          3344 1488  168    2070  354   76    1274 1134   92
3,0          3338 1436  226    2043  366   91    1295 1070  135
6,7          3338 1495  167    2040  392   68    1298 1103   99
9,0          3338 1507  155    2041  394   65    1297 1113   90
5,6          3333 1483  184    2105  317   78    1228 1166  106
5,7          3333 1501  166    2063  369   68    1270 1132   98
7,6          3333 1517  150    2067  379   54    1266 1138   96
1,0          3323 1505  172    2042  383   75    1281 1122   97
3,4          3320 1489  191    2067  361   72    1253 1128  119
3,6          3301 1514  185    2100  316   84    1201 1198  101
4,0          3299 1501  200    2045  362   93    1254 1139  107
2,2          3294 1543  163    2083  350   67    1211 1193   96
4,3          3291 1551  158    2093  350   57    1198 1201  101
5,0          3291 1551  158    2071  359   70    1220 1192   88
7,5          3287 1545  168    2044  376   80    1243 1169   88
6,0          3283 1544  173    2092  331   77    1191 1213   96
9,6          3271 1584  145    2095  341   64    1176 1243   81
3,2          3269 1558  173    2045  376   79    1224 1182   94
3,3          3261 1591  148    2032  403   65    1229 1188   83
2,1          3260 1583  157    2074  367   59    1186 1216   98
2,5          3243 1589  168    2122  324   54    1121 1265  114
7,7          3241 1598  161    2063  361   76    1178 1237   85
8,9          3240 1588  172    2083  345   72    1157 1243  100
8,4          3239 1605  156    2045  386   69    1194 1219   87
6,1          3238 1587  175    2049  379   72    1189 1208  103
5,1          3235 1596  169    2058  387   55    1177 1209  114
9,3          3231 1591  178    2089  338   73    1142 1253  105
0,8          3229 1607  164    2095  341   64    1134 1266  100
7,3          3228 1612  160    2042  390   68    1186 1222   92
0,2          3225 1597  178    2035  397   68    1190 1200  110
5,5          3224 1626  150    2064  368   68    1160 1258   82
1,1          3223 1607  170    2064  369   67    1159 1238  103
8,0          3216 1612  172    2060  365   75    1156 1247   97
8,5          3215 1600  185    2010  416   74    1205 1184  111
5,9          3213 1626  161    2055  377   68    1158 1249   93
3,1          3206 1619  175    2033  384   83    1173 1235   92
3,5          3206 1607  187    2065  357   78    1141 1250  109
2,9          3199 1643  158    2079  359   62    1120 1284   96
0,6          3195 1632  173    2055  377   68    1140 1255  105
0,5          3191 1632  177    2084  359   57    1107 1273  120
9,1          3188 1640  172    2062  367   71    1126 1273  101
5,8          3180 1660  160    2093  340   67    1087 1320   93
2,0          3170 1674  156    2057  371   72    1113 1303   84
6,9          3167 1684  149    2060  375   65    1107 1309   84
8,6          3162 1676  162    2100  335   65    1062 1341   97
9,9          3153 1698  149    2037  392   71    1116 1306   78
4,9          3147 1670  183    2021  412   67    1126 1258  116
6,8          3145 1665  190    2081  338   81    1064 1327  109
2,7          3137 1701  162    2074  369   57    1063 1332  105
7,2          3123 1722  155    2056  365   79    1067 1357   76
8,8          3113 1730  157    2079  368   53    1034 1362  104
7,1          3102 1734  164    2059  369   72    1043 1365   92
0,3          3078 1757  165    2067  370   63    1011 1387  102
5,2          3070 1746  184    2079  346   75     991 1400  109
6,3          3030 1799  171    2104  328   68     926 1471  103
2,4          3028 1818  154    2066  374   60     962 1444   94
6,5          3025 1795  180    2021  404   75    1004 1391  105
6,4          3022 1822  156    2052  384   64     970 1438   92
6,2          2941 1881  178    2098  323   79     843 1558   99
8,1          2935 1895  170    2095  345   60     840 1550  110
4,7          2923 1906  171    2064  364   72     859 1542   99
4,8          2923 1909  168    1984  443   73     939 1466   95
9,5          2898 1937  165    2059  376   65     839 1561  100
5,3          2894 1962  144    2071  369   60     823 1593   84
100


Team A Total Wins: 329160
Ties: 16449

50x50 vs 6k

Team A: 
Overall:           all             as Black          as White     
                W    L    T       W    L    T       W    L    T  
size: 100
1,9          3724 1130  146    2101  334   65    1623  796   81
1,6          3682 1185  133    2146  300   54    1536  885   79
5,4          3628 1213  159    2089  339   72    1539  874   87
3,7          3621 1218  161    2090  332   78    1531  886   83
8,3          3617 1222  161    2087  345   68    1530  877   93
0,4          3616 1227  157    2093  329   78    1523  898   79
2,6          3608 1249  143    2133  308   59    1475  941   84
2,3          3607 1242  151    2104  337   59    1503  905   92
0,0          3595 1259  146    2105  326   69    1490  933   77
4,1          3588 1254  158    2069  367   64    1519  887   94
7,8          3552 1299  149    2079  353   68    1473  946   81
4,4          3540 1302  158    2108  334   58    1432  968  100
1,7          3527 1293  180    2082  352   66    1445  941  114
4,2          3521 1315  164    2089  342   69    1432  973   95
0,9          3510 1325  165    2058  373   69    1452  952   96
9,4          3499 1321  180    2086  338   76    1413  983  104
8,2          3474 1340  186    2091  333   76    1383 1007  110
7,9          3473 1376  151    2112  319   69    1361 1057   82
7,0          3455 1391  154    2058  377   65    1397 1014   89
4,5          3454 1374  172    2121  309   70    1333 1065  102
3,9          3449 1390  161    2087  352   61    1362 1038  100
9,8          3446 1400  154    2073  348   79    1373 1052   75
9,2          3428 1394  178    2066  367   67    1362 1027  111
3,8          3425 1417  158    2126  318   56    1299 1099  102
6,6          3425 1413  162    2044  388   68    1381 1025   94
1,3          3422 1429  149    2127  308   65    1295 1121   84
1,8          3416 1430  154    2097  340   63    1319 1090   91
0,7          3412 1438  150    2140  286   74    1272 1152   76
9,0          3408 1447  145    2111  334   55    1297 1113   90
0,1          3402 1445  153    2078  343   79    1324 1102   74
1,2          3402 1418  180    2093  328   79    1309 1090  101
1,4          3387 1450  163    2077  352   71    1310 1098   92
7,6          3385 1453  162    2119  315   66    1266 1138   96
1,0          3381 1469  150    2100  347   53    1281 1122   97
8,7          3377 1461  162    2078  355   67    1299 1106   95
3,0          3376 1423  201    2081  353   66    1295 1070  135
6,7          3364 1464  172    2066  361   73    1298 1103   99
2,8          3362 1499  139    2082  349   69    1280 1150   70
9,7          3359 1478  163    2060  365   75    1299 1113   88
3,2          3347 1496  157    2123  314   63    1224 1182   94
4,0          3340 1472  188    2086  333   81    1254 1139  107
1,5          3339 1484  177    2087  339   74    1252 1145  103
2,2          3339 1495  166    2128  302   70    1211 1193   96
7,4          3335 1498  167    2061  364   75    1274 1134   92
3,4          3327 1486  187    2074  358   68    1253 1128  119
4,6          3327 1520  153    2075  350   75    1252 1170   78
7,5          3327 1506  167    2084  337   79    1243 1169   88
3,3          3320 1519  161    2091  331   78    1229 1188   83
5,0          3319 1519  162    2099  327   74    1220 1192   88
5,7          3319 1503  178    2049  371   80    1270 1132   98
0,2          3314 1517  169    2124  317   59    1190 1200  110
5,6          3308 1525  167    2080  359   61    1228 1166  106
4,3          3295 1539  166    2097  338   65    1198 1201  101
3,6          3293 1543  164    2092  345   63    1201 1198  101
3,5          3286 1548  166    2145  298   57    1141 1250  109
8,5          3285 1536  179    2080  352   68    1205 1184  111
8,0          3280 1576  144    2124  329   47    1156 1247   97
9,6          3278 1575  147    2102  332   66    1176 1243   81
6,0          3276 1564  160    2085  351   64    1191 1213   96
8,4          3275 1574  151    2081  355   64    1194 1219   87
5,5          3271 1580  149    2111  322   67    1160 1258   82
6,1          3270 1556  174    2081  348   71    1189 1208  103
7,3          3266 1582  152    2080  360   60    1186 1222   92
7,7          3265 1596  139    2087  359   54    1178 1237   85
2,1          3263 1569  168    2077  353   70    1186 1216   98
5,1          3256 1548  196    2079  339   82    1177 1209  114
2,0          3252 1598  150    2139  295   66    1113 1303   84
1,1          3251 1593  156    2092  355   53    1159 1238  103
4,9          3247 1567  186    2121  309   70    1126 1258  116
5,9          3241 1589  170    2083  340   77    1158 1249   93
2,9          3240 1595  165    2120  311   69    1120 1284   96
3,1          3235 1580  185    2062  345   93    1173 1235   92
0,6          3234 1603  163    2094  348   58    1140 1255  105
8,9          3223 1613  164    2066  370   64    1157 1243  100
9,1          3223 1609  168    2097  336   67    1126 1273  101
0,8          3221 1609  170    2087  343   70    1134 1266  100
9,9          3216 1640  144    2100  334   66    1116 1306   78
9,3          3213 1619  168    2071  366   63    1142 1253  105
2,5          3207 1609  184    2086  344   70    1121 1265  114
0,5          3203 1613  184    2096  340   64    1107 1273  120
7,2          3168 1693  139    2101  336   63    1067 1357   76
2,7          3167 1665  168    2104  333   63    1063 1332  105
6,9          3162 1676  162    2055  367   78    1107 1309   84
5,8          3142 1702  156    2055  382   63    1087 1320   93
0,3          3134 1696  170    2123  309   68    1011 1387  102
6,8          3131 1696  173    2067  369   64    1064 1327  109
7,1          3110 1714  176    2067  349   84    1043 1365   92
8,6          3107 1727  166    2045  386   69    1062 1341   97
6,5          3090 1733  177    2086  342   72    1004 1391  105
8,8          3085 1743  172    2051  381   68    1034 1362  104
5,2          3079 1746  175    2088  346   66     991 1400  109
2,4          3059 1791  150    2097  347   56     962 1444   94
4,8          3035 1813  152    2096  347   57     939 1466   95
6,3          3028 1813  159    2102  342   56     926 1471  103
6,4          3021 1819  160    2051  381   68     970 1438   92
5,3          2948 1908  144    2125  315   60     823 1593   84
4,7          2943 1882  175    2084  340   76     859 1542   99
9,5          2940 1899  161    2101  338   61     839 1561  100
6,2          2928 1902  170    2085  344   71     843 1558   99
8,1          2914 1908  178    2074  358   68     840 1550  110
100


Team A Total Wins: 331434
Ties: 16324

50x50 vs 7k

Team A: 
Overall:           all             as Black          as White     
                W    L    T       W    L    T       W    L    T  
size: 100
1,9          3714 1137  149    2091  341   68    1623  796   81
3,7          3670 1201  129    2139  315   46    1531  886   83
4,1          3670 1179  151    2151  292   57    1519  887   94
5,4          3663 1180  157    2124  306   70    1539  874   87
8,3          3663 1180  157    2133  303   64    1530  877   93
0,4          3657 1200  143    2134  302   64    1523  898   79
1,6          3643 1216  141    2107  331   62    1536  885   79
2,6          3615 1242  143    2140  301   59    1475  941   84
2,3          3610 1216  174    2107  311   82    1503  905   92
0,0          3605 1260  135    2115  327   58    1490  933   77
7,8          3592 1259  149    2119  313   68    1473  946   81
4,2          3587 1247  166    2155  274   71    1432  973   95
1,7          3581 1244  175    2136  303   61    1445  941  114
0,9          3576 1263  161    2124  311   65    1452  952   96
9,4          3566 1266  168    2153  283   64    1413  983  104
4,4          3538 1308  154    2106  340   54    1432  968  100
7,0          3535 1302  163    2138  288   74    1397 1014   89
6,6          3526 1312  162    2145  287   68    1381 1025   94
8,2          3520 1304  176    2137  297   66    1383 1007  110
7,9          3512 1338  150    2151  281   68    1361 1057   82
3,9          3491 1332  177    2129  294   77    1362 1038  100
9,2          3484 1332  184    2122  305   73    1362 1027  111
8,7          3470 1370  160    2171  264   65    1299 1106   95
1,2          3466 1379  155    2157  289   54    1309 1090  101
0,1          3459 1394  147    2135  292   73    1324 1102   74
3,8          3452 1395  153    2153  296   51    1299 1099  102
0,7          3440 1434  126    2168  282   50    1272 1152   76
9,7          3440 1411  149    2141  298   61    1299 1113   88
1,8          3425 1425  150    2106  335   59    1319 1090   91
6,7          3413 1413  174    2115  310   75    1298 1103   99
9,0          3408 1432  160    2111  319   70    1297 1113   90
3,0          3404 1394  202    2109  324   67    1295 1070  135
4,5          3402 1418  180    2069  353   78    1333 1065  102
1,4          3400 1438  162    2090  340   70    1310 1098   92
5,7          3399 1437  164    2129  305   66    1270 1132   98
9,8          3396 1430  174    2023  378   99    1373 1052   75
7,4          3390 1453  157    2116  319   65    1274 1134   92
1,3          3387 1447  166    2092  326   82    1295 1121   84
3,4          3373 1435  192    2120  307   73    1253 1128  119
1,0          3364 1473  163    2083  351   66    1281 1122   97
4,0          3364 1454  182    2110  315   75    1254 1139  107
7,6          3363 1475  162    2097  337   66    1266 1138   96
4,6          3355 1498  147    2103  328   69    1252 1170   78
1,5          3352 1475  173    2100  330   70    1252 1145  103
2,2          3352 1495  153    2141  302   57    1211 1193   96
2,8          3350 1501  149    2070  351   79    1280 1150   70
5,0          3350 1498  152    2130  306   64    1220 1192   88
7,5          3346 1503  151    2103  334   63    1243 1169   88
2,1          3343 1505  152    2157  289   54    1186 1216   98
3,2          3338 1498  164    2114  316   70    1224 1182   94
8,4          3329 1514  157    2135  295   70    1194 1219   87
4,3          3328 1503  169    2130  302   68    1198 1201  101
6,0          3325 1520  155    2134  307   59    1191 1213   96
5,9          3322 1531  147    2164  282   54    1158 1249   93
0,6          3319 1515  166    2179  260   61    1140 1255  105
3,3          3317 1522  161    2088  334   78    1229 1188   83
7,7          3317 1541  142    2139  304   57    1178 1237   85
5,6          3315 1499  186    2087  333   80    1228 1166  106
8,5          3314 1507  179    2109  323   68    1205 1184  111
3,6          3310 1532  158    2109  334   57    1201 1198  101
7,3          3310 1548  142    2124  326   50    1186 1222   92
9,6          3304 1542  154    2128  299   73    1176 1243   81
0,2          3302 1515  183    2112  315   73    1190 1200  110
5,1          3300 1524  176    2123  315   62    1177 1209  114
4,9          3295 1549  156    2169  291   40    1126 1258  116
6,1          3295 1535  170    2106  327   67    1189 1208  103
1,1          3290 1549  161    2131  311   58    1159 1238  103
5,5          3288 1567  145    2128  309   63    1160 1258   82
3,1          3284 1560  156    2111  325   64    1173 1235   92
9,3          3270 1564  166    2128  311   61    1142 1253  105
2,5          3263 1563  174    2142  298   60    1121 1265  114
8,9          3260 1586  154    2103  343   54    1157 1243  100
9,1          3254 1572  174    2128  299   73    1126 1273  101
3,5          3248 1577  175    2107  327   66    1141 1250  109
5,8          3248 1607  145    2161  287   52    1087 1320   93
6,9          3241 1605  154    2134  296   70    1107 1309   84
2,0          3240 1613  147    2127  310   63    1113 1303   84
8,0          3239 1595  166    2083  348   69    1156 1247   97
2,9          3228 1612  160    2108  328   64    1120 1284   96
0,8          3211 1632  157    2077  366   57    1134 1266  100
7,1          3211 1646  143    2168  281   51    1043 1365   92
0,5          3210 1576  214    2103  303   94    1107 1273  120
2,7          3193 1638  169    2130  306   64    1063 1332  105
9,9          3192 1656  152    2076  350   74    1116 1306   78
8,6          3177 1650  173    2115  309   76    1062 1341   97
6,8          3176 1652  172    2112  325   63    1064 1327  109
7,2          3160 1682  158    2093  325   82    1067 1357   76
8,8          3129 1700  171    2095  338   67    1034 1362  104
6,5          3127 1704  169    2123  313   64    1004 1391  105
5,2          3121 1710  169    2130  310   60     991 1400  109
0,3          3115 1715  170    2104  328   68    1011 1387  102
6,4          3109 1734  157    2139  296   65     970 1438   92
2,4          3094 1745  161    2132  301   67     962 1444   94
4,8          3064 1778  158    2125  312   63     939 1466   95
6,3          3049 1785  166    2123  314   63     926 1471  103
4,7          2985 1850  165    2126  308   66     859 1542   99
9,5          2978 1852  170    2139  291   70     839 1561  100
5,3          2969 1894  137    2146  301   53     823 1593   84
6,2          2962 1868  170    2119  310   71     843 1558   99
8,1          2914 1906  180    2074  356   70     840 1550  110
100


Team A Total Wins: 334520
Ties: 16142

50x50 vs 8k

Team A: 
Overall:           all             as Black          as White     
                W    L    T       W    L    T       W    L    T  
size: 100
1,9          3743 1091  166    2120  295   85    1623  796   81
5,4          3683 1171  146    2144  297   59    1539  874   87
8,3          3676 1174  150    2146  297   57    1530  877   93
3,7          3667 1190  143    2136  304   60    1531  886   83
0,4          3645 1227  128    2122  329   49    1523  898   79
0,0          3643 1216  141    2153  283   64    1490  933   77
4,1          3633 1207  160    2114  320   66    1519  887   94
1,6          3618 1213  169    2082  328   90    1536  885   79
2,3          3614 1230  156    2111  325   64    1503  905   92
2,6          3606 1238  156    2131  297   72    1475  941   84
0,9          3592 1244  164    2140  292   68    1452  952   96
7,8          3583 1269  148    2110  323   67    1473  946   81
4,4          3579 1255  166    2147  287   66    1432  968  100
4,2          3565 1266  169    2133  293   74    1432  973   95
9,4          3561 1272  167    2148  289   63    1413  983  104
1,7          3559 1247  194    2114  306   80    1445  941  114
6,6          3536 1306  158    2155  281   64    1381 1025   94
9,8          3527 1342  131    2154  290   56    1373 1052   75
8,2          3523 1304  173    2140  297   63    1383 1007  110
7,0          3512 1327  161    2115  313   72    1397 1014   89
3,9          3505 1331  164    2143  293   64    1362 1038  100
9,2          3485 1328  187    2123  301   76    1362 1027  111
0,1          3478 1388  134    2154  286   60    1324 1102   74
1,4          3471 1373  156    2161  275   64    1310 1098   92
7,9          3471 1373  156    2110  316   74    1361 1057   82
4,5          3461 1381  158    2128  316   56    1333 1065  102
1,8          3459 1391  150    2140  301   59    1319 1090   91
9,0          3456 1393  151    2159  280   61    1297 1113   90
8,7          3448 1407  145    2149  301   50    1299 1106   95
6,7          3442 1412  146    2144  309   47    1298 1103   99
1,2          3428 1405  167    2119  315   66    1309 1090  101
9,7          3427 1420  153    2128  307   65    1299 1113   88
1,3          3424 1430  146    2129  309   62    1295 1121   84
3,0          3419 1381  200    2124  311   65    1295 1070  135
0,7          3417 1454  129    2145  302   53    1272 1152   76
3,8          3417 1392  191    2118  293   89    1299 1099  102
5,7          3410 1430  160    2140  298   62    1270 1132   98
2,8          3409 1459  132    2129  309   62    1280 1150   70
4,6          3406 1458  136    2154  288   58    1252 1170   78
7,4          3392 1447  161    2118  313   69    1274 1134   92
1,0          3390 1426  184    2109  304   87    1281 1122   97
7,6          3383 1460  157    2117  322   61    1266 1138   96
7,5          3368 1475  157    2125  306   69    1243 1169   88
1,5          3366 1465  169    2114  320   66    1252 1145  103
3,4          3359 1461  180    2106  333   61    1253 1128  119
4,0          3353 1462  185    2099  323   78    1254 1139  107
3,3          3348 1502  150    2119  314   67    1229 1188   83
5,6          3346 1460  194    2118  294   88    1228 1166  106
8,5          3344 1486  170    2139  302   59    1205 1184  111
2,2          3342 1499  159    2131  306   63    1211 1193   96
3,6          3332 1501  167    2131  303   66    1201 1198  101
6,1          3322 1506  172    2133  298   69    1189 1208  103
6,0          3321 1513  166    2130  300   70    1191 1213   96
7,7          3321 1533  146    2143  296   61    1178 1237   85
0,2          3320 1492  188    2130  292   78    1190 1200  110
7,3          3320 1522  158    2134  300   66    1186 1222   92
3,2          3318 1512  170    2094  330   76    1224 1182   94
2,1          3316 1521  163    2130  305   65    1186 1216   98
4,3          3316 1517  167    2118  316   66    1198 1201  101
9,6          3316 1538  146    2140  295   65    1176 1243   81
8,4          3309 1541  150    2115  322   63    1194 1219   87
3,1          3307 1544  149    2134  309   57    1173 1235   92
5,1          3304 1520  176    2127  311   62    1177 1209  114
5,5          3304 1555  141    2144  297   59    1160 1258   82
8,9          3302 1530  168    2145  287   68    1157 1243  100
8,0          3292 1550  158    2136  303   61    1156 1247   97
5,0          3290 1541  169    2070  349   81    1220 1192   88
5,9          3289 1549  162    2131  300   69    1158 1249   93
0,5          3272 1549  179    2165  276   59    1107 1273  120
4,9          3270 1553  177    2144  295   61    1126 1258  116
2,5          3269 1557  174    2148  292   60    1121 1265  114
0,6          3267 1570  163    2127  315   58    1140 1255  105
9,3          3256 1571  173    2114  318   68    1142 1253  105
1,1          3246 1590  164    2087  352   61    1159 1238  103
3,5          3245 1573  182    2104  323   73    1141 1250  109
0,8          3243 1598  159    2109  332   59    1134 1266  100
2,9          3243 1604  153    2123  320   57    1120 1284   96
9,1          3242 1592  166    2116  319   65    1126 1273  101
6,9          3240 1603  157    2133  294   73    1107 1309   84
9,9          3239 1602  159    2123  296   81    1116 1306   78
7,1          3226 1635  139    2183  270   47    1043 1365   92
6,8          3221 1604  175    2157  277   66    1064 1327  109
2,0          3220 1631  149    2107  328   65    1113 1303   84
8,6          3218 1621  161    2156  280   64    1062 1341   97
7,2          3206 1644  150    2139  287   74    1067 1357   76
2,7          3201 1626  173    2138  294   68    1063 1332  105
8,8          3194 1642  164    2160  280   60    1034 1362  104
5,8          3175 1660  165    2088  340   72    1087 1320   93
5,2          3140 1688  172    2149  288   63     991 1400  109
2,4          3138 1701  161    2176  257   67     962 1444   94
0,3          3135 1694  171    2124  307   69    1011 1387  102
6,5          3111 1707  182    2107  316   77    1004 1391  105
6,4          3079 1752  169    2109  314   77     970 1438   92
6,3          3058 1772  170    2132  301   67     926 1471  103
4,8          3052 1799  149    2113  333   54     939 1466   95
4,7          2993 1855  152    2134  313   53     859 1542   99
5,3          2991 1876  133    2168  283   49     823 1593   84
6,2          2981 1859  160    2138  301   61     843 1558   99
8,1          2956 1855  189    2116  305   79     840 1550  110
9,5          2955 1876  169    2116  315   69     839 1561  100
100


Team A Total Wins: 335370
Ties: 16148

50x50 vs 9k

Team A: 
Overall:           all             as Black          as White     
                W    L    T       W    L    T       W    L    T  
size: 100
1,9          3718 1125  157    2095  329   76    1623  796   81
1,6          3687 1184  129    2151  299   50    1536  885   79
5,4          3683 1175  142    2144  301   55    1539  874   87
3,7          3658 1205  137    2127  319   54    1531  886   83
8,3          3653 1202  145    2123  325   52    1530  877   93
0,4          3649 1205  146    2126  307   67    1523  898   79
2,3          3644 1200  156    2141  295   64    1503  905   92
4,1          3634 1210  156    2115  323   62    1519  887   94
0,0          3613 1242  145    2123  309   68    1490  933   77
7,8          3595 1254  151    2122  308   70    1473  946   81
2,6          3574 1276  150    2099  335   66    1475  941   84
0,9          3566 1265  169    2114  313   73    1452  952   96
1,7          3566 1265  169    2121  324   55    1445  941  114
6,6          3544 1307  149    2163  282   55    1381 1025   94
4,2          3534 1305  161    2102  332   66    1432  973   95
4,4          3530 1303  167    2098  335   67    1432  968  100
9,4          3525 1307  168    2112  324   64    1413  983  104
8,2          3516 1309  175    2133  302   65    1383 1007  110
7,0          3493 1357  150    2096  343   61    1397 1014   89
3,9          3491 1336  173    2129  298   73    1362 1038  100
9,2          3480 1348  172    2118  321   61    1362 1027  111
7,9          3473 1390  137    2112  333   55    1361 1057   82
9,8          3470 1380  150    2097  328   75    1373 1052   75
6,7          3447 1401  152    2149  298   53    1298 1103   99
4,5          3444 1372  184    2111  307   82    1333 1065  102
1,4          3435 1406  159    2125  308   67    1310 1098   92
1,2          3418 1424  158    2109  334   57    1309 1090  101
0,1          3412 1429  159    2088  327   85    1324 1102   74
5,7          3412 1430  158    2142  298   60    1270 1132   98
8,7          3412 1432  156    2113  326   61    1299 1106   95
3,0          3408 1399  193    2113  329   58    1295 1070  135
7,6          3408 1436  156    2142  298   60    1266 1138   96
1,8          3407 1436  157    2088  346   66    1319 1090   91
1,3          3403 1450  147    2108  329   63    1295 1121   84
3,8          3401 1419  180    2102  320   78    1299 1099  102
9,7          3396 1455  149    2097  342   61    1299 1113   88
0,7          3391 1465  144    2119  313   68    1272 1152   76
3,4          3390 1426  184    2137  298   65    1253 1128  119
9,0          3383 1460  157    2086  347   67    1297 1113   90
2,8          3382 1484  134    2102  334   64    1280 1150   70
1,0          3377 1448  175    2096  326   78    1281 1122   97
7,4          3373 1473  154    2099  339   62    1274 1134   92
1,5          3366 1463  171    2114  318   68    1252 1145  103
2,2          3359 1481  160    2148  288   64    1211 1193   96
4,0          3359 1465  176    2105  326   69    1254 1139  107
5,6          3353 1464  183    2125  298   77    1228 1166  106
8,5          3353 1479  168    2148  295   57    1205 1184  111
7,5          3345 1503  152    2102  334   64    1243 1169   88
3,2          3334 1518  148    2110  336   54    1224 1182   94
4,6          3334 1516  150    2082  346   72    1252 1170   78
3,1          3324 1523  153    2151  288   61    1173 1235   92
5,0          3323 1520  157    2103  328   69    1220 1192   88
8,4          3322 1531  147    2128  312   60    1194 1219   87
3,6          3314 1520  166    2113  322   65    1201 1198  101
7,7          3313 1538  149    2135  301   64    1178 1237   85
4,3          3312 1517  171    2114  316   70    1198 1201  101
2,1          3311 1533  156    2125  317   58    1186 1216   98
6,0          3311 1532  157    2120  319   61    1191 1213   96
9,6          3311 1546  143    2135  303   62    1176 1243   81
3,3          3303 1537  160    2074  349   77    1229 1188   83
5,1          3303 1530  167    2126  321   53    1177 1209  114
5,5          3298 1560  142    2138  302   60    1160 1258   82
6,1          3293 1538  169    2104  330   66    1189 1208  103
7,3          3289 1552  159    2103  330   67    1186 1222   92
2,5          3287 1543  170    2166  278   56    1121 1265  114
8,0          3275 1568  157    2119  321   60    1156 1247   97
0,6          3271 1556  173    2131  301   68    1140 1255  105
0,2          3267 1556  177    2077  356   67    1190 1200  110
5,9          3263 1569  168    2105  320   75    1158 1249   93
6,9          3263 1595  142    2156  286   58    1107 1309   84
8,9          3259 1583  158    2102  340   58    1157 1243  100
3,5          3258 1562  180    2117  312   71    1141 1250  109
9,9          3257 1603  140    2141  297   62    1116 1306   78
9,3          3255 1577  168    2113  324   63    1142 1253  105
0,8          3253 1587  160    2119  321   60    1134 1266  100
0,5          3250 1564  186    2143  291   66    1107 1273  120
1,1          3241 1585  174    2082  347   71    1159 1238  103
4,9          3241 1577  182    2115  319   66    1126 1258  116
5,8          3213 1634  153    2126  314   60    1087 1320   93
2,9          3207 1631  162    2087  347   66    1120 1284   96
8,6          3197 1650  153    2135  309   56    1062 1341   97
2,0          3195 1648  157    2082  345   73    1113 1303   84
9,1          3195 1641  164    2069  368   63    1126 1273  101
2,7          3186 1634  180    2123  302   75    1063 1332  105
7,2          3178 1686  136    2111  329   60    1067 1357   76
6,8          3164 1652  184    2100  325   75    1064 1327  109
6,5          3153 1686  161    2149  295   56    1004 1391  105
8,8          3152 1671  177    2118  309   73    1034 1362  104
7,1          3148 1700  152    2105  335   60    1043 1365   92
0,3          3145 1698  157    2134  311   55    1011 1387  102
5,2          3145 1691  164    2154  291   55     991 1400  109
4,8          3090 1755  155    2151  289   60     939 1466   95
6,4          3086 1766  148    2116  328   56     970 1438   92
2,4          3079 1768  153    2117  324   59     962 1444   94
6,3          3071 1772  157    2145  301   54     926 1471  103
6,2          2974 1863  163    2131  305   64     843 1558   99
4,7          2973 1861  166    2114  319   67     859 1542   99
9,5          2949 1881  170    2110  320   70     839 1561  100
8,1          2942 1879  179    2102  329   69     840 1550  110
5,3          2939 1903  158    2116  310   74     823 1593   84
100


Team A Total Wins: 334146
Ties: 15998

50x50 vs 10k

Team A: 
Overall:           all             as Black          as White     
                W    L    T       W    L    T       W    L    T  
size: 100
1,9          3731 1111  158    2108  315   77    1623  796   81
8,3          3670 1169  161    2140  292   68    1530  877   93
0,4          3667 1188  145    2144  290   66    1523  898   79
1,6          3666 1190  144    2130  305   65    1536  885   79
5,4          3650 1189  161    2111  315   74    1539  874   87
4,1          3643 1190  167    2124  303   73    1519  887   94
0,0          3622 1229  149    2132  296   72    1490  933   77
3,7          3621 1235  144    2090  349   61    1531  886   83
2,6          3602 1236  162    2127  295   78    1475  941   84
7,8          3601 1259  140    2128  313   59    1473  946   81
0,9          3600 1239  161    2148  287   65    1452  952   96
2,3          3596 1240  164    2093  335   72    1503  905   92
4,2          3590 1242  168    2158  269   73    1432  973   95
4,4          3589 1245  166    2157  277   66    1432  968  100
1,7          3574 1239  187    2129  298   73    1445  941  114
7,0          3518 1317  165    2121  303   76    1397 1014   89
7,9          3516 1338  146    2155  281   64    1361 1057   82
9,4          3512 1304  184    2099  321   80    1413  983  104
8,2          3506 1313  181    2123  306   71    1383 1007  110
9,8          3502 1365  133    2129  313   58    1373 1052   75
9,2          3500 1329  171    2138  302   60    1362 1027  111
6,6          3483 1358  159    2102  333   65    1381 1025   94
0,1          3473 1399  128    2149  297   54    1324 1102   74
4,5          3464 1376  160    2131  311   58    1333 1065  102
1,4          3460 1373  167    2150  275   75    1310 1098   92
3,9          3457 1369  174    2095  331   74    1362 1038  100
9,7          3453 1393  154    2154  280   66    1299 1113   88
9,0          3448 1398  154    2151  285   64    1297 1113   90
1,5          3430 1413  157    2178  268   54    1252 1145  103
1,8          3428 1412  160    2109  322   69    1319 1090   91
3,0          3422 1375  203    2127  305   68    1295 1070  135
1,2          3419 1412  169    2110  322   68    1309 1090  101
6,7          3419 1411  170    2121  308   71    1298 1103   99
7,4          3412 1436  152    2138  302   60    1274 1134   92
0,7          3411 1452  137    2139  300   61    1272 1152   76
1,3          3411 1435  154    2116  314   70    1295 1121   84
2,8          3411 1454  135    2131  304   65    1280 1150   70
3,8          3409 1409  182    2110  310   80    1299 1099  102
1,0          3407 1428  165    2126  306   68    1281 1122   97
3,4          3404 1419  177    2151  291   58    1253 1128  119
3,2          3398 1461  141    2174  279   47    1224 1182   94
8,7          3387 1441  172    2088  335   77    1299 1106   95
7,6          3384 1442  174    2118  304   78    1266 1138   96
3,3          3383 1466  151    2154  278   68    1229 1188   83
7,5          3383 1470  147    2140  301   59    1243 1169   88
4,0          3368 1449  183    2114  310   76    1254 1139  107
5,7          3352 1479  169    2082  347   71    1270 1132   98
5,0          3344 1497  159    2124  305   71    1220 1192   88
4,3          3336 1499  165    2138  298   64    1198 1201  101
4,6          3335 1513  152    2083  343   74    1252 1170   78
5,6          3327 1490  183    2099  324   77    1228 1166  106
8,4          3324 1530  146    2130  311   59    1194 1219   87
7,3          3316 1525  159    2130  303   67    1186 1222   92
8,5          3313 1499  188    2108  315   77    1205 1184  111
3,6          3312 1521  167    2111  323   66    1201 1198  101
0,6          3310 1529  161    2170  274   56    1140 1255  105
2,2          3308 1527  165    2097  334   69    1211 1193   96
2,1          3307 1533  160    2121  317   62    1186 1216   98
1,1          3299 1542  159    2140  304   56    1159 1238  103
6,0          3295 1541  164    2104  328   68    1191 1213   96
7,7          3291 1558  151    2113  321   66    1178 1237   85
3,1          3286 1560  154    2113  325   62    1173 1235   92
5,1          3286 1531  183    2109  322   69    1177 1209  114
8,9          3282 1534  184    2125  291   84    1157 1243  100
5,5          3278 1578  144    2118  320   62    1160 1258   82
9,3          3278 1552  170    2136  299   65    1142 1253  105
6,1          3277 1551  172    2088  343   69    1189 1208  103
9,1          3275 1562  163    2149  289   62    1126 1273  101
0,2          3274 1540  186    2084  340   76    1190 1200  110
4,9          3266 1553  181    2140  295   65    1126 1258  116
8,0          3266 1589  145    2110  342   48    1156 1247   97
3,5          3264 1553  183    2123  303   74    1141 1250  109
9,6          3260 1587  153    2084  344   72    1176 1243   81
2,9          3256 1587  157    2136  303   61    1120 1284   96
2,5          3254 1563  183    2133  298   69    1121 1265  114
5,9          3252 1578  170    2094  329   77    1158 1249   93
0,5          3245 1574  181    2138  301   61    1107 1273  120
2,0          3235 1603  162    2122  300   78    1113 1303   84
9,9          3225 1629  146    2109  323   68    1116 1306   78
5,8          3216 1629  155    2129  309   62    1087 1320   93
0,8          3207 1623  170    2073  357   70    1134 1266  100
8,8          3201 1634  165    2167  272   61    1034 1362  104
6,9          3198 1645  157    2091  336   73    1107 1309   84
2,7          3189 1628  183    2126  296   78    1063 1332  105
8,6          3187 1657  156    2125  316   59    1062 1341   97
6,8          3179 1657  164    2115  330   55    1064 1327  109
7,2          3166 1687  147    2099  330   71    1067 1357   76
7,1          3165 1669  166    2122  304   74    1043 1365   92
0,3          3135 1704  161    2124  317   59    1011 1387  102
2,4          3128 1722  150    2166  278   56     962 1444   94
5,2          3124 1711  165    2133  311   56     991 1400  109
6,5          3089 1745  166    2085  354   61    1004 1391  105
6,4          3088 1756  156    2118  318   64     970 1438   92
4,8          3078 1771  151    2139  305   56     939 1466   95
6,3          3037 1785  178    2111  314   75     926 1471  103
6,2          2993 1857  150    2150  299   51     843 1558   99
9,5          2987 1844  169    2148  283   69     839 1561  100
4,7          2972 1863  165    2113  321   66     859 1542   99
8,1          2962 1860  178    2122  310   68     840 1550  110
5,3          2913 1953  134    2090  360   50     823 1593   84
100


Team A Total Wins: 334742
Ties: 16233
