50x50 vs 0k
Team A: 
Overall:           all             as Black          as White     
                W    L    T       W    L    T       W    L    T  
size: 100
7,8          3049 1782  169    1576  836   88    1473  946   81
1,9          2982 1830  188    1359 1034  107    1623  796   81
1,6          2873 1941  186    1337 1056  107    1536  885   79
7,9          2731 2079  190    1370 1022  108    1361 1057   82
9,8          2729 2129  142    1356 1077   67    1373 1052   75
1,4          2712 2105  183    1402 1007   91    1310 1098   92
2,8          2712 2129  159    1432  979   89    1280 1150   70
5,4          2706 2108  186    1167 1234   99    1539  874   87
3,7          2699 2140  161    1168 1254   78    1531  886   83
6,6          2699 2111  190    1318 1086   96    1381 1025   94
4,4          2679 2136  185    1247 1168   85    1432  968  100
3,4          2678 2116  206    1425  988   87    1253 1128  119
9,4          2663 2137  200    1250 1154   96    1413  983  104
7,0          2624 2200  176    1227 1186   87    1397 1014   89
5,7          2621 2182  197    1351 1050   99    1270 1132   98
9,6          2605 2232  163    1429  989   82    1176 1243   81
6,9          2604 2214  182    1497  905   98    1107 1309   84
5,6          2589 2204  207    1361 1038  101    1228 1166  106
2,3          2583 2230  187    1080 1325   95    1503  905   92
0,4          2569 2263  168    1046 1365   89    1523  898   79
1,7          2568 2231  201    1123 1290   87    1445  941  114
7,3          2550 2241  209    1364 1019  117    1186 1222   92
4,1          2546 2265  189    1027 1378   95    1519  887   94
8,7          2544 2247  209    1245 1141  114    1299 1106   95
1,8          2542 2263  195    1223 1173  104    1319 1090   91
4,6          2542 2272  186    1290 1102  108    1252 1170   78
8,5          2535 2277  188    1330 1093   77    1205 1184  111
9,1          2531 2279  190    1405 1006   89    1126 1273  101
1,3          2529 2288  183    1234 1167   99    1295 1121   84
2,9          2522 2286  192    1402 1002   96    1120 1284   96
0,0          2521 2312  167    1031 1379   90    1490  933   77
0,7          2518 2313  169    1246 1161   93    1272 1152   76
1,5          2509 2299  192    1257 1154   89    1252 1145  103
8,3          2508 2316  176     978 1439   83    1530  877   93
2,2          2507 2305  188    1296 1112   92    1211 1193   96
4,5          2492 2324  184    1159 1259   82    1333 1065  102
3,0          2489 2286  225    1194 1216   90    1295 1070  135
9,0          2489 2343  168    1192 1230   78    1297 1113   90
1,0          2485 2324  191    1204 1202   94    1281 1122   97
3,5          2482 2318  200    1341 1068   91    1141 1250  109
0,9          2480 2322  198    1028 1370  102    1452  952   96
8,2          2471 2338  191    1088 1331   81    1383 1007  110
9,7          2456 2368  176    1157 1255   88    1299 1113   88
7,6          2452 2354  194    1186 1216   98    1266 1138   96
9,2          2447 2346  207    1085 1319   96    1362 1027  111
4,3          2427 2379  194    1229 1178   93    1198 1201  101
3,8          2422 2366  212    1123 1267  110    1299 1099  102
1,1          2420 2398  182    1261 1160   79    1159 1238  103
5,5          2420 2401  179    1260 1143   97    1160 1258   82
0,1          2409 2418  173    1085 1316   99    1324 1102   74
4,0          2405 2388  207    1151 1249  100    1254 1139  107
4,2          2400 2402  198     968 1429  103    1432  973   95
2,0          2396 2421  183    1283 1118   99    1113 1303   84
2,6          2395 2433  172     920 1492   88    1475  941   84
5,0          2386 2439  175    1166 1247   87    1220 1192   88
0,5          2360 2422  218    1253 1149   98    1107 1273  120
3,1          2358 2486  156    1185 1251   64    1173 1235   92
6,7          2341 2466  193    1043 1363   94    1298 1103   99
8,8          2333 2458  209    1299 1096  105    1034 1362  104
6,0          2325 2482  193    1134 1269   97    1191 1213   96
3,3          2318 2520  162    1089 1332   79    1229 1188   83
8,6          2313 2504  183    1251 1163   86    1062 1341   97
8,4          2310 2514  176    1116 1295   89    1194 1219   87
3,9          2303 2508  189     941 1470   89    1362 1038  100
2,1          2287 2527  186    1101 1311   88    1186 1216   98
5,2          2273 2527  200    1282 1127   91     991 1400  109
9,3          2269 2549  182    1127 1296   77    1142 1253  105
7,2          2257 2561  182    1190 1204  106    1067 1357   76
8,9          2257 2552  191    1100 1309   91    1157 1243  100
3,6          2247 2561  192    1046 1363   91    1201 1198  101
5,9          2245 2565  190    1087 1316   97    1158 1249   93
3,2          2239 2569  192    1015 1387   98    1224 1182   94
9,9          2217 2601  182    1101 1295  104    1116 1306   78
0,2          2214 2572  214    1024 1372  104    1190 1200  110
5,1          2195 2589  216    1018 1380  102    1177 1209  114
6,1          2182 2608  210     993 1400  107    1189 1208  103
2,7          2180 2631  189    1117 1299   84    1063 1332  105
7,4          2174 2645  181     900 1511   89    1274 1134   92
7,7          2138 2685  177     960 1448   92    1178 1237   85
8,0          2133 2668  199     977 1421  102    1156 1247   97
2,5          2130 2675  195    1009 1410   81    1121 1265  114
4,9          2128 2657  215    1002 1399   99    1126 1258  116
6,5          2115 2679  206    1111 1288  101    1004 1391  105
0,3          2112 2688  200    1101 1301   98    1011 1387  102
8,1          2107 2685  208    1267 1135   98     840 1550  110
4,7          2102 2733  165    1243 1191   66     859 1542   99
7,1          2098 2701  201    1055 1336  109    1043 1365   92
6,3          2096 2692  212    1170 1221  109     926 1471  103
7,5          2096 2698  206     853 1529  118    1243 1169   88
1,2          2088 2715  197     779 1625   96    1309 1090  101
0,8          2074 2722  204     940 1456  104    1134 1266  100
6,4          2064 2747  189    1094 1309   97     970 1438   92
2,4          2055 2767  178    1093 1323   84     962 1444   94
4,8          2034 2781  185    1095 1315   90     939 1466   95
5,8          2031 2795  174     944 1475   81    1087 1320   93
0,6          2021 2779  200     881 1524   95    1140 1255  105
6,2          1972 2837  191    1129 1279   92     843 1558   99
5,3          1937 2905  158    1114 1312   74     823 1593   84
9,5          1918 2892  190    1079 1331   90     839 1561  100
6,8          1905 2885  210     841 1558  101    1064 1327  109
100


Team A Total Wins: 238453
Ties: 18914
50x50 vs 1k

Team A: 
Overall:           all             as Black          as White     
                W    L    T       W    L    T       W    L    T  
size: 100
5,4          3709 1159  132    2170  285   45    1539  874   87
1,9          3704 1158  138    2081  362   57    1623  796   81
4,1          3689 1166  145    2170  279   51    1519  887   94
1,6          3648 1216  136    2112  331   57    1536  885   79
3,7          3647 1224  129    2116  338   46    1531  886   83
8,3          3642 1203  155    2112  326   62    1530  877   93
2,3          3635 1228  137    2132  323   45    1503  905   92
0,0          3628 1244  128    2138  311   51    1490  933   77
4,2          3590 1276  134    2158  303   39    1432  973   95
0,9          3570 1259  171    2118  307   75    1452  952   96
7,8          3562 1301  137    2089  355   56    1473  946   81
1,7          3543 1286  171    2098  345   57    1445  941  114
0,4          3525 1325  150    2002  427   71    1523  898   79
3,9          3525 1306  169    2163  268   69    1362 1038  100
4,4          3511 1321  168    2079  353   68    1432  968  100
3,8          3510 1339  151    2211  240   49    1299 1099  102
0,1          3495 1394  111    2171  292   37    1324 1102   74
1,8          3476 1362  162    2157  272   71    1319 1090   91
9,4          3472 1359  169    2059  376   65    1413  983  104
2,6          3469 1384  147    1994  443   63    1475  941   84
8,2          3467 1360  173    2084  353   63    1383 1007  110
7,9          3462 1393  145    2101  336   63    1361 1057   82
7,0          3461 1386  153    2064  372   64    1397 1014   89
6,6          3460 1382  158    2079  357   64    1381 1025   94
3,0          3458 1352  190    2163  282   55    1295 1070  135
9,2          3449 1365  186    2087  338   75    1362 1027  111
9,8          3440 1400  160    2067  348   85    1373 1052   75
1,2          3429 1405  166    2120  315   65    1309 1090  101
1,3          3429 1449  122    2134  328   38    1295 1121   84
9,7          3429 1432  139    2130  319   51    1299 1113   88
1,0          3420 1411  169    2139  289   72    1281 1122   97
4,5          3406 1425  169    2073  360   67    1333 1065  102
8,7          3401 1462  137    2102  356   42    1299 1106   95
9,0          3396 1453  151    2099  340   61    1297 1113   90
7,4          3393 1465  142    2119  331   50    1274 1134   92
1,4          3391 1469  140    2081  371   48    1310 1098   92
6,7          3389 1445  166    2091  342   67    1298 1103   99
5,7          3385 1457  158    2115  325   60    1270 1132   98
0,7          3382 1491  127    2110  339   51    1272 1152   76
0,2          3380 1454  166    2190  254   56    1190 1200  110
5,6          3374 1462  164    2146  296   58    1228 1166  106
3,3          3356 1512  132    2127  324   49    1229 1188   83
4,0          3355 1486  159    2101  347   52    1254 1139  107
4,3          3345 1500  155    2147  299   54    1198 1201  101
2,2          3338 1511  151    2127  318   55    1211 1193   96
1,1          3332 1524  144    2173  286   41    1159 1238  103
7,6          3330 1507  163    2064  369   67    1266 1138   96
7,5          3327 1523  150    2084  354   62    1243 1169   88
6,0          3321 1534  145    2130  321   49    1191 1213   96
7,3          3321 1535  144    2135  313   52    1186 1222   92
5,9          3319 1545  136    2161  296   43    1158 1249   93
8,5          3313 1531  156    2108  347   45    1205 1184  111
2,0          3310 1565  125    2197  262   41    1113 1303   84
5,0          3310 1544  146    2090  352   58    1220 1192   88
2,1          3309 1540  151    2123  324   53    1186 1216   98
8,9          3295 1558  147    2138  315   47    1157 1243  100
1,5          3291 1549  160    2039  404   57    1252 1145  103
2,8          3291 1595  114    2011  445   44    1280 1150   70
3,2          3289 1562  149    2065  380   55    1224 1182   94
5,5          3286 1565  149    2126  307   67    1160 1258   82
4,6          3283 1584  133    2031  414   55    1252 1170   78
9,6          3278 1588  134    2102  345   53    1176 1243   81
7,7          3277 1586  137    2099  349   52    1178 1237   85
0,6          3275 1569  156    2135  314   51    1140 1255  105
6,1          3271 1555  174    2082  347   71    1189 1208  103
5,1          3259 1568  173    2082  359   59    1177 1209  114
9,1          3253 1588  159    2127  315   58    1126 1273  101
8,4          3249 1606  145    2055  387   58    1194 1219   87
8,0          3244 1595  161    2088  348   64    1156 1247   97
2,9          3241 1611  148    2121  327   52    1120 1284   96
3,4          3241 1573  186    1988  445   67    1253 1128  119
9,3          3238 1612  150    2096  359   45    1142 1253  105
9,9          3238 1624  138    2122  318   60    1116 1306   78
3,6          3237 1611  152    2036  413   51    1201 1198  101
3,5          3222 1618  160    2081  368   51    1141 1250  109
0,8          3220 1622  158    2086  356   58    1134 1266  100
6,9          3199 1660  141    2092  351   57    1107 1309   84
6,8          3180 1655  165    2116  328   56    1064 1327  109
0,5          3177 1628  195    2070  355   75    1107 1273  120
2,7          3173 1654  173    2110  322   68    1063 1332  105
4,9          3168 1658  174    2042  400   58    1126 1258  116
5,8          3153 1687  160    2066  367   67    1087 1320   93
6,5          3145 1686  169    2141  295   64    1004 1391  105
7,1          3135 1719  146    2092  354   54    1043 1365   92
3,1          3121 1714  165    1948  479   73    1173 1235   92
2,5          3113 1704  183    1992  439   69    1121 1265  114
8,8          3110 1727  163    2076  365   59    1034 1362  104
8,6          3092 1762  146    2030  421   49    1062 1341   97
2,4          3083 1770  147    2121  326   53     962 1444   94
5,2          3082 1759  159    2091  359   50     991 1400  109
6,4          3074 1785  141    2104  347   49     970 1438   92
7,2          3050 1802  148    1983  445   72    1067 1357   76
0,3          3045 1776  179    2034  389   77    1011 1387  102
4,8          3034 1811  155    2095  345   60     939 1466   95
6,3          3012 1825  163    2086  354   60     926 1471  103
4,7          2961 1873  166    2102  331   67     859 1542   99
6,2          2948 1889  163    2105  331   64     843 1558   99
5,3          2930 1934  136    2107  341   52     823 1593   84
9,5          2929 1912  159    2090  351   59     839 1561  100
8,1          2914 1896  190    2074  346   80     840 1550  110
100


Team A Total Wins: 332243
Ties: 15347

50x50 vs 2k

Team A: 
Overall:           all             as Black          as White     
                W    L    T       W    L    T       W    L    T  
size: 100
1,9          3741 1129  130    2118  333   49    1623  796   81
5,4          3731 1137  132    2192  263   45    1539  874   87
3,7          3721 1138  141    2190  252   58    1531  886   83
0,0          3702 1180  118    2212  247   41    1490  933   77
0,4          3696 1182  122    2173  284   43    1523  898   79
2,3          3679 1180  141    2176  275   49    1503  905   92
1,6          3678 1184  138    2142  299   59    1536  885   79
8,3          3669 1181  150    2139  304   57    1530  877   93
7,8          3637 1225  138    2164  279   57    1473  946   81
2,6          3616 1254  130    2141  313   46    1475  941   84
4,2          3612 1257  131    2180  284   36    1432  973   95
4,1          3605 1245  150    2086  358   56    1519  887   94
6,6          3588 1274  138    2207  249   44    1381 1025   94
8,2          3576 1269  155    2193  262   45    1383 1007  110
9,2          3576 1271  153    2214  244   42    1362 1027  111
7,0          3573 1285  142    2176  271   53    1397 1014   89
3,9          3565 1284  151    2203  246   51    1362 1038  100
9,4          3564 1281  155    2151  298   51    1413  983  104
4,4          3563 1277  160    2131  309   60    1432  968  100
9,8          3561 1307  132    2188  255   57    1373 1052   75
1,8          3546 1312  142    2227  222   51    1319 1090   91
0,9          3545 1310  145    2093  358   49    1452  952   96
4,5          3537 1329  134    2204  264   32    1333 1065  102
1,7          3534 1286  180    2089  345   66    1445  941  114
9,0          3498 1366  136    2201  253   46    1297 1113   90
1,2          3494 1359  147    2185  269   46    1309 1090  101
0,1          3485 1397  118    2161  295   44    1324 1102   74
1,4          3469 1395  136    2159  297   44    1310 1098   92
7,6          3461 1397  142    2195  259   46    1266 1138   96
3,8          3455 1391  154    2156  292   52    1299 1099  102
7,9          3453 1395  152    2092  338   70    1361 1057   82
6,7          3447 1414  139    2149  311   40    1298 1103   99
4,0          3446 1404  150    2192  265   43    1254 1139  107
5,7          3443 1413  144    2173  281   46    1270 1132   98
9,7          3443 1422  135    2144  309   47    1299 1113   88
2,8          3435 1441  124    2155  291   54    1280 1150   70
0,7          3432 1439  129    2160  287   53    1272 1152   76
7,4          3414 1454  132    2140  320   40    1274 1134   92
1,0          3411 1437  152    2130  315   55    1281 1122   97
1,3          3409 1455  136    2114  334   52    1295 1121   84
3,4          3408 1417  175    2155  289   56    1253 1128  119
5,5          3406 1476  118    2246  218   36    1160 1258   82
4,6          3405 1469  126    2153  299   48    1252 1170   78
5,6          3396 1456  148    2168  290   42    1228 1166  106
3,2          3393 1459  148    2169  277   54    1224 1182   94
8,7          3393 1454  153    2094  348   58    1299 1106   95
6,1          3380 1470  150    2191  262   47    1189 1208  103
5,0          3374 1492  134    2154  300   46    1220 1192   88
7,7          3373 1492  135    2195  255   50    1178 1237   85
7,3          3364 1491  145    2178  269   53    1186 1222   92
1,5          3358 1487  155    2106  342   52    1252 1145  103
3,3          3358 1503  139    2129  315   56    1229 1188   83
5,1          3358 1481  161    2181  272   47    1177 1209  114
8,0          3357 1499  144    2201  252   47    1156 1247   97
4,3          3354 1487  159    2156  286   58    1198 1201  101
0,2          3352 1487  161    2162  287   51    1190 1200  110
2,1          3349 1499  152    2163  283   54    1186 1216   98
3,6          3344 1508  148    2143  310   47    1201 1198  101
8,5          3342 1502  156    2137  318   45    1205 1184  111
1,1          3339 1507  154    2180  269   51    1159 1238  103
3,1          3336 1527  137    2163  292   45    1173 1235   92
3,5          3329 1519  152    2188  269   43    1141 1250  109
5,9          3325 1529  146    2167  280   53    1158 1249   93
2,2          3323 1533  144    2112  340   48    1211 1193   96
9,3          3323 1526  151    2181  273   46    1142 1253  105
8,4          3322 1526  152    2128  307   65    1194 1219   87
3,0          3316 1486  198    2021  416   63    1295 1070  135
6,9          3314 1543  143    2207  234   59    1107 1309   84
7,5          3303 1548  149    2060  379   61    1243 1169   88
4,9          3297 1547  156    2171  289   40    1126 1258  116
2,0          3289 1579  132    2176  276   48    1113 1303   84
7,2          3289 1593  118    2222  236   42    1067 1357   76
9,9          3282 1595  123    2166  289   45    1116 1306   78
9,6          3280 1588  132    2104  345   51    1176 1243   81
8,9          3268 1566  166    2111  323   66    1157 1243  100
0,8          3251 1598  151    2117  332   51    1134 1266  100
6,0          3245 1607  148    2054  394   52    1191 1213   96
5,8          3243 1611  146    2156  291   53    1087 1320   93
0,6          3241 1588  171    2101  333   66    1140 1255  105
8,6          3240 1607  153    2178  266   56    1062 1341   97
0,3          3235 1627  138    2224  240   36    1011 1387  102
2,9          3231 1629  140    2111  345   44    1120 1284   96
2,7          3208 1640  152    2145  308   47    1063 1332  105
0,5          3207 1618  175    2100  345   55    1107 1273  120
2,5          3202 1628  170    2081  363   56    1121 1265  114
9,1          3179 1670  151    2053  397   50    1126 1273  101
6,8          3178 1661  161    2114  334   52    1064 1327  109
6,5          3174 1668  158    2170  277   53    1004 1391  105
6,4          3166 1707  127    2196  269   35     970 1438   92
8,8          3161 1697  142    2127  335   38    1034 1362  104
7,1          3159 1699  142    2116  334   50    1043 1365   92
4,8          3139 1728  133    2200  262   38     939 1466   95
6,3          3094 1753  153    2168  282   50     926 1471  103
2,4          3086 1780  134    2124  336   40     962 1444   94
5,2          3086 1744  170    2095  344   61     991 1400  109
4,7          3045 1811  144    2186  269   45     859 1542   99
9,5          3030 1831  139    2191  270   39     839 1561  100
6,2          2963 1888  149    2120  330   50     843 1558   99
8,1          2937 1895  168    2097  345   58     840 1550  110
5,3          2916 1944  140    2093  351   56     823 1593   84
100


Team A Total Wins: 337625
Ties: 14549

50x50 vs 3k

Team A: 
Overall:           all             as Black          as White     
                W    L    T       W    L    T       W    L    T  
size: 100
1,9          3772 1092  136    2149  296   55    1623  796   81
1,6          3699 1160  141    2163  275   62    1536  885   79
5,4          3698 1161  141    2159  287   54    1539  874   87
8,3          3663 1183  154    2133  306   61    1530  877   93
2,3          3662 1194  144    2159  289   52    1503  905   92
3,7          3661 1207  132    2130  321   49    1531  886   83
0,4          3656 1207  137    2133  309   58    1523  898   79
4,1          3647 1211  142    2128  324   48    1519  887   94
0,0          3612 1248  140    2122  315   63    1490  933   77
0,9          3599 1244  157    2147  292   61    1452  952   96
4,2          3591 1256  153    2159  283   58    1432  973   95
4,4          3591 1250  159    2159  282   59    1432  968  100
1,7          3583 1270  147    2138  329   33    1445  941  114
7,8          3564 1285  151    2091  339   70    1473  946   81
9,4          3564 1270  166    2151  287   62    1413  983  104
2,6          3551 1297  152    2076  356   68    1475  941   84
8,2          3551 1282  167    2168  275   57    1383 1007  110
7,0          3544 1309  147    2147  295   58    1397 1014   89
3,9          3529 1313  158    2167  275   58    1362 1038  100
9,2          3521 1327  152    2159  300   41    1362 1027  111
9,8          3521 1353  126    2148  301   51    1373 1052   75
6,6          3510 1330  160    2129  305   66    1381 1025   94
7,9          3487 1372  141    2126  315   59    1361 1057   82
4,5          3474 1364  162    2141  299   60    1333 1065  102
0,1          3467 1396  137    2143  294   63    1324 1102   74
1,8          3466 1394  140    2147  304   49    1319 1090   91
1,4          3463 1404  133    2153  306   41    1310 1098   92
3,8          3456 1392  152    2157  293   50    1299 1099  102
6,7          3449 1402  149    2151  299   50    1298 1103   99
8,7          3449 1401  150    2150  295   55    1299 1106   95
9,0          3436 1409  155    2139  296   65    1297 1113   90
2,8          3433 1441  126    2153  291   56    1280 1150   70
9,7          3428 1437  135    2129  324   47    1299 1113   88
1,2          3427 1421  152    2118  331   51    1309 1090  101
1,0          3416 1431  153    2135  309   56    1281 1122   97
3,0          3414 1395  191    2119  325   56    1295 1070  135
0,7          3412 1463  125    2140  311   49    1272 1152   76
3,4          3411 1421  168    2158  293   49    1253 1128  119
1,3          3402 1449  149    2107  328   65    1295 1121   84
4,0          3396 1441  163    2142  302   56    1254 1139  107
7,4          3395 1463  142    2121  329   50    1274 1134   92
5,7          3390 1455  155    2120  323   57    1270 1132   98
3,2          3382 1474  144    2158  292   50    1224 1182   94
7,5          3379 1485  136    2136  316   48    1243 1169   88
7,6          3379 1476  145    2113  338   49    1266 1138   96
4,3          3374 1478  148    2176  277   47    1198 1201  101
3,3          3370 1492  138    2141  304   55    1229 1188   83
5,0          3370 1487  143    2150  295   55    1220 1192   88
1,5          3368 1471  161    2116  326   58    1252 1145  103
5,1          3357 1475  168    2180  266   54    1177 1209  114
2,2          3356 1494  150    2145  301   54    1211 1193   96
6,0          3351 1493  156    2160  280   60    1191 1213   96
4,6          3350 1505  145    2098  335   67    1252 1170   78
8,4          3349 1517  134    2155  298   47    1194 1219   87
7,3          3337 1521  142    2151  299   50    1186 1222   92
3,6          3336 1510  154    2135  312   53    1201 1198  101
5,6          3332 1505  163    2104  339   57    1228 1166  106
8,9          3328 1503  169    2171  260   69    1157 1243  100
8,0          3325 1529  146    2169  282   49    1156 1247   97
8,5          3320 1512  168    2115  328   57    1205 1184  111
0,2          3319 1519  162    2129  319   52    1190 1200  110
7,7          3315 1544  141    2137  307   56    1178 1237   85
3,1          3302 1558  140    2129  323   48    1173 1235   92
9,6          3296 1565  139    2120  322   58    1176 1243   81
2,1          3295 1557  148    2109  341   50    1186 1216   98
5,9          3294 1557  149    2136  308   56    1158 1249   93
2,5          3285 1549  166    2164  284   52    1121 1265  114
6,1          3285 1556  159    2096  348   56    1189 1208  103
0,8          3282 1575  143    2148  309   43    1134 1266  100
5,5          3282 1573  145    2122  315   63    1160 1258   82
1,1          3277 1571  152    2118  333   49    1159 1238  103
0,6          3269 1569  162    2129  314   57    1140 1255  105
6,9          3268 1603  129    2161  294   45    1107 1309   84
3,5          3267 1568  165    2126  318   56    1141 1250  109
9,1          3265 1580  155    2139  307   54    1126 1273  101
9,3          3262 1581  157    2120  328   52    1142 1253  105
2,0          3255 1608  137    2142  305   53    1113 1303   84
4,9          3251 1588  161    2125  330   45    1126 1258  116
8,6          3244 1607  149    2182  266   52    1062 1341   97
2,9          3242 1614  144    2122  330   48    1120 1284   96
0,5          3229 1583  188    2122  310   68    1107 1273  120
7,2          3223 1636  141    2156  279   65    1067 1357   76
9,9          3221 1642  137    2105  336   59    1116 1306   78
5,8          3204 1651  145    2117  331   52    1087 1320   93
2,7          3195 1649  156    2132  317   51    1063 1332  105
7,1          3188 1672  140    2145  307   48    1043 1365   92
0,3          3183 1661  156    2172  274   54    1011 1387  102
6,8          3180 1639  181    2116  312   72    1064 1327  109
5,2          3154 1695  151    2163  295   42     991 1400  109
8,8          3152 1692  156    2118  330   52    1034 1362  104
6,5          3131 1702  167    2127  311   62    1004 1391  105
2,4          3083 1773  144    2121  329   50     962 1444   94
6,4          3083 1770  147    2113  332   55     970 1438   92
4,8          3080 1769  151    2141  303   56     939 1466   95
6,3          3039 1797  164    2113  326   61     926 1471  103
9,5          3002 1844  154    2163  283   54     839 1561  100
8,1          2991 1844  165    2151  294   55     840 1550  110
4,7          2976 1857  167    2117  315   68     859 1542   99
6,2          2971 1884  145    2128  326   46     843 1558   99
5,3          2910 1942  148    2087  349   64     823 1593   84
100


Team A Total Wins: 336073
Ties: 15056

50x50 vs 4k

Team A: 
Overall:           all             as Black          as White     
                W    L    T       W    L    T       W    L    T  
size: 100
1,9          3744 1112  144    2121  316   63    1623  796   81
5,4          3681 1186  133    2142  312   46    1539  874   87
3,7          3674 1197  129    2143  311   46    1531  886   83
8,3          3667 1183  150    2137  306   57    1530  877   93
4,1          3658 1204  138    2139  317   44    1519  887   94
1,6          3652 1219  129    2116  334   50    1536  885   79
0,0          3646 1224  130    2156  291   53    1490  933   77
2,3          3611 1236  153    2108  331   61    1503  905   92
0,4          3598 1279  123    2075  381   44    1523  898   79
7,8          3595 1263  142    2122  317   61    1473  946   81
2,6          3577 1275  148    2102  334   64    1475  941   84
0,9          3576 1274  150    2124  322   54    1452  952   96
4,2          3572 1274  154    2140  301   59    1432  973   95
6,6          3557 1295  148    2176  270   54    1381 1025   94
4,4          3542 1292  166    2110  324   66    1432  968  100
9,4          3541 1308  151    2128  325   47    1413  983  104
7,0          3529 1343  128    2132  329   39    1397 1014   89
1,7          3525 1303  172    2080  362   58    1445  941  114
7,9          3509 1352  139    2148  295   57    1361 1057   82
8,2          3500 1331  169    2117  324   59    1383 1007  110
9,8          3493 1369  138    2120  317   63    1373 1052   75
3,9          3468 1369  163    2106  331   63    1362 1038  100
1,8          3462 1403  135    2143  313   44    1319 1090   91
0,1          3458 1410  132    2134  308   58    1324 1102   74
9,2          3454 1379  167    2092  352   56    1362 1027  111
4,5          3442 1392  166    2109  327   64    1333 1065  102
6,7          3442 1401  157    2144  298   58    1298 1103   99
3,0          3441 1381  178    2146  311   43    1295 1070  135
1,2          3435 1427  138    2126  337   37    1309 1090  101
8,7          3431 1422  147    2132  316   52    1299 1106   95
7,6          3430 1432  138    2164  294   42    1266 1138   96
4,0          3428 1418  154    2174  279   47    1254 1139  107
1,0          3423 1420  157    2142  298   60    1281 1122   97
9,0          3421 1444  135    2124  331   45    1297 1113   90
3,8          3415 1430  155    2116  331   53    1299 1099  102
9,7          3411 1441  148    2112  328   60    1299 1113   88
1,3          3408 1443  149    2113  322   65    1295 1121   84
1,4          3403 1441  156    2093  343   64    1310 1098   92
5,7          3401 1465  134    2131  333   36    1270 1132   98
0,7          3382 1483  135    2110  331   59    1272 1152   76
1,5          3376 1474  150    2124  329   47    1252 1145  103
7,4          3375 1474  151    2101  340   59    1274 1134   92
3,4          3374 1443  183    2121  315   64    1253 1128  119
8,5          3363 1475  162    2158  291   51    1205 1184  111
7,5          3357 1492  151    2114  323   63    1243 1169   88
7,7          3353 1510  137    2175  273   52    1178 1237   85
3,2          3345 1491  164    2121  309   70    1224 1182   94
5,6          3343 1497  160    2115  331   54    1228 1166  106
4,6          3334 1535  131    2082  365   53    1252 1170   78
5,0          3327 1535  138    2107  343   50    1220 1192   88
3,3          3324 1537  139    2095  349   56    1229 1188   83
2,2          3321 1528  151    2110  335   55    1211 1193   96
8,4          3321 1542  137    2127  323   50    1194 1219   87
2,8          3316 1546  138    2036  396   68    1280 1150   70
8,0          3306 1545  149    2150  298   52    1156 1247   97
4,3          3305 1531  164    2107  330   63    1198 1201  101
0,2          3304 1532  164    2114  332   54    1190 1200  110
6,0          3304 1553  143    2113  340   47    1191 1213   96
7,3          3298 1562  140    2112  340   48    1186 1222   92
3,6          3295 1547  158    2094  349   57    1201 1198  101
2,1          3291 1548  161    2105  332   63    1186 1216   98
8,9          3290 1559  151    2133  316   51    1157 1243  100
6,1          3287 1552  161    2098  344   58    1189 1208  103
3,1          3286 1569  145    2113  334   53    1173 1235   92
0,8          3285 1568  147    2151  302   47    1134 1266  100
5,9          3277 1581  142    2119  332   49    1158 1249   93
9,6          3264 1585  151    2088  342   70    1176 1243   81
5,5          3261 1599  140    2101  341   58    1160 1258   82
5,1          3256 1577  167    2079  368   53    1177 1209  114
0,6          3252 1580  168    2112  325   63    1140 1255  105
9,1          3251 1586  163    2125  313   62    1126 1273  101
5,8          3250 1597  153    2163  277   60    1087 1320   93
1,1          3248 1582  170    2089  344   67    1159 1238  103
0,5          3246 1583  171    2139  310   51    1107 1273  120
4,9          3242 1587  171    2116  329   55    1126 1258  116
9,9          3241 1619  140    2125  313   62    1116 1306   78
3,5          3237 1602  161    2096  352   52    1141 1250  109
9,3          3235 1597  168    2093  344   63    1142 1253  105
6,9          3227 1631  142    2120  322   58    1107 1309   84
2,0          3226 1648  126    2113  345   42    1113 1303   84
2,9          3216 1639  145    2096  355   49    1120 1284   96
6,8          3200 1633  167    2136  306   58    1064 1327  109
2,5          3187 1631  182    2066  366   68    1121 1265  114
2,7          3178 1658  164    2115  326   59    1063 1332  105
8,6          3177 1667  156    2115  326   59    1062 1341   97
7,2          3163 1692  145    2096  335   69    1067 1357   76
6,5          3140 1706  154    2136  315   49    1004 1391  105
0,3          3138 1702  160    2127  315   58    1011 1387  102
5,2          3116 1714  170    2125  314   61     991 1400  109
7,1          3115 1740  145    2072  375   53    1043 1365   92
8,8          3115 1726  159    2081  364   55    1034 1362  104
2,4          3112 1738  150    2150  294   56     962 1444   94
6,4          3087 1770  143    2117  332   51     970 1438   92
6,3          3052 1800  148    2126  329   45     926 1471  103
4,8          3014 1839  147    2075  373   52     939 1466   95
9,5          2981 1857  162    2142  296   62     839 1561  100
4,7          2978 1868  154    2119  326   55     859 1542   99
8,1          2978 1860  162    2138  310   52     840 1550  110
5,3          2959 1905  136    2136  312   52     823 1593   84
6,2          2941 1900  159    2098  342   60     843 1558   99
100


Team A Total Wins: 334242
Ties: 15094

50x50 vs 5k

Team A: 
Overall:           all             as Black          as White     
                W    L    T       W    L    T       W    L    T  
size: 100
1,9          3792 1072  136    2169  276   55    1623  796   81
5,4          3748 1111  141    2209  237   54    1539  874   87
2,3          3695 1165  140    2192  260   48    1503  905   92
1,6          3692 1165  143    2156  280   64    1536  885   79
4,1          3676 1177  147    2157  290   53    1519  887   94
3,7          3675 1194  131    2144  308   48    1531  886   83
0,4          3668 1199  133    2145  301   54    1523  898   79
7,8          3661 1213  126    2188  267   45    1473  946   81
0,0          3644 1213  143    2154  280   66    1490  933   77
8,3          3640 1203  157    2110  326   64    1530  877   93
9,4          3616 1236  148    2203  253   44    1413  983  104
4,4          3611 1244  145    2179  276   45    1432  968  100
1,7          3609 1238  153    2164  297   39    1445  941  114
2,6          3591 1273  136    2116  332   52    1475  941   84
4,2          3582 1269  149    2150  296   54    1432  973   95
0,9          3581 1285  134    2129  333   38    1452  952   96
6,6          3574 1276  150    2193  251   56    1381 1025   94
9,2          3558 1285  157    2196  258   46    1362 1027  111
8,2          3545 1294  161    2162  287   51    1383 1007  110
1,8          3539 1328  133    2220  238   42    1319 1090   91
7,0          3537 1325  138    2140  311   49    1397 1014   89
9,8          3531 1363  106    2158  311   31    1373 1052   75
3,9          3511 1339  150    2149  301   50    1362 1038  100
0,1          3503 1373  124    2179  271   50    1324 1102   74
4,5          3496 1347  157    2163  282   55    1333 1065  102
3,8          3491 1364  145    2192  265   43    1299 1099  102
8,7          3491 1372  137    2192  266   42    1299 1106   95
7,9          3489 1384  127    2128  327   45    1361 1057   82
1,4          3484 1369  147    2174  271   55    1310 1098   92
1,2          3470 1378  152    2161  288   51    1309 1090  101
9,7          3462 1405  133    2163  292   45    1299 1113   88
1,3          3455 1408  137    2160  287   53    1295 1121   84
6,7          3448 1403  149    2150  300   50    1298 1103   99
1,0          3444 1401  155    2163  279   58    1281 1122   97
7,4          3444 1413  143    2170  279   51    1274 1134   92
3,0          3437 1374  189    2142  304   54    1295 1070  135
9,0          3434 1428  138    2137  315   48    1297 1113   90
4,0          3429 1431  140    2175  292   33    1254 1139  107
7,5          3426 1441  133    2183  272   45    1243 1169   88
7,6          3424 1423  153    2158  285   57    1266 1138   96
3,2          3421 1430  149    2197  248   55    1224 1182   94
0,7          3418 1456  126    2146  304   50    1272 1152   76
1,5          3416 1433  151    2164  288   48    1252 1145  103
2,8          3412 1467  121    2132  317   51    1280 1150   70
5,7          3402 1445  153    2132  313   55    1270 1132   98
3,4          3401 1418  181    2148  290   62    1253 1128  119
8,4          3398 1473  129    2204  254   42    1194 1219   87
3,3          3392 1470  138    2163  282   55    1229 1188   83
5,0          3391 1468  141    2171  276   53    1220 1192   88
4,6          3389 1487  124    2137  317   46    1252 1170   78
2,2          3386 1474  140    2175  281   44    1211 1193   96
6,0          3366 1491  143    2175  278   47    1191 1213   96
2,1          3365 1481  154    2179  265   56    1186 1216   98
5,6          3365 1465  170    2137  299   64    1228 1166  106
3,1          3363 1509  128    2190  274   36    1173 1235   92
8,5          3361 1482  157    2156  298   46    1205 1184  111
5,1          3358 1490  152    2181  281   38    1177 1209  114
9,6          3342 1518  140    2166  275   59    1176 1243   81
0,2          3341 1500  159    2151  300   49    1190 1200  110
4,3          3333 1507  160    2135  306   59    1198 1201  101
0,6          3331 1513  156    2191  258   51    1140 1255  105
5,5          3328 1533  139    2168  275   57    1160 1258   82
5,9          3328 1540  132    2170  291   39    1158 1249   93
6,1          3327 1522  151    2138  314   48    1189 1208  103
7,7          3322 1549  129    2144  312   44    1178 1237   85
9,3          3322 1534  144    2180  281   39    1142 1253  105
8,9          3317 1535  148    2160  292   48    1157 1243  100
7,3          3315 1538  147    2129  316   55    1186 1222   92
1,1          3310 1530  160    2151  292   57    1159 1238  103
4,9          3298 1535  167    2172  277   51    1126 1258  116
8,0          3298 1559  143    2142  312   46    1156 1247   97
3,5          3291 1548  161    2150  298   52    1141 1250  109
2,5          3287 1554  159    2166  289   45    1121 1265  114
0,5          3276 1549  175    2169  276   55    1107 1273  120
2,9          3272 1587  141    2152  303   45    1120 1284   96
3,6          3272 1578  150    2071  380   49    1201 1198  101
9,9          3271 1608  121    2155  302   43    1116 1306   78
2,0          3268 1609  123    2155  306   39    1113 1303   84
9,1          3249 1602  149    2123  329   48    1126 1273  101
6,9          3242 1618  140    2135  309   56    1107 1309   84
0,8          3237 1616  147    2103  350   47    1134 1266  100
6,8          3226 1603  171    2162  276   62    1064 1327  109
7,2          3217 1664  119    2150  307   43    1067 1357   76
2,7          3210 1634  156    2147  302   51    1063 1332  105
5,8          3210 1650  140    2123  330   47    1087 1320   93
8,6          3210 1650  140    2148  309   43    1062 1341   97
8,8          3191 1645  164    2157  283   60    1034 1362  104
0,3          3175 1688  137    2164  301   35    1011 1387  102
7,1          3170 1685  145    2127  320   53    1043 1365   92
5,2          3134 1695  171    2143  295   62     991 1400  109
6,5          3129 1713  158    2125  322   53    1004 1391  105
4,8          3102 1753  145    2163  287   50     939 1466   95
2,4          3092 1764  144    2130  320   50     962 1444   94
6,4          3068 1778  154    2098  340   62     970 1438   92
6,3          3066 1784  150    2140  313   47     926 1471  103
9,5          3028 1823  149    2189  262   49     839 1561  100
4,7          3011 1832  157    2152  290   58     859 1542   99
5,3          2999 1868  133    2176  275   49     823 1593   84
6,2          2971 1873  156    2128  315   57     843 1558   99
8,1          2942 1892  166    2102  342   56     840 1550  110
100


Team A Total Wins: 338035
Ties: 14569

50x50 vs 6k

Team A: 
Overall:           all             as Black          as White     
                W    L    T       W    L    T       W    L    T  
size: 100
1,9          3800 1064  136    2177  268   55    1623  796   81
5,4          3742 1133  125    2203  259   38    1539  874   87
0,4          3718 1170  112    2195  272   33    1523  898   79
1,6          3700 1176  124    2164  291   45    1536  885   79
4,1          3684 1179  137    2165  292   43    1519  887   94
8,3          3684 1169  147    2154  292   54    1530  877   93
2,3          3681 1182  137    2178  277   45    1503  905   92
3,7          3677 1200  123    2146  314   40    1531  886   83
7,8          3650 1223  127    2177  277   46    1473  946   81
2,6          3638 1225  137    2163  284   53    1475  941   84
0,0          3632 1238  130    2142  305   53    1490  933   77
0,9          3620 1224  156    2168  272   60    1452  952   96
1,7          3619 1208  173    2174  267   59    1445  941  114
4,4          3611 1252  137    2179  284   37    1432  968  100
4,2          3583 1253  164    2151  280   69    1432  973   95
9,8          3574 1316  110    2201  264   35    1373 1052   75
7,0          3571 1296  133    2174  282   44    1397 1014   89
9,4          3561 1280  159    2148  297   55    1413  983  104
7,9          3553 1314  133    2192  257   51    1361 1057   82
6,6          3551 1310  139    2170  285   45    1381 1025   94
8,2          3548 1297  155    2165  290   45    1383 1007  110
3,9          3530 1323  147    2168  285   47    1362 1038  100
4,5          3519 1326  155    2186  261   53    1333 1065  102
9,2          3517 1322  161    2155  295   50    1362 1027  111
1,2          3513 1350  137    2204  260   36    1309 1090  101
8,7          3508 1360  132    2209  254   37    1299 1106   95
1,3          3494 1364  142    2199  243   58    1295 1121   84
0,1          3491 1394  115    2167  292   41    1324 1102   74
1,8          3485 1371  144    2166  281   53    1319 1090   91
3,0          3484 1332  184    2189  262   49    1295 1070  135
1,0          3477 1386  137    2196  264   40    1281 1122   97
6,7          3476 1371  153    2178  268   54    1298 1103   99
9,7          3474 1372  154    2175  259   66    1299 1113   88
4,6          3461 1419  120    2209  249   42    1252 1170   78
3,4          3460 1374  166    2207  246   47    1253 1128  119
5,7          3460 1386  154    2190  254   56    1270 1132   98
1,4          3453 1400  147    2143  302   55    1310 1098   92
9,0          3449 1401  150    2152  288   60    1297 1113   90
7,4          3442 1408  150    2168  274   58    1274 1134   92
3,8          3440 1407  153    2141  308   51    1299 1099  102
2,8          3438 1436  126    2158  286   56    1280 1150   70
1,5          3427 1431  142    2175  286   39    1252 1145  103
4,0          3420 1417  163    2166  278   56    1254 1139  107
0,7          3416 1450  134    2144  298   58    1272 1152   76
7,3          3400 1453  147    2214  231   55    1186 1222   92
5,0          3398 1477  125    2178  285   37    1220 1192   88
7,5          3394 1463  143    2151  294   55    1243 1169   88
2,2          3392 1465  143    2181  272   47    1211 1193   96
5,6          3388 1456  156    2160  290   50    1228 1166  106
7,6          3384 1477  139    2118  339   43    1266 1138   96
0,2          3377 1462  161    2187  262   51    1190 1200  110
3,3          3377 1493  130    2148  305   47    1229 1188   83
6,1          3373 1473  154    2184  265   51    1189 1208  103
3,6          3366 1492  142    2165  294   41    1201 1198  101
8,5          3364 1475  161    2159  291   50    1205 1184  111
4,3          3361 1482  157    2163  281   56    1198 1201  101
3,2          3360 1505  135    2136  323   41    1224 1182   94
8,4          3354 1504  142    2160  285   55    1194 1219   87
9,6          3354 1514  132    2178  271   51    1176 1243   81
2,1          3348 1505  147    2162  289   49    1186 1216   98
6,0          3347 1508  145    2156  295   49    1191 1213   96
5,1          3346 1497  157    2169  288   43    1177 1209  114
3,1          3345 1506  149    2172  271   57    1173 1235   92
7,7          3344 1524  132    2166  287   47    1178 1237   85
3,5          3341 1503  156    2200  253   47    1141 1250  109
0,8          3338 1524  138    2204  258   38    1134 1266  100
9,3          3333 1515  152    2191  262   47    1142 1253  105
0,6          3332 1519  149    2192  264   44    1140 1255  105
5,5          3326 1548  126    2166  290   44    1160 1258   82
1,1          3319 1527  154    2160  289   51    1159 1238  103
8,9          3317 1524  159    2160  281   59    1157 1243  100
4,9          3315 1513  172    2189  255   56    1126 1258  116
5,9          3310 1546  144    2152  297   51    1158 1249   93
9,1          3310 1541  149    2184  268   48    1126 1273  101
2,0          3299 1565  136    2186  262   52    1113 1303   84
5,8          3291 1575  134    2204  255   41    1087 1320   93
0,5          3284 1545  171    2177  272   51    1107 1273  120
2,5          3284 1550  166    2163  285   52    1121 1265  114
2,9          3284 1564  152    2164  280   56    1120 1284   96
8,0          3283 1559  158    2127  312   61    1156 1247   97
9,9          3278 1582  140    2162  276   62    1116 1306   78
6,9          3259 1600  141    2152  291   57    1107 1309   84
6,8          3249 1596  155    2185  269   46    1064 1327  109
8,8          3246 1599  155    2212  237   51    1034 1362  104
7,1          3243 1619  138    2200  254   46    1043 1365   92
7,2          3242 1639  119    2175  282   43    1067 1357   76
2,7          3235 1609  156    2172  277   51    1063 1332  105
8,6          3223 1624  153    2161  283   56    1062 1341   97
5,2          3191 1647  162    2200  247   53     991 1400  109
6,5          3181 1667  152    2177  276   47    1004 1391  105
0,3          3175 1670  155    2164  283   53    1011 1387  102
6,4          3163 1703  134    2193  265   42     970 1438   92
2,4          3130 1720  150    2168  276   56     962 1444   94
6,3          3126 1724  150    2200  253   47     926 1471  103
4,8          3111 1744  145    2172  278   50     939 1466   95
6,2          3045 1808  147    2202  250   48     843 1558   99
4,7          3028 1827  145    2169  285   46     859 1542   99
9,5          3001 1848  151    2162  287   51     839 1561  100
5,3          2985 1876  139    2162  283   55     823 1593   84
8,1          2980 1854  166    2140  304   56     840 1550  110
100


Team A Total Wins: 339660
Ties: 14526

50x50 vs 7k

7k

Team A: 
Overall:           all             as Black          as White     
                W    L    T       W    L    T       W    L    T  
size: 100
1,9          3768 1107  125    2145  311   44    1623  796   81
5,4          3689 1170  141    2150  296   54    1539  874   87
0,4          3686 1186  128    2163  288   49    1523  898   79
1,6          3661 1208  131    2125  323   52    1536  885   79
7,8          3650 1214  136    2177  268   55    1473  946   81
8,3          3649 1210  141    2119  333   48    1530  877   93
0,0          3642 1238  120    2152  305   43    1490  933   77
3,7          3632 1220  148    2101  334   65    1531  886   83
2,3          3620 1219  161    2117  314   69    1503  905   92
4,2          3591 1259  150    2159  286   55    1432  973   95
4,1          3587 1247  166    2068  360   72    1519  887   94
2,6          3575 1289  136    2100  348   52    1475  941   84
4,4          3566 1289  145    2134  321   45    1432  968  100
1,7          3557 1266  177    2112  325   63    1445  941  114
0,9          3551 1295  154    2099  343   58    1452  952   96
7,0          3527 1325  148    2130  311   59    1397 1014   89
6,6          3498 1352  150    2117  327   56    1381 1025   94
9,4          3498 1344  158    2085  361   54    1413  983  104
9,8          3498 1373  129    2125  321   54    1373 1052   75
7,9          3487 1373  140    2126  316   58    1361 1057   82
4,5          3476 1376  148    2143  311   46    1333 1065  102
8,2          3474 1354  172    2091  347   62    1383 1007  110
3,9          3471 1376  153    2109  338   53    1362 1038  100
9,0          3465 1394  141    2168  281   51    1297 1113   90
1,4          3459 1393  148    2149  295   56    1310 1098   92
9,2          3451 1380  169    2089  353   58    1362 1027  111
0,1          3449 1430  121    2125  328   47    1324 1102   74
3,0          3444 1382  174    2149  312   39    1295 1070  135
6,7          3444 1412  144    2146  309   45    1298 1103   99
7,4          3427 1431  142    2153  297   50    1274 1134   92
1,8          3425 1420  155    2106  330   64    1319 1090   91
1,2          3421 1415  164    2112  325   63    1309 1090  101
9,7          3420 1433  147    2121  320   59    1299 1113   88
0,7          3419 1460  121    2147  308   45    1272 1152   76
3,8          3417 1418  165    2118  319   63    1299 1099  102
1,0          3415 1430  155    2134  308   58    1281 1122   97
8,7          3414 1423  163    2115  317   68    1299 1106   95
4,0          3412 1424  164    2158  285   57    1254 1139  107
7,6          3410 1449  141    2144  311   45    1266 1138   96
2,8          3396 1472  132    2116  322   62    1280 1150   70
5,7          3394 1463  143    2124  331   45    1270 1132   98
4,6          3392 1488  120    2140  318   42    1252 1170   78
7,5          3388 1470  142    2145  301   54    1243 1169   88
3,2          3382 1480  138    2158  298   44    1224 1182   94
1,5          3380 1462  158    2128  317   55    1252 1145  103
3,4          3371 1447  182    2118  319   63    1253 1128  119
3,3          3369 1491  140    2140  303   57    1229 1188   83
5,0          3350 1515  135    2130  323   47    1220 1192   88
1,3          3347 1506  147    2052  385   63    1295 1121   84
4,3          3345 1512  143    2147  311   42    1198 1201  101
8,5          3342 1494  164    2137  310   53    1205 1184  111
2,2          3339 1502  159    2128  309   63    1211 1193   96
5,9          3333 1527  140    2175  278   47    1158 1249   93
8,4          3318 1544  138    2124  325   51    1194 1219   87
7,3          3314 1542  144    2128  320   52    1186 1222   92
7,7          3314 1552  134    2136  315   49    1178 1237   85
8,9          3306 1538  156    2149  295   56    1157 1243  100
9,6          3303 1562  135    2127  319   54    1176 1243   81
5,5          3301 1547  152    2141  289   70    1160 1258   82
5,1          3298 1534  168    2121  325   54    1177 1209  114
9,3          3298 1553  149    2156  300   44    1142 1253  105
3,1          3293 1560  147    2120  325   55    1173 1235   92
8,0          3291 1562  147    2135  315   50    1156 1247   97
2,1          3289 1549  162    2103  333   64    1186 1216   98
9,1          3289 1559  152    2163  286   51    1126 1273  101
0,2          3287 1538  175    2097  338   65    1190 1200  110
5,6          3287 1545  168    2059  379   62    1228 1166  106
0,8          3285 1574  141    2151  308   41    1134 1266  100
3,6          3281 1561  158    2080  363   57    1201 1198  101
6,0          3279 1579  142    2088  366   46    1191 1213   96
6,1          3265 1566  169    2076  358   66    1189 1208  103
2,0          3257 1605  138    2144  302   54    1113 1303   84
3,5          3257 1562  181    2116  312   72    1141 1250  109
4,9          3248 1592  160    2122  334   44    1126 1258  116
1,1          3245 1587  168    2086  349   65    1159 1238  103
0,6          3238 1610  152    2098  355   47    1140 1255  105
0,5          3237 1589  174    2130  316   54    1107 1273  120
9,9          3223 1644  133    2107  338   55    1116 1306   78
2,9          3221 1626  153    2101  342   57    1120 1284   96
7,2          3219 1630  151    2152  273   75    1067 1357   76
2,5          3218 1603  179    2097  338   65    1121 1265  114
6,9          3204 1659  137    2097  350   53    1107 1309   84
6,8          3202 1635  163    2138  308   54    1064 1327  109
8,6          3196 1650  154    2134  309   57    1062 1341   97
2,7          3168 1664  168    2105  332   63    1063 1332  105
5,8          3162 1670  168    2075  350   75    1087 1320   93
5,2          3147 1699  154    2156  299   45     991 1400  109
7,1          3138 1710  152    2095  345   60    1043 1365   92
6,4          3134 1726  140    2164  288   48     970 1438   92
8,8          3133 1715  152    2099  353   48    1034 1362  104
6,5          3131 1716  153    2127  325   48    1004 1391  105
0,3          3125 1709  166    2114  322   64    1011 1387  102
2,4          3097 1746  157    2135  302   63     962 1444   94
4,8          3051 1805  144    2112  339   49     939 1466   95
6,3          3049 1786  165    2123  315   62     926 1471  103
4,7          2997 1850  153    2138  308   54     859 1542   99
5,3          2979 1883  138    2156  290   54     823 1593   84
8,1          2979 1860  161    2139  310   51     840 1550  110
6,2          2968 1872  160    2125  314   61     843 1558   99
9,5          2939 1906  155    2100  345   55     839 1561  100
100


Team A Total Wins: 334833
Ties: 15080

8k

Team A: 
Overall:           all             as Black          as White     
                W    L    T       W    L    T       W    L    T  
size: 100
1,9          3717 1140  143    2094  344   62    1623  796   81
1,6          3680 1176  144    2144  291   65    1536  885   79
5,4          3679 1179  142    2140  305   55    1539  874   87
8,3          3651 1208  141    2121  331   48    1530  877   93
4,1          3635 1207  158    2116  320   64    1519  887   94
3,7          3622 1241  137    2091  355   54    1531  886   83
2,6          3616 1240  144    2141  299   60    1475  941   84
0,4          3612 1253  135    2089  355   56    1523  898   79
7,8          3597 1260  143    2124  314   62    1473  946   81
2,3          3581 1268  151    2078  363   59    1503  905   92
0,0          3574 1295  131    2084  362   54    1490  933   77
1,7          3560 1265  175    2115  324   61    1445  941  114
0,9          3533 1311  156    2081  359   60    1452  952   96
4,2          3533 1308  159    2101  335   64    1432  973   95
9,8          3533 1334  133    2160  282   58    1373 1052   75
9,4          3522 1313  165    2109  330   61    1413  983  104
4,4          3513 1332  155    2081  364   55    1432  968  100
7,0          3503 1345  152    2106  331   63    1397 1014   89
9,2          3493 1344  163    2131  317   52    1362 1027  111
3,9          3488 1351  161    2126  313   61    1362 1038  100
7,9          3462 1400  138    2101  343   56    1361 1057   82
6,6          3459 1389  152    2078  364   58    1381 1025   94
4,5          3453 1386  161    2120  321   59    1333 1065  102
8,2          3450 1378  172    2067  371   62    1383 1007  110
1,8          3436 1421  143    2117  331   52    1319 1090   91
1,2          3428 1411  161    2119  321   60    1309 1090  101
3,0          3417 1393  190    2122  323   55    1295 1070  135
0,1          3413 1466  121    2089  364   47    1324 1102   74
1,0          3409 1430  161    2128  308   64    1281 1122   97
9,0          3409 1453  138    2112  340   48    1297 1113   90
0,7          3408 1466  126    2136  314   50    1272 1152   76
5,7          3406 1453  141    2136  321   43    1270 1132   98
3,8          3405 1421  174    2106  322   72    1299 1099  102
4,0          3404 1433  163    2150  294   56    1254 1139  107
1,3          3403 1468  129    2108  347   45    1295 1121   84
1,4          3398 1453  149    2088  355   57    1310 1098   92
7,4          3398 1453  149    2124  319   57    1274 1134   92
2,8          3387 1477  136    2107  327   66    1280 1150   70
7,6          3383 1470  147    2117  332   51    1266 1138   96
3,4          3378 1431  191    2125  303   72    1253 1128  119
9,7          3371 1479  150    2072  366   62    1299 1113   88
6,7          3365 1477  158    2067  374   59    1298 1103   99
4,6          3358 1506  136    2106  336   58    1252 1170   78
1,5          3357 1483  160    2105  338   57    1252 1145  103
8,7          3351 1504  145    2052  398   50    1299 1106   95
2,2          3343 1500  157    2132  307   61    1211 1193   96
7,5          3339 1514  147    2096  345   59    1243 1169   88
3,3          3338 1515  147    2109  327   64    1229 1188   83
8,4          3325 1533  142    2131  314   55    1194 1219   87
5,0          3319 1550  131    2099  358   43    1220 1192   88
7,3          3318 1528  154    2132  306   62    1186 1222   92
8,5          3312 1532  156    2107  348   45    1205 1184  111
6,1          3307 1536  157    2118  328   54    1189 1208  103
3,1          3306 1556  138    2133  321   46    1173 1235   92
4,3          3300 1530  170    2102  329   69    1198 1201  101
3,6          3298 1547  155    2097  349   54    1201 1198  101
5,6          3298 1545  157    2070  379   51    1228 1166  106
3,2          3293 1555  152    2069  373   58    1224 1182   94
5,1          3292 1531  177    2115  322   63    1177 1209  114
2,1          3288 1555  157    2102  339   59    1186 1216   98
5,9          3286 1566  148    2128  317   55    1158 1249   93
3,5          3285 1551  164    2144  301   55    1141 1250  109
4,9          3285 1561  154    2159  303   38    1126 1258  116
0,2          3281 1541  178    2091  341   68    1190 1200  110
7,7          3271 1583  146    2093  346   61    1178 1237   85
9,1          3266 1576  158    2140  303   57    1126 1273  101
9,3          3264 1575  161    2122  322   56    1142 1253  105
5,5          3261 1583  156    2101  325   74    1160 1258   82
1,1          3260 1584  156    2101  346   53    1159 1238  103
6,0          3254 1596  150    2063  383   54    1191 1213   96
0,6          3244 1584  172    2104  329   67    1140 1255  105
9,6          3241 1611  148    2065  368   67    1176 1243   81
8,9          3236 1602  162    2079  359   62    1157 1243  100
2,9          3235 1607  158    2115  323   62    1120 1284   96
2,5          3226 1618  156    2105  353   42    1121 1265  114
5,8          3220 1641  139    2133  321   46    1087 1320   93
9,9          3217 1627  156    2101  321   78    1116 1306   78
2,0          3216 1646  138    2103  343   54    1113 1303   84
8,0          3206 1630  164    2050  383   67    1156 1247   97
6,9          3205 1642  153    2098  333   69    1107 1309   84
0,5          3204 1619  177    2097  346   57    1107 1273  120
0,8          3202 1641  157    2068  375   57    1134 1266  100
2,7          3195 1648  157    2132  316   52    1063 1332  105
7,2          3194 1682  124    2127  325   48    1067 1357   76
8,6          3165 1675  160    2103  334   63    1062 1341   97
6,8          3162 1670  168    2098  343   59    1064 1327  109
0,3          3135 1705  160    2124  318   58    1011 1387  102
6,5          3135 1701  164    2131  310   59    1004 1391  105
7,1          3129 1721  150    2086  356   58    1043 1365   92
6,4          3117 1741  142    2147  303   50     970 1438   92
5,2          3106 1742  152    2115  342   43     991 1400  109
8,8          3092 1731  177    2058  369   73    1034 1362  104
2,4          3074 1781  145    2112  337   51     962 1444   94
6,3          3065 1774  161    2139  303   58     926 1471  103
4,8          3041 1813  146    2102  347   51     939 1466   95
9,5          2966 1890  144    2127  329   44     839 1561  100
4,7          2954 1901  145    2095  359   46     859 1542   99
5,3          2944 1919  137    2121  326   53     823 1593   84
6,2          2928 1921  151    2085  363   52     843 1558   99
8,1          2879 1950  171    2039  400   61     840 1550  110
100


Team A Total Wins: 333072
Ties: 15281

9k

Team A: 
Overall:           all             as Black          as White     
                W    L    T       W    L    T       W    L    T  
size: 100
1,9          3759 1106  135    2136  310   54    1623  796   81
1,6          3683 1185  132    2147  300   53    1536  885   79
0,4          3645 1225  130    2122  327   51    1523  898   79
4,1          3638 1216  146    2119  329   52    1519  887   94
5,4          3623 1226  151    2084  352   64    1539  874   87
8,3          3622 1241  137    2092  364   44    1530  877   93
2,3          3608 1242  150    2105  337   58    1503  905   92
2,6          3604 1259  137    2129  318   53    1475  941   84
0,9          3602 1242  156    2150  290   60    1452  952   96
3,7          3599 1254  147    2068  368   64    1531  886   83
0,0          3587 1274  139    2097  341   62    1490  933   77
7,8          3578 1277  145    2105  331   64    1473  946   81
4,4          3550 1299  151    2118  331   51    1432  968  100
4,2          3546 1303  151    2114  330   56    1432  973   95
1,7          3535 1275  190    2090  334   76    1445  941  114
7,0          3507 1335  158    2110  321   69    1397 1014   89
8,2          3503 1324  173    2120  317   63    1383 1007  110
6,6          3493 1361  146    2112  336   52    1381 1025   94
9,4          3479 1344  177    2066  361   73    1413  983  104
4,5          3456 1380  164    2123  315   62    1333 1065  102
0,1          3451 1413  136    2127  311   62    1324 1102   74
3,9          3439 1404  157    2077  366   57    1362 1038  100
1,3          3432 1441  127    2137  320   43    1295 1121   84
1,2          3429 1420  151    2120  330   50    1309 1090  101
1,8          3426 1419  155    2107  329   64    1319 1090   91
9,8          3424 1442  134    2051  390   59    1373 1052   75
7,9          3422 1428  150    2061  371   68    1361 1057   82
9,2          3415 1396  189    2053  369   78    1362 1027  111
3,0          3406 1404  190    2111  334   55    1295 1070  135
9,0          3393 1452  155    2096  339   65    1297 1113   90
1,0          3389 1454  157    2108  332   60    1281 1122   97
0,7          3387 1481  132    2115  329   56    1272 1152   76
2,8          3384 1481  135    2104  331   65    1280 1150   70
1,4          3379 1456  165    2069  358   73    1310 1098   92
7,6          3368 1484  148    2102  346   52    1266 1138   96
8,7          3368 1473  159    2069  367   64    1299 1106   95
3,8          3367 1471  162    2068  372   60    1299 1099  102
5,7          3365 1476  159    2095  344   61    1270 1132   98
6,7          3356 1476  168    2058  373   69    1298 1103   99
7,5          3350 1504  146    2107  335   58    1243 1169   88
9,7          3349 1500  151    2050  387   63    1299 1113   88
1,5          3347 1489  164    2095  344   61    1252 1145  103
4,6          3343 1506  151    2091  336   73    1252 1170   78
3,2          3335 1495  170    2111  313   76    1224 1182   94
3,3          3329 1531  140    2100  343   57    1229 1188   83
3,4          3329 1460  211    2076  332   92    1253 1128  119
7,3          3319 1532  149    2133  310   57    1186 1222   92
5,6          3318 1525  157    2090  359   51    1228 1166  106
7,4          3318 1529  153    2044  395   61    1274 1134   92
8,4          3316 1549  135    2122  330   48    1194 1219   87
3,1          3312 1534  154    2139  299   62    1173 1235   92
4,0          3311 1499  190    2057  360   83    1254 1139  107
3,6          3302 1531  167    2101  333   66    1201 1198  101
8,0          3302 1547  151    2146  300   54    1156 1247   97
9,6          3298 1567  135    2122  324   54    1176 1243   81
0,2          3297 1533  170    2107  333   60    1190 1200  110
4,3          3292 1546  162    2094  345   61    1198 1201  101
8,5          3292 1544  164    2087  360   53    1205 1184  111
5,0          3289 1568  143    2069  376   55    1220 1192   88
2,2          3288 1551  161    2077  358   65    1211 1193   96
2,1          3286 1553  161    2100  337   63    1186 1216   98
5,1          3268 1559  173    2091  350   59    1177 1209  114
6,0          3261 1606  133    2070  393   37    1191 1213   96
9,1          3261 1579  160    2135  306   59    1126 1273  101
9,3          3253 1598  149    2111  345   44    1142 1253  105
6,1          3250 1585  165    2061  377   62    1189 1208  103
7,7          3250 1620  130    2072  383   45    1178 1237   85
0,8          3244 1600  156    2110  334   56    1134 1266  100
2,5          3244 1593  163    2123  328   49    1121 1265  114
5,5          3244 1603  153    2084  345   71    1160 1258   82
3,5          3242 1571  187    2101  321   78    1141 1250  109
5,9          3239 1610  151    2081  361   58    1158 1249   93
0,6          3235 1580  185    2095  325   80    1140 1255  105
2,0          3231 1625  144    2118  322   60    1113 1303   84
1,1          3230 1596  174    2071  358   71    1159 1238  103
0,5          3217 1616  167    2110  343   47    1107 1273  120
2,9          3212 1623  165    2092  339   69    1120 1284   96
8,9          3209 1636  155    2052  393   55    1157 1243  100
4,9          3204 1625  171    2078  367   55    1126 1258  116
2,7          3203 1640  157    2140  308   52    1063 1332  105
6,9          3202 1659  139    2095  350   55    1107 1309   84
9,9          3192 1671  137    2076  365   59    1116 1306   78
7,2          3174 1691  135    2107  334   59    1067 1357   76
5,8          3160 1675  165    2073  355   72    1087 1320   93
8,6          3149 1701  150    2087  360   53    1062 1341   97
7,1          3141 1712  147    2098  347   55    1043 1365   92
6,8          3126 1701  173    2062  374   64    1064 1327  109
5,2          3116 1723  161    2125  323   52     991 1400  109
6,5          3107 1724  169    2103  333   64    1004 1391  105
8,8          3081 1748  171    2047  386   67    1034 1362  104
2,4          3065 1784  151    2103  340   57     962 1444   94
0,3          3061 1768  171    2050  381   69    1011 1387  102
6,4          3061 1785  154    2091  347   62     970 1438   92
4,8          3046 1798  156    2107  332   61     939 1466   95
6,3          3011 1828  161    2085  357   58     926 1471  103
8,1          2977 1860  163    2137  310   53     840 1550  110
4,7          2934 1903  163    2075  361   64     859 1542   99
6,2          2890 1951  159    2047  393   60     843 1558   99
5,3          2883 1969  148    2060  376   64     823 1593   84
9,5          2845 1981  174    2006  420   74     839 1561  100
100


Team A Total Wins: 331857
Ties: 15614

10k

Team A: 
Overall:           all             as Black          as White     
                W    L    T       W    L    T       W    L    T  
size: 100
1,9          3736 1124  140    2113  328   59    1623  796   81
8,3          3686 1172  142    2156  295   49    1530  877   93
1,6          3676 1185  139    2140  300   60    1536  885   79
2,3          3663 1201  136    2160  296   44    1503  905   92
4,1          3646 1198  156    2127  311   62    1519  887   94
7,8          3643 1235  122    2170  289   41    1473  946   81
0,4          3635 1229  136    2112  331   57    1523  898   79
5,4          3610 1244  146    2071  370   59    1539  874   87
3,7          3609 1237  154    2078  351   71    1531  886   83
0,0          3603 1261  136    2113  328   59    1490  933   77
9,4          3597 1245  158    2184  262   54    1413  983  104
4,4          3568 1273  159    2136  305   59    1432  968  100
0,9          3565 1286  149    2113  334   53    1452  952   96
4,2          3561 1288  151    2129  315   56    1432  973   95
1,7          3555 1277  168    2110  336   54    1445  941  114
2,6          3546 1313  141    2071  372   57    1475  941   84
7,0          3536 1318  146    2139  304   57    1397 1014   89
6,6          3534 1311  155    2153  286   61    1381 1025   94
9,8          3516 1355  129    2143  303   54    1373 1052   75
9,2          3513 1310  177    2151  283   66    1362 1027  111
7,9          3510 1352  138    2149  295   56    1361 1057   82
3,9          3495 1354  151    2133  316   51    1362 1038  100
8,2          3495 1335  170    2112  328   60    1383 1007  110
0,1          3466 1407  127    2142  305   53    1324 1102   74
4,5          3465 1369  166    2132  304   64    1333 1065  102
8,7          3463 1390  147    2164  284   52    1299 1106   95
0,7          3448 1422  130    2176  270   54    1272 1152   76
7,6          3448 1407  145    2182  269   49    1266 1138   96
1,8          3444 1418  138    2125  328   47    1319 1090   91
9,0          3443 1411  146    2146  298   56    1297 1113   90
1,2          3430 1406  164    2121  316   63    1309 1090  101
1,3          3427 1439  134    2132  318   50    1295 1121   84
7,4          3427 1435  138    2153  301   46    1274 1134   92
9,7          3427 1426  147    2128  313   59    1299 1113   88
3,2          3424 1437  139    2200  255   45    1224 1182   94
3,0          3422 1399  179    2127  329   44    1295 1070  135
5,7          3422 1428  150    2152  296   52    1270 1132   98
1,4          3421 1427  152    2111  329   60    1310 1098   92
6,7          3418 1425  157    2120  322   58    1298 1103   99
2,8          3416 1462  122    2136  312   52    1280 1150   70
1,5          3406 1427  167    2154  282   64    1252 1145  103
3,8          3404 1435  161    2105  336   59    1299 1099  102
1,0          3400 1451  149    2119  329   52    1281 1122   97
3,3          3383 1483  134    2154  295   51    1229 1188   83
4,0          3380 1460  160    2126  321   53    1254 1139  107
3,4          3374 1455  171    2121  327   52    1253 1128  119
7,7          3371 1493  136    2193  256   51    1178 1237   85
4,6          3370 1483  147    2118  313   69    1252 1170   78
5,0          3369 1497  134    2149  305   46    1220 1192   88
2,2          3368 1479  153    2157  286   57    1211 1193   96
5,6          3368 1464  168    2140  298   62    1228 1166  106
7,5          3368 1487  145    2125  318   57    1243 1169   88
6,1          3367 1475  158    2178  267   55    1189 1208  103
8,5          3355 1476  169    2150  292   58    1205 1184  111
8,4          3345 1511  144    2151  292   57    1194 1219   87
6,0          3344 1505  151    2153  292   55    1191 1213   96
5,1          3335 1491  174    2158  282   60    1177 1209  114
4,3          3331 1514  155    2133  313   54    1198 1201  101
2,1          3326 1508  166    2140  292   68    1186 1216   98
5,5          3326 1535  139    2166  277   57    1160 1258   82
7,3          3326 1532  142    2140  310   50    1186 1222   92
3,6          3314 1527  159    2113  329   58    1201 1198  101
9,6          3312 1545  143    2136  302   62    1176 1243   81
0,2          3310 1524  166    2120  324   56    1190 1200  110
8,0          3308 1553  139    2152  306   42    1156 1247   97
1,1          3300 1532  168    2141  294   65    1159 1238  103
9,3          3300 1537  163    2158  284   58    1142 1253  105
3,5          3299 1547  154    2158  297   45    1141 1250  109
5,9          3295 1545  160    2137  296   67    1158 1249   93
3,1          3293 1550  157    2120  315   65    1173 1235   92
8,9          3290 1555  155    2133  312   55    1157 1243  100
2,5          3287 1542  171    2166  277   57    1121 1265  114
6,9          3287 1576  137    2180  267   53    1107 1309   84
0,5          3278 1554  168    2171  281   48    1107 1273  120
0,6          3275 1564  161    2135  309   56    1140 1255  105
9,1          3273 1590  137    2147  317   36    1126 1273  101
4,9          3272 1571  157    2146  313   41    1126 1258  116
0,8          3266 1572  162    2132  306   62    1134 1266  100
2,0          3259 1602  139    2146  299   55    1113 1303   84
9,9          3259 1596  145    2143  290   67    1116 1306   78
7,2          3254 1618  128    2187  261   52    1067 1357   76
2,9          3249 1593  158    2129  309   62    1120 1284   96
8,6          3223 1630  147    2161  289   50    1062 1341   97
5,8          3209 1639  152    2122  319   59    1087 1320   93
2,7          3196 1652  152    2133  320   47    1063 1332  105
7,1          3195 1660  145    2152  295   53    1043 1365   92
6,8          3191 1639  170    2127  312   61    1064 1327  109
0,3          3166 1690  144    2155  303   42    1011 1387  102
6,5          3153 1687  160    2149  296   55    1004 1391  105
2,4          3146 1707  147    2184  263   53     962 1444   94
8,8          3137 1691  172    2103  329   68    1034 1362  104
6,4          3117 1722  161    2147  284   69     970 1438   92
5,2          3116 1722  162    2125  322   53     991 1400  109
6,3          3093 1747  160    2167  276   57     926 1471  103
4,8          3065 1779  156    2126  313   61     939 1466   95
4,7          3012 1819  169    2153  277   70     859 1542   99
6,2          3001 1839  160    2158  281   61     843 1558   99
8,1          2999 1841  160    2159  291   50     840 1550  110
5,3          2997 1879  124    2174  286   40     823 1593   84
9,5          2985 1868  147    2146  307   47     839 1561  100
100


Team A Total Wins: 336506
Ties: 15118
