
1 vs 1k

Team A: 
Overall:           all             as Black          as White     
                W    L    T       W    L    T       W    L    T  
size: 100
4,1          3419 1411  170    1900  524   76    1519  887   94
1,6          3412 1427  161    1876  542   82    1536  885   79
2,3          3409 1424  167    1906  519   75    1503  905   92
1,9          3391 1425  184    1768  629  103    1623  796   81
8,3          3352 1471  177    1822  594   84    1530  877   93
0,0          3346 1507  147    1856  574   70    1490  933   77
7,8          3335 1495  170    1862  549   89    1473  946   81
0,4          3333 1506  161    1810  608   82    1523  898   79
1,7          3319 1491  190    1874  550   76    1445  941  114
5,4          3317 1524  159    1778  650   72    1539  874   87
3,7          3305 1539  156    1774  653   73    1531  886   83
0,9          3286 1522  192    1834  570   96    1452  952   96
4,2          3279 1551  170    1847  578   75    1432  973   95
2,6          3269 1566  165    1794  625   81    1475  941   84
9,4          3268 1563  169    1855  580   65    1413  983  104
4,4          3252 1572  176    1820  604   76    1432  968  100
7,0          3249 1585  166    1852  571   77    1397 1014   89
9,8          3245 1597  158    1872  545   83    1373 1052   75
6,7          3223 1608  169    1925  505   70    1298 1103   99
4,0          3208 1624  168    1954  485   61    1254 1139  107
7,9          3196 1651  153    1835  594   71    1361 1057   82
1,2          3190 1640  170    1881  550   69    1309 1090  101
1,0          3186 1641  173    1905  519   76    1281 1122   97
1,8          3178 1647  175    1859  557   84    1319 1090   91
3,9          3173 1650  177    1811  612   77    1362 1038  100
3,3          3170 1681  149    1941  493   66    1229 1188   83
3,0          3161 1630  209    1866  560   74    1295 1070  135
0,1          3159 1698  143    1835  596   69    1324 1102   74
8,7          3157 1661  182    1858  555   87    1299 1106   95
6,6          3144 1685  171    1763  660   77    1381 1025   94
1,4          3129 1708  163    1819  610   71    1310 1098   92
4,5          3122 1684  194    1789  619   92    1333 1065  102
9,2          3118 1695  187    1756  668   76    1362 1027  111
0,7          3103 1743  154    1831  591   78    1272 1152   76
1,3          3100 1726  174    1805  605   90    1295 1121   84
4,3          3098 1727  175    1900  526   74    1198 1201  101
3,8          3095 1722  183    1796  623   81    1299 1099  102
8,4          3095 1734  171    1901  515   84    1194 1219   87
5,6          3086 1737  177    1858  571   71    1228 1166  106
2,8          3079 1762  159    1799  612   89    1280 1150   70
2,1          3076 1750  174    1890  534   76    1186 1216   98
5,1          3076 1726  198    1899  517   84    1177 1209  114
8,2          3069 1729  202    1686  722   92    1383 1007  110
0,2          3056 1771  173    1866  571   63    1190 1200  110
2,2          3042 1781  177    1831  588   81    1211 1193   96
5,0          3041 1784  175    1821  592   87    1220 1192   88
3,4          3039 1785  176    1786  657   57    1253 1128  119
6,1          3037 1787  176    1848  579   73    1189 1208  103
4,6          3026 1821  153    1774  651   75    1252 1170   78
5,7          3025 1796  179    1755  664   81    1270 1132   98
1,5          3024 1799  177    1772  654   74    1252 1145  103
3,2          3023 1794  183    1799  612   89    1224 1182   94
0,8          3022 1798  180    1888  532   80    1134 1266  100
0,5          3020 1786  194    1913  513   74    1107 1273  120
3,1          3020 1804  176    1847  569   84    1173 1235   92
4,9          3017 1781  202    1891  523   86    1126 1258  116
3,6          3015 1822  163    1814  624   62    1201 1198  101
1,1          3014 1800  186    1855  562   83    1159 1238  103
9,7          3012 1815  173    1713  702   85    1299 1113   88
9,3          2994 1821  185    1852  568   80    1142 1253  105
7,7          2993 1842  165    1815  605   80    1178 1237   85
9,0          2992 1831  177    1695  718   87    1297 1113   90
9,9          2992 1846  162    1876  540   84    1116 1306   78
6,9          2984 1858  158    1877  549   74    1107 1309   84
0,6          2983 1835  182    1843  580   77    1140 1255  105
8,5          2982 1823  195    1777  639   84    1205 1184  111
5,9          2980 1844  176    1822  595   83    1158 1249   93
9,6          2980 1852  168    1804  609   87    1176 1243   81
7,4          2978 1861  161    1704  727   69    1274 1134   92
5,8          2975 1860  165    1888  540   72    1087 1320   93
5,5          2969 1864  167    1809  606   85    1160 1258   82
7,5          2967 1847  186    1724  678   98    1243 1169   88
3,5          2959 1848  193    1818  598   84    1141 1250  109
2,9          2957 1861  182    1837  577   86    1120 1284   96
2,0          2949 1889  162    1836  586   78    1113 1303   84
6,0          2919 1901  180    1728  688   84    1191 1213   96
7,1          2900 1923  177    1857  558   85    1043 1365   92
8,0          2896 1918  186    1740  671   89    1156 1247   97
2,5          2890 1911  199    1769  646   85    1121 1265  114
9,1          2873 1952  175    1747  679   74    1126 1273  101
7,6          2871 1949  180    1605  811   84    1266 1138   96
8,9          2870 1929  201    1713  686  101    1157 1243  100
5,2          2861 1943  196    1870  543   87     991 1400  109
7,3          2860 1960  180    1674  738   88    1186 1222   92
6,4          2850 1967  183    1880  529   91     970 1438   92
2,4          2841 1999  160    1879  555   66     962 1444   94
8,8          2841 1981  178    1807  619   74    1034 1362  104
6,5          2840 1981  179    1836  590   74    1004 1391  105
7,2          2819 2019  162    1752  662   86    1067 1357   76
8,6          2802 2018  180    1740  677   83    1062 1341   97
0,3          2798 2031  171    1787  644   69    1011 1387  102
4,8          2783 2048  169    1844  582   74     939 1466   95
2,7          2777 2019  204    1714  687   99    1063 1332  105
6,3          2772 2056  172    1846  585   69     926 1471  103
6,8          2690 2118  192    1626  791   83    1064 1327  109
5,3          2688 2142  170    1865  549   86     823 1593   84
6,2          2686 2152  162    1843  594   63     843 1558   99
4,7          2659 2161  180    1800  619   81     859 1542   99
9,5          2494 2308  198    1655  747   98     839 1561  100
8,1          2486 2304  210    1646  754  100     840 1550  110
100


Team A Total Wins: 304010
Ties: 17559

1 vs 2k

Team A: 
Overall:           all             as Black          as White     
                W    L    T       W    L    T       W    L    T  
size: 100
1,9          3479 1377  144    1856  581   63    1623  796   81
5,4          3399 1455  146    1860  581   59    1539  874   87
7,8          3390 1460  150    1917  514   69    1473  946   81
0,9          3369 1483  148    1917  531   52    1452  952   96
4,1          3351 1484  165    1832  597   71    1519  887   94
1,6          3334 1507  159    1798  622   80    1536  885   79
2,3          3327 1506  167    1824  601   75    1503  905   92
0,0          3318 1531  151    1828  598   74    1490  933   77
4,2          3310 1510  180    1878  537   85    1432  973   95
8,3          3302 1529  169    1772  652   76    1530  877   93
0,4          3284 1545  171    1761  647   92    1523  898   79
7,9          3268 1587  145    1907  530   63    1361 1057   82
9,4          3264 1545  191    1851  562   87    1413  983  104
4,4          3239 1587  174    1807  619   74    1432  968  100
3,7          3236 1584  180    1705  698   97    1531  886   83
1,7          3234 1567  199    1789  626   85    1445  941  114
2,6          3225 1602  173    1750  661   89    1475  941   84
6,6          3201 1619  180    1820  594   86    1381 1025   94
3,9          3186 1638  176    1824  600   76    1362 1038  100
9,8          3180 1661  159    1807  609   84    1373 1052   75
7,0          3177 1659  164    1780  645   75    1397 1014   89
8,2          3174 1641  185    1791  634   75    1383 1007  110
4,5          3162 1662  176    1829  597   74    1333 1065  102
7,4          3153 1669  178    1879  535   86    1274 1134   92
3,0          3146 1652  202    1851  582   67    1295 1070  135
1,4          3139 1703  158    1829  605   66    1310 1098   92
4,0          3137 1687  176    1883  548   69    1254 1139  107
7,5          3135 1704  161    1892  535   73    1243 1169   88
1,2          3132 1687  181    1823  597   80    1309 1090  101
6,7          3126 1689  185    1828  586   86    1298 1103   99
9,7          3126 1717  157    1827  604   69    1299 1113   88
1,3          3125 1731  144    1830  610   60    1295 1121   84
8,7          3125 1715  160    1826  609   65    1299 1106   95
1,8          3119 1724  157    1800  634   66    1319 1090   91
9,0          3119 1712  169    1822  599   79    1297 1113   90
5,0          3114 1726  160    1894  534   72    1220 1192   88
1,0          3112 1718  170    1831  596   73    1281 1122   97
0,7          3107 1750  143    1835  598   67    1272 1152   76
1,5          3105 1715  180    1853  570   77    1252 1145  103
5,7          3105 1717  178    1835  585   80    1270 1132   98
3,2          3099 1731  170    1875  549   76    1224 1182   94
0,1          3096 1758  146    1772  656   72    1324 1102   74
8,5          3095 1716  189    1890  532   78    1205 1184  111
2,2          3088 1743  169    1877  550   73    1211 1193   96
7,6          3071 1766  163    1805  628   67    1266 1138   96
9,2          3069 1742  189    1707  715   78    1362 1027  111
8,4          3064 1766  170    1870  547   83    1194 1219   87
3,8          3061 1748  191    1762  649   89    1299 1099  102
2,8          3052 1796  152    1772  646   82    1280 1150   70
8,0          3047 1783  170    1891  536   73    1156 1247   97
3,6          3042 1786  172    1841  588   71    1201 1198  101
5,6          3038 1762  200    1810  596   94    1228 1166  106
4,6          3037 1815  148    1785  645   70    1252 1170   78
3,4          3034 1765  201    1781  637   82    1253 1128  119
6,0          3033 1806  161    1842  593   65    1191 1213   96
5,1          3020 1788  192    1843  579   78    1177 1209  114
8,9          3020 1807  173    1863  564   73    1157 1243  100
9,9          3020 1834  146    1904  528   68    1116 1306   78
2,1          3015 1811  174    1829  595   76    1186 1216   98
3,1          3013 1822  165    1840  587   73    1173 1235   92
5,9          3013 1817  170    1855  568   77    1158 1249   93
1,1          3005 1825  170    1846  587   67    1159 1238  103
4,3          3003 1804  193    1805  603   92    1198 1201  101
6,1          2998 1821  181    1809  613   78    1189 1208  103
7,3          2988 1825  187    1802  603   95    1186 1222   92
0,2          2984 1820  196    1794  620   86    1190 1200  110
2,9          2979 1858  163    1859  574   67    1120 1284   96
0,6          2975 1840  185    1835  585   80    1140 1255  105
7,7          2966 1873  161    1788  636   76    1178 1237   85
0,8          2965 1873  162    1831  607   62    1134 1266  100
9,6          2961 1870  169    1785  627   88    1176 1243   81
6,9          2960 1878  162    1853  569   78    1107 1309   84
3,3          2951 1881  168    1722  693   85    1229 1188   83
2,0          2949 1883  168    1836  580   84    1113 1303   84
5,5          2941 1887  172    1781  629   90    1160 1258   82
9,3          2941 1860  199    1799  607   94    1142 1253  105
4,9          2939 1873  188    1813  615   72    1126 1258  116
0,5          2936 1872  192    1829  599   72    1107 1273  120
6,8          2936 1888  176    1872  561   67    1064 1327  109
8,6          2935 1900  165    1873  559   68    1062 1341   97
2,5          2934 1867  199    1813  602   85    1121 1265  114
5,8          2925 1909  166    1838  589   73    1087 1320   93
3,5          2920 1890  190    1779  640   81    1141 1250  109
9,1          2918 1909  173    1792  636   72    1126 1273  101
8,8          2915 1918  167    1881  556   63    1034 1362  104
7,1          2914 1900  186    1871  535   94    1043 1365   92
2,7          2890 1919  191    1827  587   86    1063 1332  105
0,3          2851 1970  179    1840  583   77    1011 1387  102
7,2          2834 2006  160    1767  649   84    1067 1357   76
6,3          2822 1992  186    1896  521   83     926 1471  103
5,2          2799 2007  194    1808  607   85     991 1400  109
2,4          2795 2025  180    1833  581   86     962 1444   94
6,5          2772 2048  180    1768  657   75    1004 1391  105
6,4          2754 2074  172    1784  636   80     970 1438   92
4,8          2685 2143  172    1746  677   77     939 1466   95
6,2          2681 2135  184    1838  577   85     843 1558   99
4,7          2678 2147  175    1819  605   76     859 1542   99
5,3          2663 2188  149    1840  595   65     823 1593   84
8,1          2661 2145  194    1821  595   84     840 1550  110
9,5          2649 2181  170    1810  620   70     839 1561  100
100


Team A Total Wins: 304933
Ties: 17246

1 vs 3k

Team A: 
Overall:           all             as Black          as White     
                W    L    T       W    L    T       W    L    T  
size: 100
1,9          3386 1448  166    1763  652   85    1623  796   81
0,4          3333 1527  140    1810  629   61    1523  898   79
8,3          3325 1493  182    1795  616   89    1530  877   93
5,4          3302 1525  173    1763  651   86    1539  874   87
2,6          3294 1531  175    1819  590   91    1475  941   84
1,6          3293 1529  178    1757  644   99    1536  885   79
3,7          3266 1568  166    1735  682   83    1531  886   83
2,3          3256 1565  179    1753  660   87    1503  905   92
4,1          3240 1572  188    1721  685   94    1519  887   94
0,9          3227 1600  173    1775  648   77    1452  952   96
4,2          3217 1604  179    1785  631   84    1432  973   95
0,0          3204 1632  164    1714  699   87    1490  933   77
7,8          3202 1629  169    1729  683   88    1473  946   81
1,7          3177 1619  204    1732  678   90    1445  941  114
9,4          3170 1641  189    1757  658   85    1413  983  104
9,8          3161 1678  161    1788  626   86    1373 1052   75
6,6          3159 1681  160    1778  656   66    1381 1025   94
8,2          3151 1658  191    1768  651   81    1383 1007  110
4,4          3141 1656  203    1709  688  103    1432  968  100
7,9          3134 1684  182    1773  627  100    1361 1057   82
3,9          3130 1679  191    1768  641   91    1362 1038  100
9,7          3115 1712  173    1816  599   85    1299 1113   88
9,2          3112 1698  190    1750  671   79    1362 1027  111
7,0          3100 1714  186    1703  700   97    1397 1014   89
1,2          3089 1715  196    1780  625   95    1309 1090  101
0,7          3082 1763  155    1810  611   79    1272 1152   76
1,3          3079 1754  167    1784  633   83    1295 1121   84
9,0          3074 1766  160    1777  653   70    1297 1113   90
3,0          3073 1707  220    1778  637   85    1295 1070  135
5,7          3072 1753  175    1802  621   77    1270 1132   98
1,8          3071 1757  172    1752  667   81    1319 1090   91
1,4          3065 1769  166    1755  671   74    1310 1098   92
3,4          3065 1725  210    1812  597   91    1253 1128  119
0,1          3062 1765  173    1738  663   99    1324 1102   74
6,7          3050 1762  188    1752  659   89    1298 1103   99
4,5          3036 1772  192    1703  707   90    1333 1065  102
5,0          3031 1780  189    1811  588  101    1220 1192   88
9,6          3024 1810  166    1848  567   85    1176 1243   81
7,4          3023 1793  184    1749  659   92    1274 1134   92
7,6          3022 1790  188    1756  652   92    1266 1138   96
1,0          3017 1798  185    1736  676   88    1281 1122   97
3,2          3014 1809  177    1790  627   83    1224 1182   94
4,0          3014 1805  181    1760  666   74    1254 1139  107
8,7          3013 1800  187    1714  694   92    1299 1106   95
3,8          3010 1797  193    1711  698   91    1299 1099  102
7,5          3004 1819  177    1761  650   89    1243 1169   88
4,6          3001 1832  167    1749  662   89    1252 1170   78
2,2          3000 1824  176    1789  631   80    1211 1193   96
2,1          2995 1825  180    1809  609   82    1186 1216   98
2,8          2988 1868  144    1708  718   74    1280 1150   70
6,1          2986 1829  185    1797  621   82    1189 1208  103
1,5          2981 1812  207    1729  667  104    1252 1145  103
3,3          2977 1856  167    1748  668   84    1229 1188   83
5,6          2969 1824  207    1741  658  101    1228 1166  106
8,5          2965 1831  204    1760  647   93    1205 1184  111
3,6          2961 1854  185    1760  656   84    1201 1198  101
6,0          2953 1862  185    1762  649   89    1191 1213   96
0,2          2951 1847  202    1761  647   92    1190 1200  110
8,9          2947 1883  170    1790  640   70    1157 1243  100
4,3          2944 1877  179    1746  676   78    1198 1201  101
7,3          2940 1880  180    1754  658   88    1186 1222   92
5,1          2939 1849  212    1762  640   98    1177 1209  114
3,1          2936 1887  177    1763  652   85    1173 1235   92
0,5          2933 1866  201    1826  593   81    1107 1273  120
0,8          2927 1901  172    1793  635   72    1134 1266  100
0,6          2925 1907  168    1785  652   63    1140 1255  105
3,5          2922 1882  196    1781  632   87    1141 1250  109
9,1          2919 1890  191    1793  617   90    1126 1273  101
2,5          2916 1888  196    1795  623   82    1121 1265  114
8,0          2905 1901  194    1749  654   97    1156 1247   97
1,1          2901 1917  182    1742  679   79    1159 1238  103
9,3          2901 1929  170    1759  676   65    1142 1253  105
8,4          2900 1932  168    1706  713   81    1194 1219   87
4,9          2884 1904  212    1758  646   96    1126 1258  116
6,9          2876 1968  156    1769  659   72    1107 1309   84
7,7          2870 1945  185    1692  708  100    1178 1237   85
5,9          2867 1954  179    1709  705   86    1158 1249   93
5,5          2864 1961  175    1704  703   93    1160 1258   82
2,9          2854 1962  184    1734  678   88    1120 1284   96
2,0          2850 1973  177    1737  670   93    1113 1303   84
7,2          2843 1990  167    1776  633   91    1067 1357   76
9,9          2820 2017  163    1704  711   85    1116 1306   78
5,8          2818 1988  194    1731  668  101    1087 1320   93
2,7          2793 2009  198    1730  677   93    1063 1332  105
2,4          2778 2050  172    1816  606   78     962 1444   94
6,8          2778 2040  182    1714  713   73    1064 1327  109
5,2          2776 2033  191    1785  633   82     991 1400  109
0,3          2774 2039  187    1763  652   85    1011 1387  102
8,8          2765 2060  175    1731  698   71    1034 1362  104
8,6          2762 2049  189    1700  708   92    1062 1341   97
7,1          2752 2061  187    1709  696   95    1043 1365   92
6,5          2738 2063  199    1734  672   94    1004 1391  105
4,7          2689 2125  186    1830  583   87     859 1542   99
6,4          2673 2148  179    1703  710   87     970 1438   92
4,8          2663 2156  181    1724  690   86     939 1466   95
6,3          2650 2165  185    1724  694   82     926 1471  103
6,2          2600 2218  182    1757  660   83     843 1558   99
5,3          2599 2235  166    1776  642   82     823 1593   84
9,5          2583 2233  184    1744  672   84     839 1561  100
8,1          2573 2235  192    1733  685   82     840 1550  110
100


Team A Total Wins: 298159
Ties: 18155

1 vs 4k

Team A: 
Overall:           all             as Black          as White     
                W    L    T       W    L    T       W    L    T  
size: 100
1,9          3386 1468  146    1763  672   65    1623  796   81
3,7          3309 1528  163    1778  642   80    1531  886   83
5,4          3297 1536  167    1758  662   80    1539  874   87
8,3          3294 1531  175    1764  654   82    1530  877   93
1,6          3284 1553  163    1748  668   84    1536  885   79
4,1          3268 1569  163    1749  682   69    1519  887   94
0,9          3265 1560  175    1813  608   79    1452  952   96
0,4          3232 1599  169    1709  701   90    1523  898   79
2,6          3223 1622  155    1748  681   71    1475  941   84
2,3          3199 1615  186    1696  710   94    1503  905   92
7,8          3195 1635  170    1722  689   89    1473  946   81
0,0          3193 1641  166    1703  708   89    1490  933   77
4,2          3192 1633  175    1760  660   80    1432  973   95
1,7          3172 1629  199    1727  688   85    1445  941  114
4,4          3168 1647  185    1736  679   85    1432  968  100
4,5          3148 1673  179    1815  608   77    1333 1065  102
6,6          3133 1705  162    1752  680   68    1381 1025   94
9,4          3133 1680  187    1720  697   83    1413  983  104
3,9          3123 1699  178    1761  661   78    1362 1038  100
9,2          3093 1721  186    1731  694   75    1362 1027  111
8,2          3089 1714  197    1706  707   87    1383 1007  110
1,2          3088 1718  194    1779  628   93    1309 1090  101
7,0          3088 1745  167    1691  731   78    1397 1014   89
1,0          3086 1752  162    1805  630   65    1281 1122   97
6,7          3085 1743  172    1787  640   73    1298 1103   99
7,9          3071 1760  169    1710  703   87    1361 1057   82
3,8          3070 1748  182    1771  649   80    1299 1099  102
1,8          3066 1748  186    1747  658   95    1319 1090   91
8,7          3057 1768  175    1758  662   80    1299 1106   95
9,8          3052 1784  164    1679  732   89    1373 1052   75
0,1          3047 1786  167    1723  684   93    1324 1102   74
2,8          3044 1798  158    1764  648   88    1280 1150   70
3,0          3042 1754  204    1747  684   69    1295 1070  135
9,0          3035 1790  175    1738  677   85    1297 1113   90
7,4          3026 1796  178    1752  662   86    1274 1134   92
1,5          3023 1789  188    1771  644   85    1252 1145  103
4,6          3023 1798  179    1771  628  101    1252 1170   78
5,6          3020 1797  183    1792  631   77    1228 1166  106
4,0          3016 1797  187    1762  658   80    1254 1139  107
1,3          3012 1819  169    1717  698   85    1295 1121   84
5,7          3006 1807  187    1736  675   89    1270 1132   98
7,5          3005 1828  167    1762  659   79    1243 1169   88
7,6          2986 1824  190    1720  686   94    1266 1138   96
2,2          2984 1846  170    1773  653   74    1211 1193   96
1,4          2977 1842  181    1667  744   89    1310 1098   92
0,7          2974 1867  159    1702  715   83    1272 1152   76
9,7          2974 1844  182    1675  731   94    1299 1113   88
5,0          2971 1853  176    1751  661   88    1220 1192   88
3,3          2968 1856  176    1739  668   93    1229 1188   83
3,4          2965 1824  211    1712  696   92    1253 1128  119
8,4          2953 1867  180    1759  648   93    1194 1219   87
3,2          2951 1868  181    1727  686   87    1224 1182   94
3,6          2946 1866  188    1745  668   87    1201 1198  101
1,1          2936 1890  174    1777  652   71    1159 1238  103
6,1          2935 1870  195    1746  662   92    1189 1208  103
5,1          2930 1865  205    1753  656   91    1177 1209  114
2,9          2924 1911  165    1804  627   69    1120 1284   96
0,2          2922 1885  193    1732  685   83    1190 1200  110
8,5          2917 1866  217    1712  682  106    1205 1184  111
7,7          2916 1902  182    1738  665   97    1178 1237   85
2,1          2914 1902  184    1728  686   86    1186 1216   98
2,0          2903 1914  183    1790  611   99    1113 1303   84
3,1          2902 1909  189    1729  674   97    1173 1235   92
8,9          2901 1918  181    1744  675   81    1157 1243  100
0,8          2897 1901  202    1763  635  102    1134 1266  100
9,6          2897 1946  157    1721  703   76    1176 1243   81
2,5          2895 1904  201    1774  639   87    1121 1265  114
6,0          2895 1922  183    1704  709   87    1191 1213   96
5,5          2894 1944  162    1734  686   80    1160 1258   82
9,3          2893 1929  178    1751  676   73    1142 1253  105
7,3          2888 1944  168    1702  722   76    1186 1222   92
8,0          2888 1923  189    1732  676   92    1156 1247   97
3,5          2887 1907  206    1746  657   97    1141 1250  109
0,6          2883 1931  186    1743  676   81    1140 1255  105
9,1          2880 1936  184    1754  663   83    1126 1273  101
5,8          2869 1952  179    1782  632   86    1087 1320   93
9,9          2869 1963  168    1753  657   90    1116 1306   78
4,3          2863 1948  189    1665  747   88    1198 1201  101
6,9          2853 1973  174    1746  664   90    1107 1309   84
5,9          2846 1980  174    1688  731   81    1158 1249   93
2,7          2839 1975  186    1776  643   81    1063 1332  105
4,9          2827 1969  204    1701  711   88    1126 1258  116
6,8          2815 1992  193    1751  665   84    1064 1327  109
8,6          2805 2014  181    1743  673   84    1062 1341   97
0,5          2785 1998  217    1678  725   97    1107 1273  120
8,8          2776 2038  186    1742  676   82    1034 1362  104
6,5          2756 2064  180    1752  673   75    1004 1391  105
7,2          2756 2065  179    1689  708  103    1067 1357   76
5,2          2754 2045  201    1763  645   92     991 1400  109
0,3          2738 2076  186    1727  689   84    1011 1387  102
7,1          2736 2090  174    1693  725   82    1043 1365   92
6,4          2723 2100  177    1753  662   85     970 1438   92
2,4          2714 2118  168    1752  674   74     962 1444   94
4,8          2687 2133  180    1748  667   85     939 1466   95
9,5          2611 2200  189    1772  639   89     839 1561  100
5,3          2607 2222  171    1784  629   87     823 1593   84
8,1          2606 2195  199    1766  645   89     840 1550  110
4,7          2604 2203  193    1745  661   94     859 1542   99
6,3          2603 2190  207    1677  719  104     926 1471  103
6,2          2594 2235  171    1751  677   72     843 1558   99
100


Team A Total Wins: 296540
Ties: 18063

1 vs 5k

Team A: 
Overall:           all             as Black          as White     
                W    L    T       W    L    T       W    L    T  
size: 100
1,9          3300 1539  161    1677  743   80    1623  796   81
8,3          3256 1562  182    1726  685   89    1530  877   93
0,4          3242 1610  148    1719  712   69    1523  898   79
1,6          3229 1607  164    1693  722   85    1536  885   79
2,3          3220 1598  182    1717  693   90    1503  905   92
3,7          3211 1619  170    1680  733   87    1531  886   83
5,4          3209 1606  185    1670  732   98    1539  874   87
4,1          3204 1626  170    1685  739   76    1519  887   94
0,9          3164 1663  173    1712  711   77    1452  952   96
0,0          3153 1694  153    1663  761   76    1490  933   77
1,7          3137 1666  197    1692  725   83    1445  941  114
9,4          3135 1678  187    1722  695   83    1413  983  104
7,8          3134 1698  168    1661  752   87    1473  946   81
4,2          3128 1679  193    1696  706   98    1432  973   95
7,0          3128 1705  167    1731  691   78    1397 1014   89
4,4          3125 1663  212    1693  695  112    1432  968  100
7,9          3090 1730  180    1729  673   98    1361 1057   82
3,9          3069 1745  186    1707  707   86    1362 1038  100
6,6          3060 1770  170    1679  745   76    1381 1025   94
9,8          3056 1781  163    1683  729   88    1373 1052   75
2,6          3048 1771  181    1573  830   97    1475  941   84
4,5          3040 1767  193    1707  702   91    1333 1065  102
8,2          3035 1775  190    1652  768   80    1383 1007  110
9,2          3034 1770  196    1672  743   85    1362 1027  111
9,0          3017 1815  168    1720  702   78    1297 1113   90
1,8          2997 1826  177    1678  736   86    1319 1090   91
6,7          2996 1819  185    1698  716   86    1298 1103   99
0,1          2994 1852  154    1670  750   80    1324 1102   74
1,3          2993 1838  169    1698  717   85    1295 1121   84
2,8          2990 1845  165    1710  695   95    1280 1150   70
1,4          2988 1835  177    1678  737   85    1310 1098   92
7,5          2988 1849  163    1745  680   75    1243 1169   88
3,8          2986 1829  185    1687  730   83    1299 1099  102
5,7          2986 1813  201    1716  681  103    1270 1132   98
9,7          2985 1835  180    1686  722   92    1299 1113   88
8,7          2981 1833  186    1682  727   91    1299 1106   95
7,6          2979 1830  191    1713  692   95    1266 1138   96
1,2          2977 1833  190    1668  743   89    1309 1090  101
3,4          2976 1832  192    1723  704   73    1253 1128  119
1,0          2972 1833  195    1691  711   98    1281 1122   97
5,6          2972 1846  182    1744  680   76    1228 1166  106
1,5          2970 1826  204    1718  681  101    1252 1145  103
4,6          2967 1875  158    1715  705   80    1252 1170   78
3,0          2965 1802  233    1670  732   98    1295 1070  135
0,7          2964 1876  160    1692  724   84    1272 1152   76
4,0          2960 1848  192    1706  709   85    1254 1139  107
7,4          2951 1857  192    1677  723  100    1274 1134   92
7,3          2933 1875  192    1747  653  100    1186 1222   92
3,3          2927 1908  165    1698  720   82    1229 1188   83
2,1          2923 1890  187    1737  674   89    1186 1216   98
2,2          2920 1881  199    1709  688  103    1211 1193   96
8,0          2920 1909  171    1764  662   74    1156 1247   97
3,6          2902 1914  184    1701  716   83    1201 1198  101
4,3          2898 1932  170    1700  731   69    1198 1201  101
8,5          2897 1896  207    1692  712   96    1205 1184  111
6,1          2884 1919  197    1695  711   94    1189 1208  103
8,4          2883 1943  174    1689  724   87    1194 1219   87
3,1          2882 1953  165    1709  718   73    1173 1235   92
0,2          2880 1918  202    1690  718   92    1190 1200  110
5,5          2879 1960  161    1719  702   79    1160 1258   82
5,1          2875 1923  202    1698  714   88    1177 1209  114
3,5          2874 1922  204    1733  672   95    1141 1250  109
2,5          2871 1943  186    1750  678   72    1121 1265  114
5,0          2868 1959  173    1648  767   85    1220 1192   88
9,6          2856 1977  167    1680  734   86    1176 1243   81
0,6          2854 1968  178    1714  713   73    1140 1255  105
1,1          2845 1958  197    1686  720   94    1159 1238  103
8,9          2845 1967  188    1688  724   88    1157 1243  100
9,3          2840 1975  185    1698  722   80    1142 1253  105
7,7          2829 1998  173    1651  761   88    1178 1237   85
6,0          2817 2006  177    1626  793   81    1191 1213   96
9,9          2817 2022  161    1701  716   83    1116 1306   78
5,9          2813 2014  173    1655  765   80    1158 1249   93
0,5          2805 1999  196    1698  726   76    1107 1273  120
3,2          2802 2020  178    1578  838   84    1224 1182   94
2,0          2795 2018  187    1682  715  103    1113 1303   84
5,8          2791 2021  188    1704  701   95    1087 1320   93
9,1          2788 2022  190    1662  749   89    1126 1273  101
2,9          2783 2028  189    1663  744   93    1120 1284   96
4,9          2777 2014  209    1651  756   93    1126 1258  116
7,2          2772 2068  160    1705  711   84    1067 1357   76
6,9          2771 2057  172    1664  748   88    1107 1309   84
0,8          2755 2077  168    1621  811   68    1134 1266  100
8,6          2745 2079  176    1683  738   79    1062 1341   97
6,8          2739 2063  198    1675  736   89    1064 1327  109
2,7          2734 2083  183    1671  751   78    1063 1332  105
7,1          2730 2096  174    1687  731   82    1043 1365   92
0,3          2702 2115  183    1691  728   81    1011 1387  102
6,5          2700 2100  200    1696  709   95    1004 1391  105
2,4          2676 2138  186    1714  694   92     962 1444   94
5,2          2638 2172  190    1647  772   81     991 1400  109
8,8          2637 2155  208    1603  793  104    1034 1362  104
6,3          2632 2171  197    1706  700   94     926 1471  103
6,4          2619 2208  173    1649  770   81     970 1438   92
4,8          2592 2223  185    1653  757   90     939 1466   95
4,7          2577 2244  179    1718  702   80     859 1542   99
6,2          2557 2267  176    1714  709   77     843 1558   99
8,1          2555 2256  189    1715  706   79     840 1550  110
9,5          2531 2286  183    1692  725   83     839 1561  100
5,3          2486 2331  183    1663  738   99     823 1593   84
100


Team A Total Wins: 291382
Ties: 18208

1 vs 6k

Team A: 
Overall:           all             as Black          as White     
                W    L    T       W    L    T       W    L    T  
size: 100
1,9          3266 1565  169    1643  769   88    1623  796   81
1,6          3249 1585  166    1713  700   87    1536  885   79
8,3          3246 1593  161    1716  716   68    1530  877   93
5,4          3223 1604  173    1684  730   86    1539  874   87
3,7          3194 1635  171    1663  749   88    1531  886   83
4,1          3183 1626  191    1664  739   97    1519  887   94
0,4          3180 1662  158    1657  764   79    1523  898   79
2,3          3176 1652  172    1673  747   80    1503  905   92
0,0          3167 1673  160    1677  740   83    1490  933   77
7,8          3159 1674  167    1686  728   86    1473  946   81
2,6          3144 1683  173    1669  742   89    1475  941   84
4,2          3144 1682  174    1712  709   79    1432  973   95
0,9          3130 1677  193    1678  725   97    1452  952   96
1,7          3119 1691  190    1674  750   76    1445  941  114
6,6          3107 1691  202    1726  666  108    1381 1025   94
9,4          3107 1715  178    1694  732   74    1413  983  104
9,8          3092 1747  161    1719  695   86    1373 1052   75
9,0          3055 1773  172    1758  660   82    1297 1113   90
4,4          3054 1761  185    1622  793   85    1432  968  100
4,5          3041 1770  189    1708  705   87    1333 1065  102
7,0          3026 1793  181    1629  779   92    1397 1014   89
7,9          3026 1798  176    1665  741   94    1361 1057   82
8,2          3025 1767  208    1642  760   98    1383 1007  110
9,2          3025 1758  217    1663  731  106    1362 1027  111
3,8          3008 1805  187    1709  706   85    1299 1099  102
1,4          3000 1814  186    1690  716   94    1310 1098   92
7,4          2991 1842  167    1717  708   75    1274 1134   92
1,3          2981 1851  168    1686  730   84    1295 1121   84
1,8          2981 1832  187    1662  742   96    1319 1090   91
5,0          2979 1857  164    1759  665   76    1220 1192   88
0,1          2978 1862  160    1654  760   86    1324 1102   74
4,6          2978 1877  145    1726  707   67    1252 1170   78
3,9          2975 1837  188    1613  799   88    1362 1038  100
1,2          2954 1862  184    1645  772   83    1309 1090  101
3,4          2954 1845  201    1701  717   82    1253 1128  119
9,7          2952 1852  196    1653  739  108    1299 1113   88
2,8          2941 1897  162    1661  747   92    1280 1150   70
1,5          2939 1877  184    1687  732   81    1252 1145  103
7,5          2937 1903  160    1694  734   72    1243 1169   88
8,7          2935 1894  171    1636  788   76    1299 1106   95
3,0          2930 1855  215    1635  785   80    1295 1070  135
6,7          2929 1881  190    1631  778   91    1298 1103   99
1,0          2924 1896  180    1643  774   83    1281 1122   97
2,2          2917 1903  180    1706  710   84    1211 1193   96
5,9          2912 1936  152    1754  687   59    1158 1249   93
0,7          2908 1913  179    1636  761  103    1272 1152   76
4,0          2908 1892  200    1654  753   93    1254 1139  107
5,7          2908 1906  186    1638  774   88    1270 1132   98
9,3          2908 1889  203    1766  636   98    1142 1253  105
4,3          2901 1920  179    1703  719   78    1198 1201  101
7,6          2900 1910  190    1634  772   94    1266 1138   96
6,0          2898 1919  183    1707  706   87    1191 1213   96
8,5          2890 1905  205    1685  721   94    1205 1184  111
0,6          2887 1930  183    1747  675   78    1140 1255  105
3,3          2887 1946  167    1658  758   84    1229 1188   83
9,6          2885 1946  169    1709  703   88    1176 1243   81
5,6          2883 1932  185    1655  766   79    1228 1166  106
8,4          2883 1955  162    1689  736   75    1194 1219   87
1,1          2871 1947  182    1712  709   79    1159 1238  103
6,1          2869 1949  182    1680  741   79    1189 1208  103
3,2          2860 1975  165    1636  793   71    1224 1182   94
3,6          2854 1959  187    1653  761   86    1201 1198  101
0,2          2848 1946  206    1658  746   96    1190 1200  110
5,5          2844 1990  166    1684  732   84    1160 1258   82
8,0          2844 1965  191    1688  718   94    1156 1247   97
7,7          2843 2008  149    1665  771   64    1178 1237   85
4,9          2837 1971  192    1711  713   76    1126 1258  116
7,3          2834 2007  159    1648  785   67    1186 1222   92
9,1          2830 1983  187    1704  710   86    1126 1273  101
8,9          2829 1976  195    1672  733   95    1157 1243  100
2,1          2826 1988  186    1640  772   88    1186 1216   98
5,1          2819 1994  187    1642  785   73    1177 1209  114
9,9          2803 2028  169    1687  722   91    1116 1306   78
2,0          2801 2011  188    1688  708  104    1113 1303   84
0,5          2795 1993  212    1688  720   92    1107 1273  120
6,9          2789 2033  178    1682  724   94    1107 1309   84
3,1          2783 2044  173    1610  809   81    1173 1235   92
6,8          2763 2059  178    1699  732   69    1064 1327  109
0,8          2753 2063  184    1619  797   84    1134 1266  100
2,9          2750 2055  195    1630  771   99    1120 1284   96
3,5          2750 2051  199    1609  801   90    1141 1250  109
5,8          2745 2086  169    1658  766   76    1087 1320   93
7,2          2732 2110  158    1665  753   82    1067 1357   76
2,5          2727 2067  206    1606  802   92    1121 1265  114
7,1          2726 2095  179    1683  730   87    1043 1365   92
5,2          2722 2079  199    1731  679   90     991 1400  109
8,8          2720 2096  184    1686  734   80    1034 1362  104
2,7          2717 2106  177    1654  774   72    1063 1332  105
6,5          2710 2088  202    1706  697   97    1004 1391  105
8,6          2706 2125  169    1644  784   72    1062 1341   97
0,3          2696 2129  175    1685  742   73    1011 1387  102
2,4          2660 2146  194    1698  702  100     962 1444   94
6,3          2610 2194  196    1684  723   93     926 1471  103
4,8          2608 2197  195    1669  731  100     939 1466   95
6,4          2602 2224  174    1632  786   82     970 1438   92
4,7          2525 2292  183    1666  750   84     859 1542   99
8,1          2520 2296  184    1680  746   74     840 1550  110
9,5          2518 2312  170    1679  751   70     839 1561  100
5,3          2486 2328  186    1663  735  102     823 1593   84
6,2          2485 2320  195    1642  762   96     843 1558   99
100


Team A Total Wins: 289889
Ties: 18110

1 vs 7k

Team A: 
Overall:           all             as Black          as White     
                W    L    T       W    L    T       W    L    T  
size: 100
1,9          3337 1496  167    1714  700   86    1623  796   81
4,1          3274 1547  179    1755  660   85    1519  887   94
0,4          3256 1587  157    1733  689   78    1523  898   79
7,8          3222 1606  172    1749  660   91    1473  946   81
0,0          3220 1616  164    1730  683   87    1490  933   77
2,3          3212 1616  172    1709  711   80    1503  905   92
8,3          3181 1643  176    1651  766   83    1530  877   93
4,2          3141 1687  172    1709  714   77    1432  973   95
5,4          3141 1689  170    1602  815   83    1539  874   87
1,6          3131 1699  170    1595  814   91    1536  885   79
7,9          3129 1709  162    1768  652   80    1361 1057   82
6,6          3121 1725  154    1740  700   60    1381 1025   94
3,7          3110 1735  155    1579  849   72    1531  886   83
0,9          3108 1715  177    1656  763   81    1452  952   96
7,0          3104 1723  173    1707  709   84    1397 1014   89
8,2          3093 1711  196    1710  704   86    1383 1007  110
9,4          3085 1733  182    1672  750   78    1413  983  104
9,8          3084 1779  137    1711  727   62    1373 1052   75
0,1          3077 1772  151    1753  670   77    1324 1102   74
9,0          3073 1747  180    1776  634   90    1297 1113   90
2,6          3069 1770  161    1594  829   77    1475  941   84
1,7          3068 1731  201    1623  790   87    1445  941  114
4,4          3064 1746  190    1632  778   90    1432  968  100
1,2          3047 1761  192    1738  671   91    1309 1090  101
9,7          3040 1796  164    1741  683   76    1299 1113   88
9,2          3027 1775  198    1665  748   87    1362 1027  111
0,7          3026 1815  159    1754  663   83    1272 1152   76
1,8          3026 1801  173    1707  711   82    1319 1090   91
1,4          3023 1787  190    1713  689   98    1310 1098   92
6,7          3018 1794  188    1720  691   89    1298 1103   99
4,0          3015 1793  192    1761  654   85    1254 1139  107
3,0          3012 1761  227    1717  691   92    1295 1070  135
5,7          3010 1814  176    1740  682   78    1270 1132   98
3,9          2990 1829  181    1628  791   81    1362 1038  100
1,3          2989 1836  175    1694  715   91    1295 1121   84
4,5          2989 1828  183    1656  763   81    1333 1065  102
1,0          2982 1842  176    1701  720   79    1281 1122   97
2,2          2974 1845  181    1763  652   85    1211 1193   96
5,0          2974 1859  167    1754  667   79    1220 1192   88
3,8          2971 1841  188    1672  742   86    1299 1099  102
5,6          2965 1852  183    1737  686   77    1228 1166  106
3,1          2960 1863  177    1787  628   85    1173 1235   92
3,2          2958 1858  184    1734  676   90    1224 1182   94
7,6          2945 1877  178    1679  739   82    1266 1138   96
7,4          2939 1871  190    1665  737   98    1274 1134   92
6,0          2933 1897  170    1742  684   74    1191 1213   96
6,1          2933 1856  211    1744  648  108    1189 1208  103
3,3          2929 1894  177    1700  706   94    1229 1188   83
4,6          2928 1917  155    1676  747   77    1252 1170   78
7,5          2928 1896  176    1685  727   88    1243 1169   88
5,1          2925 1872  203    1748  663   89    1177 1209  114
0,2          2923 1877  200    1733  677   90    1190 1200  110
4,3          2923 1886  191    1725  685   90    1198 1201  101
3,4          2920 1874  206    1667  746   87    1253 1128  119
2,8          2906 1936  158    1626  786   88    1280 1150   70
7,7          2903 1919  178    1725  682   93    1178 1237   85
8,5          2903 1898  199    1698  714   88    1205 1184  111
8,9          2901 1914  185    1744  671   85    1157 1243  100
9,6          2897 1941  162    1721  698   81    1176 1243   81
8,4          2894 1937  169    1700  718   82    1194 1219   87
2,1          2887 1924  189    1701  708   91    1186 1216   98
1,1          2884 1928  188    1725  690   85    1159 1238  103
8,7          2871 1941  188    1572  835   93    1299 1106   95
3,6          2870 1951  179    1669  753   78    1201 1198  101
1,5          2857 1953  190    1605  808   87    1252 1145  103
7,3          2857 1969  174    1671  747   82    1186 1222   92
8,0          2844 1985  171    1688  738   74    1156 1247   97
5,9          2843 1978  179    1685  729   86    1158 1249   93
2,9          2842 1974  184    1722  690   88    1120 1284   96
9,9          2834 2000  166    1718  694   88    1116 1306   78
5,5          2819 2011  170    1659  753   88    1160 1258   82
5,8          2817 2011  172    1730  691   79    1087 1320   93
6,9          2817 2020  163    1710  711   79    1107 1309   84
7,2          2813 2032  155    1746  675   79    1067 1357   76
0,8          2808 2009  183    1674  743   83    1134 1266  100
8,6          2805 2025  170    1743  684   73    1062 1341   97
2,0          2799 2022  179    1686  719   95    1113 1303   84
6,8          2783 2003  214    1719  676  105    1064 1327  109
9,1          2783 2030  187    1657  757   86    1126 1273  101
3,5          2772 2040  188    1631  790   79    1141 1250  109
7,1          2772 2039  189    1729  674   97    1043 1365   92
8,8          2769 2064  167    1735  702   63    1034 1362  104
0,6          2742 2063  195    1602  808   90    1140 1255  105
2,4          2731 2088  181    1769  644   87     962 1444   94
4,9          2729 2055  216    1603  797  100    1126 1258  116
9,3          2729 2076  195    1587  823   90    1142 1253  105
5,2          2720 2101  179    1729  701   70     991 1400  109
2,5          2702 2093  205    1581  828   91    1121 1265  114
2,7          2696 2111  193    1633  779   88    1063 1332  105
0,3          2688 2128  184    1677  741   82    1011 1387  102
0,5          2679 2090  231    1572  817  111    1107 1273  120
4,8          2605 2219  176    1666  753   81     939 1466   95
6,5          2597 2225  178    1593  834   73    1004 1391  105
8,1          2588 2232  180    1748  682   70     840 1550  110
6,4          2574 2239  187    1604  801   95     970 1438   92
9,5          2562 2258  180    1723  697   80     839 1561  100
6,2          2557 2266  177    1714  708   78     843 1558   99
4,7          2535 2274  191    1676  732   92     859 1542   99
6,3          2498 2293  209    1572  822  106     926 1471  103
5,3          2401 2425  174    1578  832   90     823 1593   84
100


Team A Total Wins: 291405
Ties: 18056

1 vs 8k

Team A: 
Overall:           all             as Black          as White     
                W    L    T       W    L    T       W    L    T  
size: 100
1,9          3374 1453  173    1751  657   92    1623  796   81
5,4          3252 1570  178    1713  696   91    1539  874   87
8,3          3247 1584  169    1717  707   76    1530  877   93
0,4          3240 1607  153    1717  709   74    1523  898   79
3,7          3240 1583  177    1709  697   94    1531  886   83
1,6          3238 1586  176    1702  701   97    1536  885   79
2,3          3238 1595  167    1735  690   75    1503  905   92
1,7          3237 1575  188    1792  634   74    1445  941  114
4,1          3229 1603  168    1710  716   74    1519  887   94
7,8          3229 1605  166    1756  659   85    1473  946   81
4,4          3212 1605  183    1780  637   83    1432  968  100
2,6          3209 1643  148    1734  702   64    1475  941   84
0,9          3184 1636  180    1732  684   84    1452  952   96
0,0          3181 1655  164    1691  722   87    1490  933   77
4,2          3160 1666  174    1728  693   79    1432  973   95
7,0          3141 1683  176    1744  669   87    1397 1014   89
8,2          3135 1682  183    1752  675   73    1383 1007  110
6,6          3120 1716  164    1739  691   70    1381 1025   94
9,8          3109 1727  164    1736  675   89    1373 1052   75
9,2          3104 1709  187    1742  682   76    1362 1027  111
9,4          3096 1700  204    1683  717  100    1413  983  104
1,8          3092 1739  169    1773  649   78    1319 1090   91
3,0          3083 1698  219    1788  628   84    1295 1070  135
1,2          3076 1744  180    1767  654   79    1309 1090  101
3,9          3073 1754  173    1711  716   73    1362 1038  100
0,1          3065 1778  157    1741  676   83    1324 1102   74
6,7          3050 1773  177    1752  670   78    1298 1103   99
4,5          3040 1778  182    1707  713   80    1333 1065  102
0,7          3031 1822  147    1759  670   71    1272 1152   76
9,0          3026 1794  180    1729  681   90    1297 1113   90
7,6          3025 1788  187    1759  650   91    1266 1138   96
7,9          3022 1820  158    1661  763   76    1361 1057   82
9,7          3022 1795  183    1723  682   95    1299 1113   88
5,7          3012 1798  190    1742  666   92    1270 1132   98
4,0          2988 1829  183    1734  690   76    1254 1139  107
8,7          2986 1819  195    1687  713  100    1299 1106   95
3,2          2985 1843  172    1761  661   78    1224 1182   94
1,3          2984 1831  185    1689  710  101    1295 1121   84
3,8          2982 1835  183    1683  736   81    1299 1099  102
1,4          2969 1854  177    1659  756   85    1310 1098   92
4,3          2969 1840  191    1771  639   90    1198 1201  101
2,8          2967 1877  156    1687  727   86    1280 1150   70
1,0          2964 1849  187    1683  727   90    1281 1122   97
3,4          2960 1834  206    1707  706   87    1253 1128  119
5,0          2957 1876  167    1737  684   79    1220 1192   88
1,5          2953 1871  176    1701  726   73    1252 1145  103
8,5          2953 1866  181    1748  682   70    1205 1184  111
5,9          2948 1880  172    1790  631   79    1158 1249   93
4,6          2946 1885  169    1694  715   91    1252 1170   78
7,7          2940 1896  164    1762  659   79    1178 1237   85
8,0          2937 1887  176    1781  640   79    1156 1247   97
3,3          2936 1888  176    1707  700   93    1229 1188   83
3,1          2927 1919  154    1754  684   62    1173 1235   92
2,2          2926 1900  174    1715  707   78    1211 1193   96
5,6          2923 1893  184    1695  727   78    1228 1166  106
2,1          2920 1888  192    1734  672   94    1186 1216   98
5,1          2920 1886  194    1743  677   80    1177 1209  114
9,6          2914 1922  164    1738  679   83    1176 1243   81
7,3          2910 1908  182    1724  686   90    1186 1222   92
7,4          2907 1908  185    1633  774   93    1274 1134   92
8,9          2906 1913  181    1749  670   81    1157 1243  100
0,8          2904 1908  188    1770  642   88    1134 1266  100
3,6          2900 1928  172    1699  730   71    1201 1198  101
0,2          2892 1908  200    1702  708   90    1190 1200  110
3,5          2888 1914  198    1747  664   89    1141 1250  109
1,1          2887 1942  171    1728  704   68    1159 1238  103
7,5          2884 1934  182    1641  765   94    1243 1169   88
2,5          2880 1919  201    1759  654   87    1121 1265  114
6,1          2874 1931  195    1685  723   92    1189 1208  103
0,5          2868 1929  203    1761  656   83    1107 1273  120
2,0          2868 1970  162    1755  667   78    1113 1303   84
5,5          2861 1960  179    1701  702   97    1160 1258   82
4,9          2859 1948  193    1733  690   77    1126 1258  116
9,3          2857 1968  175    1715  715   70    1142 1253  105
8,4          2854 1977  169    1660  758   82    1194 1219   87
9,9          2853 1973  174    1737  667   96    1116 1306   78
0,6          2848 1983  169    1708  728   64    1140 1255  105
6,0          2847 1965  188    1656  752   92    1191 1213   96
2,9          2836 1980  184    1716  696   88    1120 1284   96
9,1          2834 1979  187    1708  706   86    1126 1273  101
6,9          2827 2013  160    1720  704   76    1107 1309   84
6,8          2823 1988  189    1759  661   80    1064 1327  109
2,7          2806 2009  185    1743  677   80    1063 1332  105
7,2          2801 2046  153    1734  689   77    1067 1357   76
8,6          2800 2044  156    1738  703   59    1062 1341   97
5,8          2781 2052  167    1694  732   74    1087 1320   93
5,2          2763 2042  195    1772  642   86     991 1400  109
6,5          2750 2057  193    1746  666   88    1004 1391  105
2,4          2727 2103  170    1765  659   76     962 1444   94
8,8          2726 2102  172    1692  740   68    1034 1362  104
7,1          2710 2108  182    1667  743   90    1043 1365   92
4,8          2695 2135  170    1756  669   75     939 1466   95
0,3          2675 2125  200    1664  738   98    1011 1387  102
6,4          2665 2156  179    1695  718   87     970 1438   92
8,1          2593 2220  187    1753  670   77     840 1550  110
6,3          2592 2210  198    1666  739   95     926 1471  103
5,3          2572 2259  169    1749  666   85     823 1593   84
6,2          2570 2251  179    1727  693   80     843 1558   99
4,7          2550 2261  189    1691  719   90     859 1542   99
9,5          2503 2317  180    1664  756   80     839 1561  100
100


Team A Total Wins: 294792
Ties: 17833

1 vs 9k

Team A: 
Overall:           all             as Black          as White     
                W    L    T       W    L    T       W    L    T  
size: 100
1,9          3358 1477  165    1735  681   84    1623  796   81
3,7          3288 1540  172    1757  654   89    1531  886   83
8,3          3286 1550  164    1756  673   71    1530  877   93
1,6          3284 1567  149    1748  682   70    1536  885   79
0,4          3250 1603  147    1727  705   68    1523  898   79
5,4          3248 1571  181    1709  697   94    1539  874   87
4,1          3219 1606  175    1700  719   81    1519  887   94
0,0          3215 1619  166    1725  686   89    1490  933   77
2,3          3212 1602  186    1709  697   94    1503  905   92
0,9          3210 1610  180    1758  658   84    1452  952   96
7,8          3204 1627  169    1731  681   88    1473  946   81
2,6          3184 1651  165    1709  710   81    1475  941   84
1,7          3166 1648  186    1721  707   72    1445  941  114
4,4          3161 1681  158    1729  713   58    1432  968  100
8,2          3149 1662  189    1766  655   79    1383 1007  110
6,6          3142 1689  169    1761  664   75    1381 1025   94
9,2          3137 1682  181    1775  655   70    1362 1027  111
9,4          3137 1675  188    1724  692   84    1413  983  104
4,2          3114 1697  189    1682  724   94    1432  973   95
0,1          3102 1738  160    1778  636   86    1324 1102   74
1,4          3096 1730  174    1786  632   82    1310 1098   92
9,8          3096 1742  162    1723  690   87    1373 1052   75
7,9          3084 1737  179    1723  680   97    1361 1057   82
7,0          3078 1747  175    1681  733   86    1397 1014   89
6,7          3070 1743  187    1772  640   88    1298 1103   99
3,9          3061 1749  190    1699  711   90    1362 1038  100
4,5          3057 1771  172    1724  706   70    1333 1065  102
3,0          3036 1751  213    1741  681   78    1295 1070  135
1,3          3028 1812  160    1733  691   76    1295 1121   84
9,7          3025 1787  188    1726  674  100    1299 1113   88
8,7          3018 1800  182    1719  694   87    1299 1106   95
1,2          3017 1790  193    1708  700   92    1309 1090  101
1,5          3016 1789  195    1764  644   92    1252 1145  103
7,4          3007 1824  169    1733  690   77    1274 1134   92
9,0          3007 1817  176    1710  704   86    1297 1113   90
1,0          3002 1813  185    1721  691   88    1281 1122   97
2,8          2999 1849  152    1719  699   82    1280 1150   70
3,8          2992 1814  194    1693  715   92    1299 1099  102
1,8          2989 1833  178    1670  743   87    1319 1090   91
4,6          2981 1861  158    1729  691   80    1252 1170   78
5,1          2961 1850  189    1784  641   75    1177 1209  114
0,7          2958 1875  167    1686  723   91    1272 1152   76
5,7          2954 1851  195    1684  719   97    1270 1132   98
4,0          2950 1865  185    1696  726   78    1254 1139  107
5,6          2947 1864  189    1719  698   83    1228 1166  106
3,3          2943 1902  155    1714  714   72    1229 1188   83
8,5          2943 1856  201    1738  672   90    1205 1184  111
9,6          2940 1895  165    1764  652   84    1176 1243   81
7,3          2939 1882  179    1753  660   87    1186 1222   92
5,0          2937 1888  175    1717  696   87    1220 1192   88
3,4          2930 1868  202    1677  740   83    1253 1128  119
3,2          2927 1863  210    1703  681  116    1224 1182   94
2,2          2924 1887  189    1713  694   93    1211 1193   96
0,2          2914 1887  199    1724  687   89    1190 1200  110
6,1          2911 1907  182    1722  699   79    1189 1208  103
5,9          2907 1916  177    1749  667   84    1158 1249   93
7,6          2907 1910  183    1641  772   87    1266 1138   96
8,4          2904 1926  170    1710  707   83    1194 1219   87
3,1          2899 1926  175    1726  691   83    1173 1235   92
3,5          2896 1906  198    1755  656   89    1141 1250  109
4,3          2892 1931  177    1694  730   76    1198 1201  101
2,1          2891 1932  177    1705  716   79    1186 1216   98
7,7          2888 1941  171    1710  704   86    1178 1237   85
8,9          2886 1927  187    1729  684   87    1157 1243  100
1,1          2882 1899  219    1723  661  116    1159 1238  103
6,0          2881 1925  194    1690  712   98    1191 1213   96
2,5          2879 1939  182    1758  674   68    1121 1265  114
8,0          2877 1940  183    1721  693   86    1156 1247   97
7,5          2874 1938  188    1631  769  100    1243 1169   88
3,6          2870 1931  199    1669  733   98    1201 1198  101
4,9          2865 1925  210    1739  667   94    1126 1258  116
5,5          2860 1977  163    1700  719   81    1160 1258   82
9,1          2857 1951  192    1731  678   91    1126 1273  101
9,3          2848 1962  190    1706  709   85    1142 1253  105
0,5          2836 1961  203    1729  688   83    1107 1273  120
0,8          2835 1973  192    1701  707   92    1134 1266  100
2,0          2833 1994  173    1720  691   89    1113 1303   84
0,6          2832 1982  186    1692  727   81    1140 1255  105
9,9          2827 2000  173    1711  694   95    1116 1306   78
2,9          2817 1983  200    1697  699  104    1120 1284   96
7,2          2804 2047  149    1737  690   73    1067 1357   76
6,9          2795 2029  176    1688  720   92    1107 1309   84
5,8          2780 2044  176    1693  724   83    1087 1320   93
2,7          2777 2025  198    1714  693   93    1063 1332  105
6,8          2765 2057  178    1701  730   69    1064 1327  109
0,3          2758 2069  173    1747  682   71    1011 1387  102
7,1          2746 2080  174    1703  715   82    1043 1365   92
6,5          2735 2073  192    1731  682   87    1004 1391  105
8,6          2734 2089  177    1672  748   80    1062 1341   97
8,8          2716 2102  182    1682  740   78    1034 1362  104
6,4          2703 2117  180    1733  679   88     970 1438   92
2,4          2699 2127  174    1737  683   80     962 1444   94
5,2          2684 2112  204    1693  712   95     991 1400  109
6,3          2653 2149  198    1727  678   95     926 1471  103
4,8          2606 2192  202    1667  726  107     939 1466   95
5,3          2577 2254  169    1754  661   85     823 1593   84
9,5          2573 2252  175    1734  691   75     839 1561  100
8,1          2551 2247  202    1711  697   92     840 1550  110
4,7          2546 2257  197    1687  715   98     859 1542   99
6,2          2537 2297  166    1694  739   67     843 1558   99
100


Team A Total Wins: 294285
Ties: 18107

1 vs 10k

Team A: 
Overall:           all             as Black          as White     
                W    L    T       W    L    T       W    L    T  
size: 100
1,9          3356 1495  149    1733  699   68    1623  796   81
1,6          3301 1533  166    1765  648   87    1536  885   79
0,4          3282 1568  150    1759  670   71    1523  898   79
5,4          3279 1548  173    1740  674   86    1539  874   87
2,6          3273 1557  170    1798  616   86    1475  941   84
0,0          3264 1580  156    1774  647   79    1490  933   77
4,1          3258 1575  167    1739  688   73    1519  887   94
3,7          3252 1582  166    1721  696   83    1531  886   83
8,3          3238 1579  183    1708  702   90    1530  877   93
7,8          3227 1591  182    1754  645  101    1473  946   81
2,3          3211 1624  165    1708  719   73    1503  905   92
1,7          3207 1607  186    1762  666   72    1445  941  114
4,2          3177 1653  170    1745  680   75    1432  973   95
4,4          3177 1637  186    1745  669   86    1432  968  100
9,4          3168 1651  181    1755  668   77    1413  983  104
0,9          3155 1664  181    1703  712   85    1452  952   96
7,0          3153 1669  178    1756  655   89    1397 1014   89
9,2          3153 1654  193    1791  627   82    1362 1027  111
9,8          3146 1693  161    1773  641   86    1373 1052   75
6,6          3118 1702  180    1737  677   86    1381 1025   94
8,2          3117 1681  202    1734  674   92    1383 1007  110
4,5          3078 1753  169    1745  688   67    1333 1065  102
3,8          3075 1742  183    1776  643   81    1299 1099  102
7,9          3074 1764  162    1713  707   80    1361 1057   82
1,2          3073 1749  178    1764  659   77    1309 1090  101
0,1          3067 1782  151    1743  680   77    1324 1102   74
1,8          3064 1761  175    1745  671   84    1319 1090   91
9,0          3053 1786  161    1756  673   71    1297 1113   90
8,7          3052 1774  174    1753  668   79    1299 1106   95
1,0          3043 1781  176    1762  659   79    1281 1122   97
2,8          3042 1811  147    1762  661   77    1280 1150   70
0,7          3039 1807  154    1767  655   78    1272 1152   76
1,3          3038 1802  160    1743  681   76    1295 1121   84
7,4          3038 1781  181    1764  647   89    1274 1134   92
3,9          3036 1770  194    1674  732   94    1362 1038  100
9,7          3030 1808  162    1731  695   74    1299 1113   88
7,6          3024 1807  169    1758  669   73    1266 1138   96
1,4          3018 1809  173    1708  711   81    1310 1098   92
3,0          3017 1766  217    1722  696   82    1295 1070  135
1,5          3006 1825  169    1754  680   66    1252 1145  103
7,5          3003 1837  160    1760  668   72    1243 1169   88
5,7          3001 1817  182    1731  685   84    1270 1132   98
4,6          2991 1858  151    1739  688   73    1252 1170   78
3,3          2984 1852  164    1755  664   81    1229 1188   83
6,7          2981 1842  177    1683  739   78    1298 1103   99
5,6          2971 1835  194    1743  669   88    1228 1166  106
5,0          2968 1857  175    1748  665   87    1220 1192   88
4,0          2963 1840  197    1709  701   90    1254 1139  107
8,5          2959 1846  195    1754  662   84    1205 1184  111
2,1          2954 1874  172    1768  658   74    1186 1216   98
9,6          2954 1886  160    1778  643   79    1176 1243   81
3,4          2953 1859  188    1700  731   69    1253 1128  119
6,1          2945 1873  182    1756  665   79    1189 1208  103
5,5          2935 1906  159    1775  648   77    1160 1258   82
0,2          2934 1874  192    1744  674   82    1190 1200  110
4,3          2934 1866  200    1736  665   99    1198 1201  101
9,1          2934 1887  179    1808  614   78    1126 1273  101
1,1          2927 1899  174    1768  661   71    1159 1238  103
3,6          2926 1883  191    1725  685   90    1201 1198  101
6,0          2923 1890  187    1732  677   91    1191 1213   96
3,2          2922 1904  174    1698  722   80    1224 1182   94
0,6          2915 1911  174    1775  656   69    1140 1255  105
5,1          2915 1890  195    1738  681   81    1177 1209  114
8,9          2914 1905  181    1757  662   81    1157 1243  100
3,1          2911 1912  177    1738  677   85    1173 1235   92
8,4          2911 1922  167    1717  703   80    1194 1219   87
2,2          2907 1918  175    1696  725   79    1211 1193   96
2,9          2887 1925  188    1767  641   92    1120 1284   96
7,3          2883 1955  162    1697  733   70    1186 1222   92
9,9          2881 1968  151    1765  662   73    1116 1306   78
8,0          2879 1939  182    1723  692   85    1156 1247   97
5,9          2863 1958  179    1705  709   86    1158 1249   93
7,7          2863 1960  177    1685  723   92    1178 1237   85
6,9          2848 1981  171    1741  672   87    1107 1309   84
0,8          2846 1972  182    1712  706   82    1134 1266  100
0,5          2845 1946  209    1738  673   89    1107 1273  120
2,5          2843 1957  200    1722  692   86    1121 1265  114
2,7          2840 1984  176    1777  652   71    1063 1332  105
5,8          2834 1999  167    1747  679   74    1087 1320   93
2,0          2830 2002  168    1717  699   84    1113 1303   84
4,9          2827 1980  193    1701  722   77    1126 1258  116
3,5          2823 1988  189    1682  738   80    1141 1250  109
7,2          2823 2021  156    1756  664   80    1067 1357   76
8,6          2813 2010  177    1751  669   80    1062 1341   97
9,3          2804 2004  192    1662  751   87    1142 1253  105
8,8          2788 2028  184    1754  666   80    1034 1362  104
7,1          2787 2050  163    1744  685   71    1043 1365   92
5,2          2756 2047  197    1765  647   88     991 1400  109
0,3          2749 2066  185    1738  679   83    1011 1387  102
6,8          2738 2056  206    1674  729   97    1064 1327  109
6,5          2728 2086  186    1724  695   81    1004 1391  105
2,4          2715 2093  192    1753  649   98     962 1444   94
6,4          2715 2115  170    1745  677   78     970 1438   92
6,3          2666 2150  184    1740  679   81     926 1471  103
4,8          2661 2169  170    1722  703   75     939 1466   95
4,7          2647 2168  185    1788  626   86     859 1542   99
8,1          2583 2234  183    1743  684   73     840 1550  110
6,2          2569 2247  184    1726  689   85     843 1558   99
5,3          2565 2269  166    1742  676   82     823 1593   84
9,5          2532 2256  212    1693  695  112     839 1561  100
100


Team A Total Wins: 296345
Ties: 17708
