50x50 vs 0k

Team A: 
Overall:           all             as Black          as White     
                W    L    T       W    L    T       W    L    T  
size: 100
6,6          2936 1885  179    1555  860   85    1381 1025   94
1,6          2923 1893  184    1387 1008  105    1536  885   79
8,2          2872 1941  187    1489  934   77    1383 1007  110
8,3          2842 1978  180    1312 1101   87    1530  877   93
1,9          2834 2009  157    1211 1213   76    1623  796   81
0,9          2775 2053  172    1323 1101   76    1452  952   96
4,1          2757 2030  213    1238 1143  119    1519  887   94
5,4          2748 2069  183    1209 1195   96    1539  874   87
4,2          2733 2050  217    1301 1077  122    1432  973   95
9,4          2728 2065  207    1315 1082  103    1413  983  104
8,9          2714 2096  190    1557  853   90    1157 1243  100
0,1          2702 2157  141    1378 1055   67    1324 1102   74
2,0          2700 2128  172    1587  825   88    1113 1303   84
7,7          2678 2145  177    1500  908   92    1178 1237   85
9,8          2663 2157  180    1290 1105  105    1373 1052   75
3,7          2661 2161  178    1130 1275   95    1531  886   83
0,0          2660 2166  174    1170 1233   97    1490  933   77
1,5          2643 2128  229    1391  983  126    1252 1145  103
3,0          2618 2137  245    1323 1067  110    1295 1070  135
4,4          2604 2222  174    1172 1254   74    1432  968  100
4,0          2592 2208  200    1338 1069   93    1254 1139  107
2,6          2566 2241  193    1091 1300  109    1475  941   84
8,0          2566 2254  180    1410 1007   83    1156 1247   97
4,3          2565 2222  213    1367 1021  112    1198 1201  101
9,0          2548 2270  182    1251 1157   92    1297 1113   90
0,7          2521 2323  156    1249 1171   80    1272 1152   76
8,5          2519 2288  193    1314 1104   82    1205 1184  111
3,6          2507 2299  194    1306 1101   93    1201 1198  101
3,3          2505 2320  175    1276 1132   92    1229 1188   83
0,8          2501 2301  198    1367 1035   98    1134 1266  100
4,6          2498 2326  176    1246 1156   98    1252 1170   78
5,0          2491 2325  184    1271 1133   96    1220 1192   88
6,5          2486 2319  195    1482  928   90    1004 1391  105
4,9          2483 2315  202    1357 1057   86    1126 1258  116
1,3          2479 2344  177    1184 1223   93    1295 1121   84
0,2          2471 2333  196    1281 1133   86    1190 1200  110
3,1          2471 2358  171    1298 1123   79    1173 1235   92
7,8          2466 2353  181     993 1407  100    1473  946   81
0,5          2452 2341  207    1345 1068   87    1107 1273  120
1,4          2448 2370  182    1138 1272   90    1310 1098   92
5,6          2445 2371  184    1217 1205   78    1228 1166  106
9,7          2444 2362  194    1145 1249  106    1299 1113   88
1,8          2428 2396  176    1109 1306   85    1319 1090   91
1,0          2423 2393  184    1142 1271   87    1281 1122   97
5,9          2420 2410  170    1262 1161   77    1158 1249   93
3,2          2413 2407  180    1189 1225   86    1224 1182   94
2,3          2400 2417  183     897 1512   91    1503  905   92
9,2          2387 2403  210    1025 1376   99    1362 1027  111
7,3          2377 2425  198    1191 1203  106    1186 1222   92
9,3          2377 2430  193    1235 1177   88    1142 1253  105
2,8          2367 2470  163    1087 1320   93    1280 1150   70
3,9          2366 2450  184    1004 1412   84    1362 1038  100
7,9          2366 2472  162    1005 1415   80    1361 1057   82
7,5          2363 2452  185    1120 1283   97    1243 1169   88
6,8          2355 2441  204    1291 1114   95    1064 1327  109
8,4          2349 2460  191    1155 1241  104    1194 1219   87
3,8          2339 2460  201    1040 1361   99    1299 1099  102
7,6          2337 2485  178    1071 1347   82    1266 1138   96
1,7          2332 2458  210     887 1517   96    1445  941  114
7,4          2328 2480  192    1054 1346  100    1274 1134   92
0,4          2308 2527  165     785 1629   86    1523  898   79
7,0          2295 2525  180     898 1511   91    1397 1014   89
4,5          2283 2523  194     950 1458   92    1333 1065  102
6,7          2256 2560  184     958 1457   85    1298 1103   99
4,8          2237 2579  184    1298 1113   89     939 1466   95
2,9          2227 2579  194    1107 1295   98    1120 1284   96
9,6          2224 2613  163    1048 1370   82    1176 1243   81
2,2          2219 2585  196    1008 1392  100    1211 1193   96
0,3          2207 2608  185    1196 1221   83    1011 1387  102
2,5          2178 2625  197    1057 1360   83    1121 1265  114
6,1          2172 2635  193     983 1427   90    1189 1208  103
9,1          2170 2642  188    1044 1369   87    1126 1273  101
5,5          2169 2657  174    1009 1399   92    1160 1258   82
1,2          2166 2649  185     857 1559   84    1309 1090  101
8,7          2162 2659  179     863 1553   84    1299 1106   95
9,9          2142 2681  177    1026 1375   99    1116 1306   78
0,6          2140 2651  209    1000 1396  104    1140 1255  105
2,1          2128 2676  196     942 1460   98    1186 1216   98
6,9          2122 2703  175    1015 1394   91    1107 1309   84
8,6          2115 2681  204    1053 1340  107    1062 1341   97
1,1          2102 2692  206     943 1454  103    1159 1238  103
6,0          2100 2720  180     909 1507   84    1191 1213   96
2,7          2076 2721  203    1013 1389   98    1063 1332  105
5,1          2072 2723  205     895 1514   91    1177 1209  114
5,7          2062 2730  208     792 1598  110    1270 1132   98
8,8          2060 2747  193    1026 1385   89    1034 1362  104
3,5          2040 2773  187     899 1523   78    1141 1250  109
5,2          2037 2758  205    1046 1358   96     991 1400  109
3,4          2023 2757  220     770 1629  101    1253 1128  119
7,2          2021 2807  172     954 1450   96    1067 1357   76
9,5          1994 2812  194    1155 1251   94     839 1561  100
5,8          1965 2838  197     878 1518  104    1087 1320   93
5,3          1963 2875  162    1140 1282   78     823 1593   84
6,3          1952 2835  213    1026 1364  110     926 1471  103
7,1          1931 2868  201     888 1503  109    1043 1365   92
4,7          1912 2886  202    1053 1344  103     859 1542   99
2,4          1830 2982  188     868 1538   94     962 1444   94
6,4          1751 3062  187     781 1624   95     970 1438   92
8,1          1733 3062  205     893 1512   95     840 1550  110
6,2          1645 3145  210     802 1587  111     843 1558   99
100


Team A Total Wins: 235731
Ties: 18896


50x50 vs 1k

Team A: 
Overall:           all             as Black          as White     
                W    L    T       W    L    T       W    L    T  
size: 100
1,9          3789 1068  143    2166  272   62    1623  796   81
4,1          3673 1178  149    2154  291   55    1519  887   94
0,4          3668 1195  137    2145  297   58    1523  898   79
3,7          3662 1207  131    2131  321   48    1531  886   83
8,3          3645 1197  158    2115  320   65    1530  877   93
2,6          3644 1219  137    2169  278   53    1475  941   84
5,4          3638 1211  151    2099  337   64    1539  874   87
2,3          3633 1201  166    2130  296   74    1503  905   92
7,8          3625 1236  139    2152  290   58    1473  946   81
1,6          3622 1218  160    2086  333   81    1536  885   79
0,0          3613 1245  142    2123  312   65    1490  933   77
4,4          3599 1239  162    2167  271   62    1432  968  100
1,7          3597 1225  178    2152  284   64    1445  941  114
0,9          3579 1263  158    2127  311   62    1452  952   96
4,2          3545 1282  173    2113  309   78    1432  973   95
6,6          3525 1317  158    2144  292   64    1381 1025   94
3,9          3524 1307  169    2162  269   69    1362 1038  100
9,8          3520 1341  139    2147  289   64    1373 1052   75
9,4          3517 1327  156    2104  344   52    1413  983  104
9,2          3496 1326  178    2134  299   67    1362 1027  111
8,2          3493 1329  178    2110  322   68    1383 1007  110
1,8          3489 1354  157    2170  264   66    1319 1090   91
7,0          3475 1373  152    2078  359   63    1397 1014   89
0,1          3473 1384  143    2149  282   69    1324 1102   74
9,0          3467 1392  141    2170  279   51    1297 1113   90
4,5          3459 1373  168    2126  308   66    1333 1065  102
7,9          3442 1418  140    2081  361   58    1361 1057   82
1,3          3431 1422  147    2136  301   63    1295 1121   84
7,5          3429 1427  144    2186  258   56    1243 1169   88
2,8          3423 1441  136    2143  291   66    1280 1150   70
6,7          3421 1414  165    2123  311   66    1298 1103   99
8,7          3418 1427  155    2119  321   60    1299 1106   95
1,2          3411 1426  163    2102  336   62    1309 1090  101
1,0          3408 1416  176    2127  294   79    1281 1122   97
7,4          3407 1436  157    2133  302   65    1274 1134   92
1,4          3406 1440  154    2096  342   62    1310 1098   92
4,0          3405 1416  179    2151  277   72    1254 1139  107
0,7          3404 1457  139    2132  305   63    1272 1152   76
5,7          3398 1442  160    2128  310   62    1270 1132   98
9,7          3393 1451  156    2094  338   68    1299 1113   88
3,8          3389 1459  152    2090  360   50    1299 1099  102
3,0          3387 1408  205    2092  338   70    1295 1070  135
1,5          3360 1469  171    2108  324   68    1252 1145  103
3,4          3358 1464  178    2105  336   59    1253 1128  119
5,6          3358 1473  169    2130  307   63    1228 1166  106
4,6          3355 1504  141    2103  334   63    1252 1170   78
3,3          3351 1484  165    2122  296   82    1229 1188   83
2,1          3350 1486  164    2164  270   66    1186 1216   98
5,1          3344 1477  179    2167  268   65    1177 1209  114
3,2          3343 1487  170    2119  305   76    1224 1182   94
5,0          3343 1515  142    2123  323   54    1220 1192   88
8,4          3340 1516  144    2146  297   57    1194 1219   87
2,2          3337 1497  166    2126  304   70    1211 1193   96
4,3          3336 1497  167    2138  296   66    1198 1201  101
7,6          3336 1498  166    2070  360   70    1266 1138   96
8,5          3335 1502  163    2130  318   52    1205 1184  111
6,1          3331 1516  153    2142  308   50    1189 1208  103
1,1          3326 1511  163    2167  273   60    1159 1238  103
7,3          3325 1524  151    2139  302   59    1186 1222   92
3,6          3323 1501  176    2122  303   75    1201 1198  101
7,7          3315 1550  135    2137  313   50    1178 1237   85
6,0          3307 1535  158    2116  322   62    1191 1213   96
5,5          3302 1564  134    2142  306   52    1160 1258   82
3,1          3300 1551  149    2127  316   57    1173 1235   92
0,2          3298 1531  171    2108  331   61    1190 1200  110
8,0          3284 1548  168    2128  301   71    1156 1247   97
0,5          3282 1540  178    2175  267   58    1107 1273  120
3,5          3281 1547  172    2140  297   63    1141 1250  109
9,9          3280 1581  139    2164  275   61    1116 1306   78
9,6          3279 1570  151    2103  327   70    1176 1243   81
9,3          3278 1555  167    2136  302   62    1142 1253  105
9,1          3276 1572  152    2150  299   51    1126 1273  101
0,6          3267 1571  162    2127  316   57    1140 1255  105
0,8          3266 1560  174    2132  294   74    1134 1266  100
4,9          3260 1550  190    2134  292   74    1126 1258  116
6,8          3249 1603  148    2185  276   39    1064 1327  109
8,9          3240 1594  166    2083  351   66    1157 1243  100
2,0          3236 1613  151    2123  310   67    1113 1303   84
5,9          3231 1600  169    2073  351   76    1158 1249   93
6,9          3224 1627  149    2117  318   65    1107 1309   84
2,9          3221 1632  147    2101  348   51    1120 1284   96
5,8          3217 1639  144    2130  319   51    1087 1320   93
2,5          3209 1591  200    2088  326   86    1121 1265  114
7,2          3207 1653  140    2140  296   64    1067 1357   76
2,7          3203 1630  167    2140  298   62    1063 1332  105
8,6          3183 1645  172    2121  304   75    1062 1341   97
0,3          3159 1692  149    2148  305   47    1011 1387  102
6,5          3152 1682  166    2148  291   61    1004 1391  105
7,1          3149 1701  150    2106  336   58    1043 1365   92
8,8          3137 1694  169    2103  332   65    1034 1362  104
6,4          3127 1717  156    2157  279   64     970 1438   92
5,2          3085 1736  179    2094  336   70     991 1400  109
2,4          3066 1761  173    2104  317   79     962 1444   94
6,3          3057 1769  174    2131  298   71     926 1471  103
4,8          3052 1784  164    2113  318   69     939 1466   95
4,7          3028 1809  163    2169  267   64     859 1542   99
6,2          2980 1870  150    2137  312   51     843 1558   99
9,5          2979 1868  153    2140  307   53     839 1561  100
8,1          2963 1863  174    2123  313   64     840 1550  110
5,3          2960 1886  154    2137  293   70     823 1593   84
100


Team A Total Wins: 335282
Ties: 15906

50x50 vs 2k

Team A: 
Overall:           all             as Black          as White     
                W    L    T       W    L    T       W    L    T  
size: 100
1,9          3727 1132  141    2104  336   60    1623  796   81
5,4          3693 1157  150    2154  283   63    1539  874   87
3,7          3692 1168  140    2161  282   57    1531  886   83
8,3          3683 1163  154    2153  286   61    1530  877   93
2,3          3673 1168  159    2170  263   67    1503  905   92
4,1          3650 1196  154    2131  309   60    1519  887   94
1,6          3644 1209  147    2108  324   68    1536  885   79
0,0          3643 1205  152    2153  272   75    1490  933   77
0,4          3631 1227  142    2108  329   63    1523  898   79
7,8          3630 1228  142    2157  282   61    1473  946   81
2,6          3623 1233  144    2148  292   60    1475  941   84
4,2          3600 1248  152    2168  275   57    1432  973   95
1,7          3577 1234  189    2132  293   75    1445  941  114
9,4          3560 1284  156    2147  301   52    1413  983  104
4,4          3559 1274  167    2127  306   67    1432  968  100
0,9          3557 1279  164    2105  327   68    1452  952   96
7,0          3542 1310  148    2145  296   59    1397 1014   89
7,9          3533 1321  146    2172  264   64    1361 1057   82
6,6          3525 1313  162    2144  288   68    1381 1025   94
3,9          3515 1339  146    2153  301   46    1362 1038  100
8,2          3515 1300  185    2132  293   75    1383 1007  110
0,1          3496 1377  127    2172  275   53    1324 1102   74
9,2          3495 1333  172    2133  306   61    1362 1027  111
9,8          3494 1372  134    2121  320   59    1373 1052   75
9,7          3480 1373  147    2181  260   59    1299 1113   88
3,8          3449 1387  164    2150  288   62    1299 1099  102
9,0          3447 1390  163    2150  277   73    1297 1113   90
3,4          3445 1373  182    2192  245   63    1253 1128  119
3,0          3442 1367  191    2147  297   56    1295 1070  135
4,0          3442 1399  159    2188  260   52    1254 1139  107
4,5          3441 1394  165    2108  329   63    1333 1065  102
1,4          3435 1401  164    2125  303   72    1310 1098   92
1,8          3429 1407  164    2110  317   73    1319 1090   91
1,2          3427 1401  172    2118  311   71    1309 1090  101
6,7          3423 1412  165    2125  309   66    1298 1103   99
8,7          3420 1418  162    2121  312   67    1299 1106   95
2,8          3408 1452  140    2128  302   70    1280 1150   70
1,3          3406 1442  152    2111  321   68    1295 1121   84
5,7          3404 1439  157    2134  307   59    1270 1132   98
1,0          3401 1434  165    2120  312   68    1281 1122   97
4,6          3397 1466  137    2145  296   59    1252 1170   78
3,3          3396 1465  139    2167  277   56    1229 1188   83
7,6          3394 1452  154    2128  314   58    1266 1138   96
1,5          3392 1437  171    2140  292   68    1252 1145  103
7,4          3391 1456  153    2117  322   61    1274 1134   92
0,7          3373 1476  151    2101  324   75    1272 1152   76
7,5          3369 1475  156    2126  306   68    1243 1169   88
4,3          3365 1464  171    2167  263   70    1198 1201  101
5,0          3359 1479  162    2139  287   74    1220 1192   88
8,5          3350 1481  169    2145  297   58    1205 1184  111
3,2          3348 1486  166    2124  304   72    1224 1182   94
2,2          3344 1497  159    2133  304   63    1211 1193   96
6,1          3338 1500  162    2149  292   59    1189 1208  103
5,6          3337 1477  186    2109  311   80    1228 1166  106
5,9          3334 1500  166    2176  251   73    1158 1249   93
3,6          3330 1503  167    2129  305   66    1201 1198  101
7,3          3325 1521  154    2139  299   62    1186 1222   92
2,1          3323 1491  186    2137  275   88    1186 1216   98
5,1          3322 1498  180    2145  289   66    1177 1209  114
6,0          3316 1512  172    2125  299   76    1191 1213   96
7,7          3306 1544  150    2128  307   65    1178 1237   85
3,1          3303 1530  167    2130  295   75    1173 1235   92
9,6          3300 1556  144    2124  313   63    1176 1243   81
5,5          3297 1544  159    2137  286   77    1160 1258   82
3,5          3295 1540  165    2154  290   56    1141 1250  109
1,1          3291 1540  169    2132  302   66    1159 1238  103
6,9          3290 1568  142    2183  259   58    1107 1309   84
8,4          3287 1553  160    2093  334   73    1194 1219   87
0,8          3286 1556  158    2152  290   58    1134 1266  100
8,9          3282 1550  168    2125  307   68    1157 1243  100
2,0          3273 1581  146    2160  278   62    1113 1303   84
8,0          3269 1563  168    2113  316   71    1156 1247   97
4,9          3266 1547  187    2140  289   71    1126 1258  116
0,2          3262 1566  172    2072  366   62    1190 1200  110
2,9          3257 1582  161    2137  298   65    1120 1284   96
9,1          3251 1580  169    2125  307   68    1126 1273  101
9,3          3236 1582  182    2094  329   77    1142 1253  105
2,7          3234 1604  162    2171  272   57    1063 1332  105
9,9          3234 1632  134    2118  326   56    1116 1306   78
0,5          3223 1593  184    2116  320   64    1107 1273  120
2,5          3222 1619  159    2101  354   45    1121 1265  114
5,8          3220 1614  166    2133  294   73    1087 1320   93
7,2          3206 1651  143    2139  294   67    1067 1357   76
6,8          3200 1616  184    2136  289   75    1064 1327  109
0,6          3197 1630  173    2057  375   68    1140 1255  105
7,1          3183 1660  157    2140  295   65    1043 1365   92
8,6          3183 1661  156    2121  320   59    1062 1341   97
8,8          3158 1680  162    2124  318   58    1034 1362  104
5,2          3151 1671  178    2160  271   69     991 1400  109
6,5          3149 1682  169    2145  291   64    1004 1391  105
0,3          3132 1703  165    2121  316   63    1011 1387  102
6,4          3121 1722  157    2151  284   65     970 1438   92
2,4          3114 1721  165    2152  277   71     962 1444   94
6,3          3064 1768  168    2138  297   65     926 1471  103
4,8          3063 1778  159    2124  312   64     939 1466   95
4,7          2985 1839  176    2126  297   77     859 1542   99
8,1          2985 1844  171    2145  294   61     840 1550  110
5,3          2980 1879  141    2157  286   57     823 1593   84
6,2          2962 1873  165    2119  315   66     843 1558   99
9,5          2961 1891  148    2122  330   48     839 1561  100
100


Team A Total Wins: 335937
Ties: 16055

50x50 vs 3k

Team A: 
Overall:           all             as Black          as White     
                W    L    T       W    L    T       W    L    T  
size: 100
1,9          3778 1068  154    2155  272   73    1623  796   81
3,7          3729 1122  149    2198  236   66    1531  886   83
5,4          3720 1128  152    2181  254   65    1539  874   87
2,3          3672 1167  161    2169  262   69    1503  905   92
7,8          3672 1190  138    2199  244   57    1473  946   81
0,0          3670 1185  145    2180  252   68    1490  933   77
1,6          3665 1179  156    2129  294   77    1536  885   79
0,4          3658 1187  155    2135  289   76    1523  898   79
4,1          3653 1175  172    2134  288   78    1519  887   94
1,7          3639 1196  165    2194  255   51    1445  941  114
8,3          3633 1205  162    2103  328   69    1530  877   93
2,6          3626 1228  146    2151  287   62    1475  941   84
4,2          3611 1236  153    2179  263   58    1432  973   95
0,9          3569 1259  172    2117  307   76    1452  952   96
3,9          3563 1278  159    2201  240   59    1362 1038  100
7,0          3559 1281  160    2162  267   71    1397 1014   89
4,4          3557 1266  177    2125  298   77    1432  968  100
6,6          3529 1324  147    2148  299   53    1381 1025   94
7,9          3529 1320  151    2168  263   69    1361 1057   82
9,4          3529 1295  176    2116  312   72    1413  983  104
9,8          3510 1339  151    2137  287   76    1373 1052   75
1,8          3509 1347  144    2190  257   53    1319 1090   91
3,8          3508 1329  163    2209  230   61    1299 1099  102
9,2          3495 1327  178    2133  300   67    1362 1027  111
8,7          3487 1351  162    2188  245   67    1299 1106   95
0,1          3485 1382  133    2161  280   59    1324 1102   74
1,4          3483 1367  150    2173  269   58    1310 1098   92
8,2          3481 1338  181    2098  331   71    1383 1007  110
6,7          3463 1373  164    2165  270   65    1298 1103   99
5,0          3460 1393  147    2240  201   59    1220 1192   88
9,7          3458 1385  157    2159  272   69    1299 1113   88
1,2          3457 1360  183    2148  270   82    1309 1090  101
1,0          3452 1387  161    2171  265   64    1281 1122   97
3,0          3452 1361  187    2157  291   52    1295 1070  135
1,3          3450 1399  151    2155  278   67    1295 1121   84
2,8          3443 1413  144    2163  263   74    1280 1150   70
5,7          3438 1405  157    2168  273   59    1270 1132   98
7,4          3436 1396  168    2162  262   76    1274 1134   92
4,5          3431 1384  185    2098  319   83    1333 1065  102
7,5          3423 1431  146    2180  262   58    1243 1169   88
1,5          3413 1433  154    2161  288   51    1252 1145  103
5,6          3411 1428  161    2183  262   55    1228 1166  106
4,6          3403 1430  167    2151  260   89    1252 1170   78
4,3          3395 1443  162    2197  242   61    1198 1201  101
9,0          3395 1444  161    2098  331   71    1297 1113   90
3,1          3390 1464  146    2217  229   54    1173 1235   92
3,4          3390 1422  188    2137  294   69    1253 1128  119
3,3          3383 1463  154    2154  275   71    1229 1188   83
7,6          3380 1456  164    2114  318   68    1266 1138   96
0,7          3373 1475  152    2101  323   76    1272 1152   76
4,0          3373 1454  173    2119  315   66    1254 1139  107
2,2          3362 1476  162    2151  283   66    1211 1193   96
7,3          3362 1479  159    2176  257   67    1186 1222   92
3,6          3359 1469  172    2158  271   71    1201 1198  101
8,5          3359 1458  183    2154  274   72    1205 1184  111
1,1          3351 1485  164    2192  247   61    1159 1238  103
2,1          3349 1476  175    2163  260   77    1186 1216   98
6,0          3346 1504  150    2155  291   54    1191 1213   96
8,9          3346 1495  159    2189  252   59    1157 1243  100
3,2          3345 1496  159    2121  314   65    1224 1182   94
9,6          3343 1514  143    2167  271   62    1176 1243   81
6,1          3329 1507  164    2140  299   61    1189 1208  103
7,7          3329 1520  151    2151  283   66    1178 1237   85
8,4          3322 1518  160    2128  299   73    1194 1219   87
3,5          3321 1504  175    2180  254   66    1141 1250  109
5,5          3321 1528  151    2161  270   69    1160 1258   82
8,0          3312 1517  171    2156  270   74    1156 1247   97
0,8          3310 1526  164    2176  260   64    1134 1266  100
5,1          3306 1517  177    2129  308   63    1177 1209  114
2,9          3303 1540  157    2183  256   61    1120 1284   96
0,2          3290 1530  180    2100  330   70    1190 1200  110
9,3          3289 1532  179    2147  279   74    1142 1253  105
0,6          3287 1544  169    2147  289   64    1140 1255  105
6,9          3286 1563  151    2179  254   67    1107 1309   84
5,9          3278 1556  166    2120  307   73    1158 1249   93
9,1          3278 1546  176    2152  273   75    1126 1273  101
4,9          3275 1547  178    2149  289   62    1126 1258  116
0,5          3272 1550  178    2165  277   58    1107 1273  120
2,5          3272 1542  186    2151  277   72    1121 1265  114
9,9          3253 1599  148    2137  293   70    1116 1306   78
2,0          3248 1583  169    2135  280   85    1113 1303   84
5,8          3234 1606  160    2147  286   67    1087 1320   93
6,8          3227 1585  188    2163  258   79    1064 1327  109
8,6          3218 1606  176    2156  265   79    1062 1341   97
8,8          3211 1623  166    2177  261   62    1034 1362  104
7,2          3208 1648  144    2141  291   68    1067 1357   76
2,7          3202 1613  185    2139  281   80    1063 1332  105
7,1          3199 1641  160    2156  276   68    1043 1365   92
6,4          3169 1676  155    2199  238   63     970 1438   92
0,3          3168 1654  178    2157  267   76    1011 1387  102
5,2          3164 1665  171    2173  265   62     991 1400  109
6,3          3152 1692  156    2226  221   53     926 1471  103
6,5          3140 1694  166    2136  303   61    1004 1391  105
4,8          3132 1707  161    2193  241   66     939 1466   95
2,4          3131 1718  151    2169  274   57     962 1444   94
4,7          3050 1787  163    2191  245   64     859 1542   99
9,5          3028 1816  156    2189  255   56     839 1561  100
5,3          3020 1835  145    2197  242   61     823 1593   84
8,1          3020 1808  172    2180  258   62     840 1550  110
6,2          2994 1839  167    2151  281   68     843 1558   99
100


Team A Total Wins: 338258
Ties: 16240

50x50 vs 4k

Team A: 
Overall:           all             as Black          as White     
                W    L    T       W    L    T       W    L    T  
size: 100
1,9          3796 1047  157    2173  251   76    1623  796   81
5,4          3714 1135  151    2175  261   64    1539  874   87
1,6          3700 1157  143    2164  272   64    1536  885   79
3,7          3698 1144  158    2167  258   75    1531  886   83
2,3          3692 1157  151    2189  252   59    1503  905   92
8,3          3688 1156  156    2158  279   63    1530  877   93
2,6          3675 1184  141    2200  243   57    1475  941   84
0,4          3669 1191  140    2146  293   61    1523  898   79
4,1          3651 1193  156    2132  306   62    1519  887   94
7,8          3646 1203  151    2173  257   70    1473  946   81
0,0          3625 1224  151    2135  291   74    1490  933   77
0,9          3611 1230  159    2159  278   63    1452  952   96
4,4          3608 1235  157    2176  267   57    1432  968  100
1,7          3605 1203  192    2160  262   78    1445  941  114
4,2          3598 1236  166    2166  263   71    1432  973   95
7,0          3577 1268  155    2180  254   66    1397 1014   89
9,8          3553 1319  128    2180  267   53    1373 1052   75
9,2          3545 1285  170    2183  258   59    1362 1027  111
9,4          3544 1296  160    2131  313   56    1413  983  104
8,2          3540 1285  175    2157  278   65    1383 1007  110
7,9          3526 1319  155    2165  262   73    1361 1057   82
1,8          3507 1348  145    2188  258   54    1319 1090   91
3,9          3507 1319  174    2145  281   74    1362 1038  100
1,2          3505 1345  150    2196  255   49    1309 1090  101
6,6          3500 1328  172    2119  303   78    1381 1025   94
9,7          3494 1341  165    2195  228   77    1299 1113   88
3,8          3493 1336  171    2194  237   69    1299 1099  102
4,5          3492 1343  165    2159  278   63    1333 1065  102
0,1          3478 1384  138    2154  282   64    1324 1102   74
6,7          3471 1366  163    2173  263   64    1298 1103   99
3,0          3467 1333  200    2172  263   65    1295 1070  135
2,8          3463 1396  141    2183  246   71    1280 1150   70
9,0          3463 1367  170    2166  254   80    1297 1113   90
1,0          3459 1384  157    2178  262   60    1281 1122   97
1,4          3458 1386  156    2148  288   64    1310 1098   92
0,7          3451 1422  127    2179  270   51    1272 1152   76
4,0          3443 1386  171    2189  247   64    1254 1139  107
1,3          3442 1405  153    2147  284   69    1295 1121   84
3,3          3442 1419  139    2213  231   56    1229 1188   83
8,7          3441 1392  167    2142  286   72    1299 1106   95
7,6          3434 1410  156    2168  272   60    1266 1138   96
5,7          3432 1393  175    2162  261   77    1270 1132   98
1,5          3428 1397  175    2176  252   72    1252 1145  103
7,5          3427 1439  134    2184  270   46    1243 1169   88
4,6          3424 1426  150    2172  256   72    1252 1170   78
3,4          3422 1401  177    2169  273   58    1253 1128  119
7,4          3420 1427  153    2146  293   61    1274 1134   92
5,6          3396 1421  183    2168  255   77    1228 1166  106
3,6          3392 1447  161    2191  249   60    1201 1198  101
5,0          3371 1473  156    2151  281   68    1220 1192   88
0,2          3367 1452  181    2177  252   71    1190 1200  110
2,2          3361 1468  171    2150  275   75    1211 1193   96
8,5          3360 1472  168    2155  288   57    1205 1184  111
4,3          3356 1465  179    2158  264   78    1198 1201  101
6,0          3354 1496  150    2163  283   54    1191 1213   96
7,7          3352 1501  147    2174  264   62    1178 1237   85
6,1          3349 1474  177    2160  266   74    1189 1208  103
7,3          3346 1506  148    2160  284   56    1186 1222   92
3,2          3345 1493  162    2121  311   68    1224 1182   94
5,5          3333 1514  153    2173  256   71    1160 1258   82
8,4          3331 1517  152    2137  298   65    1194 1219   87
0,6          3329 1515  156    2189  260   51    1140 1255  105
2,1          3328 1506  166    2142  290   68    1186 1216   98
8,9          3327 1503  170    2170  260   70    1157 1243  100
0,8          3323 1518  159    2189  252   59    1134 1266  100
1,1          3322 1496  182    2163  258   79    1159 1238  103
5,9          3319 1516  165    2161  267   72    1158 1249   93
3,5          3317 1505  178    2176  255   69    1141 1250  109
3,1          3313 1531  156    2140  296   64    1173 1235   92
2,9          3311 1532  157    2191  248   61    1120 1284   96
5,1          3301 1515  184    2124  306   70    1177 1209  114
8,0          3299 1547  154    2143  300   57    1156 1247   97
9,3          3296 1537  167    2154  284   62    1142 1253  105
9,9          3296 1572  132    2180  266   54    1116 1306   78
9,6          3292 1552  156    2116  309   75    1176 1243   81
2,0          3291 1563  146    2178  260   62    1113 1303   84
9,1          3287 1533  180    2161  260   79    1126 1273  101
4,9          3278 1538  184    2152  280   68    1126 1258  116
0,5          3258 1541  201    2151  268   81    1107 1273  120
2,5          3256 1550  194    2135  285   80    1121 1265  114
6,8          3254 1581  165    2190  254   56    1064 1327  109
2,7          3253 1577  170    2190  245   65    1063 1332  105
5,8          3248 1595  157    2161  275   64    1087 1320   93
7,2          3236 1619  145    2169  262   69    1067 1357   76
6,9          3235 1615  150    2128  306   66    1107 1309   84
8,6          3218 1614  168    2156  273   71    1062 1341   97
7,1          3211 1644  145    2168  279   53    1043 1365   92
8,8          3194 1631  175    2160  269   71    1034 1362  104
5,2          3166 1665  169    2175  265   60     991 1400  109
0,3          3143 1698  159    2132  311   57    1011 1387  102
6,4          3139 1692  169    2169  254   77     970 1438   92
2,4          3128 1708  164    2166  264   70     962 1444   94
6,5          3122 1704  174    2118  313   69    1004 1391  105
4,8          3118 1718  164    2179  252   69     939 1466   95
6,3          3078 1763  159    2152  292   56     926 1471  103
4,7          3023 1817  160    2164  275   61     859 1542   99
9,5          3018 1809  173    2179  248   73     839 1561  100
5,3          2980 1870  150    2157  277   66     823 1593   84
6,2          2964 1854  182    2121  296   83     843 1558   99
8,1          2956 1854  190    2116  304   80     840 1550  110
100


Team A Total Wins: 338664
Ties: 16179

50x50 vs 5k

Team A: 
Overall:           all             as Black          as White     
                W    L    T       W    L    T       W    L    T  
size: 100
1,9          3807 1052  141    2184  256   60    1623  796   81
1,6          3761 1098  141    2225  213   62    1536  885   79
3,7          3747 1112  141    2216  226   58    1531  886   83
0,4          3730 1131  139    2207  233   60    1523  898   79
4,1          3724 1118  158    2205  231   64    1519  887   94
5,4          3714 1155  131    2175  281   44    1539  874   87
2,6          3687 1174  139    2212  233   55    1475  941   84
8,3          3684 1154  162    2154  277   69    1530  877   93
2,3          3667 1159  174    2164  254   82    1503  905   92
0,9          3644 1205  151    2192  253   55    1452  952   96
7,8          3640 1222  138    2167  276   57    1473  946   81
1,7          3636 1176  188    2191  235   74    1445  941  114
0,0          3635 1229  136    2145  296   59    1490  933   77
4,4          3593 1244  163    2161  276   63    1432  968  100
9,4          3587 1251  162    2174  268   58    1413  983  104
4,2          3584 1248  168    2152  275   73    1432  973   95
7,0          3553 1282  165    2156  268   76    1397 1014   89
6,6          3548 1291  161    2167  266   67    1381 1025   94
7,9          3548 1326  126    2187  269   44    1361 1057   82
8,2          3539 1289  172    2156  282   62    1383 1007  110
9,8          3531 1320  149    2158  268   74    1373 1052   75
3,9          3530 1310  160    2168  272   60    1362 1038  100
1,4          3525 1321  154    2215  223   62    1310 1098   92
4,5          3505 1336  159    2172  271   57    1333 1065  102
8,7          3501 1335  164    2202  229   69    1299 1106   95
2,8          3496 1386  118    2216  236   48    1280 1150   70
3,8          3494 1336  170    2195  237   68    1299 1099  102
0,1          3493 1360  147    2169  258   73    1324 1102   74
9,0          3492 1357  151    2195  244   61    1297 1113   90
0,7          3484 1388  128    2212  236   52    1272 1152   76
9,2          3484 1335  181    2122  308   70    1362 1027  111
1,8          3480 1349  171    2161  259   80    1319 1090   91
9,7          3480 1372  148    2181  259   60    1299 1113   88
1,0          3468 1363  169    2187  241   72    1281 1122   97
3,0          3468 1334  198    2173  264   63    1295 1070  135
1,2          3465 1374  161    2156  284   60    1309 1090  101
3,4          3462 1358  180    2209  230   61    1253 1128  119
6,7          3462 1364  174    2164  261   75    1298 1103   99
4,6          3444 1423  133    2192  253   55    1252 1170   78
7,6          3438 1393  169    2172  255   73    1266 1138   96
1,5          3436 1397  167    2184  252   64    1252 1145  103
4,0          3436 1383  181    2182  244   74    1254 1139  107
7,4          3436 1399  165    2162  265   73    1274 1134   92
1,3          3434 1415  151    2139  294   67    1295 1121   84
5,7          3432 1395  173    2162  263   75    1270 1132   98
3,3          3416 1437  147    2187  249   64    1229 1188   83
5,6          3399 1425  176    2171  259   70    1228 1166  106
3,2          3396 1429  175    2172  247   81    1224 1182   94
2,2          3394 1440  166    2183  247   70    1211 1193   96
7,5          3392 1453  155    2149  284   67    1243 1169   88
8,9          3387 1457  156    2230  214   56    1157 1243  100
2,1          3386 1458  156    2200  242   58    1186 1216   98
8,4          3383 1465  152    2189  246   65    1194 1219   87
0,2          3376 1449  175    2186  249   65    1190 1200  110
3,6          3374 1448  178    2173  250   77    1201 1198  101
8,5          3369 1455  176    2164  271   65    1205 1184  111
4,3          3363 1464  173    2165  263   72    1198 1201  101
7,3          3360 1486  154    2174  264   62    1186 1222   92
5,1          3355 1461  184    2178  252   70    1177 1209  114
5,5          3355 1492  153    2195  234   71    1160 1258   82
6,0          3354 1493  153    2163  280   57    1191 1213   96
6,1          3354 1483  163    2165  275   60    1189 1208  103
7,7          3354 1508  138    2176  271   53    1178 1237   85
0,8          3350 1488  162    2216  222   62    1134 1266  100
5,0          3350 1495  155    2130  303   67    1220 1192   88
9,6          3342 1526  132    2166  283   51    1176 1243   81
3,5          3339 1492  169    2198  242   60    1141 1250  109
0,5          3337 1484  179    2230  211   59    1107 1273  120
2,5          3333 1495  172    2212  230   58    1121 1265  114
3,1          3331 1508  161    2158  273   69    1173 1235   92
1,1          3328 1510  162    2169  272   59    1159 1238  103
8,0          3315 1530  155    2159  283   58    1156 1247   97
2,0          3312 1541  147    2199  238   63    1113 1303   84
2,9          3310 1528  162    2190  244   66    1120 1284   96
0,6          3309 1525  166    2169  270   61    1140 1255  105
9,1          3306 1525  169    2180  252   68    1126 1273  101
5,9          3303 1536  161    2145  287   68    1158 1249   93
9,3          3302 1525  173    2160  272   68    1142 1253  105
4,9          3299 1516  185    2173  258   69    1126 1258  116
5,8          3290 1561  149    2203  241   56    1087 1320   93
9,9          3288 1570  142    2172  264   64    1116 1306   78
2,7          3264 1574  162    2201  242   57    1063 1332  105
6,8          3241 1595  164    2177  268   55    1064 1327  109
6,9          3239 1610  151    2132  301   67    1107 1309   84
8,6          3222 1622  156    2160  281   59    1062 1341   97
7,1          3220 1624  156    2177  259   64    1043 1365   92
8,8          3212 1622  166    2178  260   62    1034 1362  104
7,2          3192 1653  155    2125  296   79    1067 1357   76
0,3          3186 1633  181    2175  246   79    1011 1387  102
2,4          3169 1685  146    2207  241   52     962 1444   94
6,5          3169 1677  154    2165  286   49    1004 1391  105
6,4          3150 1699  151    2180  261   59     970 1438   92
5,2          3147 1682  171    2156  282   62     991 1400  109
4,8          3143 1697  160    2204  231   65     939 1466   95
6,3          3094 1740  166    2168  269   63     926 1471  103
4,7          3078 1769  153    2219  227   54     859 1542   99
9,5          3031 1798  171    2192  237   71     839 1561  100
8,1          3015 1807  178    2175  257   68     840 1550  110
6,2          3011 1832  157    2168  274   58     843 1558   99
5,3          2992 1859  149    2169  266   65     823 1593   84
100


Team A Total Wins: 340190
Ties: 15955

50x50 vs 6k

Team A: 
Overall:           all             as Black          as White     
                W    L    T       W    L    T       W    L    T  
size: 100
1,9          3790 1061  149    2167  265   68    1623  796   81
5,4          3723 1120  157    2184  246   70    1539  874   87
0,4          3719 1133  148    2196  235   69    1523  898   79
8,3          3704 1142  154    2174  265   61    1530  877   93
1,6          3698 1154  148    2162  269   69    1536  885   79
3,7          3692 1157  151    2161  271   68    1531  886   83
4,1          3686 1143  171    2167  256   77    1519  887   94
2,3          3670 1167  163    2167  262   71    1503  905   92
0,0          3654 1202  144    2164  269   67    1490  933   77
2,6          3649 1210  141    2174  269   57    1475  941   84
0,9          3633 1213  154    2181  261   58    1452  952   96
1,7          3629 1200  171    2184  259   57    1445  941  114
7,8          3602 1253  145    2129  307   64    1473  946   81
4,2          3599 1242  159    2167  269   64    1432  973   95
9,4          3592 1249  159    2179  266   55    1413  983  104
4,4          3586 1243  171    2154  275   71    1432  968  100
7,0          3573 1271  156    2176  257   67    1397 1014   89
7,9          3564 1279  157    2203  222   75    1361 1057   82
8,2          3559 1270  171    2176  263   61    1383 1007  110
9,2          3538 1283  179    2176  256   68    1362 1027  111
6,6          3529 1295  176    2148  270   82    1381 1025   94
9,8          3527 1329  144    2154  277   69    1373 1052   75
3,9          3511 1320  169    2149  282   69    1362 1038  100
4,5          3507 1327  166    2174  262   64    1333 1065  102
1,2          3505 1338  157    2196  248   56    1309 1090  101
0,1          3500 1355  145    2176  253   71    1324 1102   74
1,4          3485 1359  156    2175  261   64    1310 1098   92
9,0          3479 1378  143    2182  265   53    1297 1113   90
1,8          3478 1376  146    2159  286   55    1319 1090   91
7,4          3475 1377  148    2201  243   56    1274 1134   92
1,3          3468 1370  162    2173  249   78    1295 1121   84
2,8          3463 1405  132    2183  255   62    1280 1150   70
3,0          3458 1332  210    2163  262   75    1295 1070  135
6,7          3458 1387  155    2160  284   56    1298 1103   99
8,7          3452 1388  160    2153  282   65    1299 1106   95
9,7          3449 1392  159    2150  279   71    1299 1113   88
5,7          3438 1407  155    2168  275   57    1270 1132   98
3,8          3437 1410  153    2138  311   51    1299 1099  102
1,5          3433 1399  168    2181  254   65    1252 1145  103
0,7          3428 1410  162    2156  258   86    1272 1152   76
7,6          3427 1413  160    2161  275   64    1266 1138   96
4,0          3426 1403  171    2172  264   64    1254 1139  107
3,2          3422 1437  141    2198  255   47    1224 1182   94
3,3          3412 1441  147    2183  253   64    1229 1188   83
5,6          3411 1421  168    2183  255   62    1228 1166  106
4,3          3409 1426  165    2211  225   64    1198 1201  101
1,0          3406 1421  173    2125  299   76    1281 1122   97
3,4          3405 1396  199    2152  268   80    1253 1128  119
5,0          3399 1435  166    2179  243   78    1220 1192   88
4,6          3396 1460  144    2144  290   66    1252 1170   78
6,1          3396 1441  163    2207  233   60    1189 1208  103
7,5          3396 1447  157    2153  278   69    1243 1169   88
8,4          3390 1472  138    2196  253   51    1194 1219   87
1,1          3388 1445  167    2229  207   64    1159 1238  103
0,2          3383 1430  187    2193  230   77    1190 1200  110
8,5          3382 1444  174    2177  260   63    1205 1184  111
3,6          3378 1459  163    2177  261   62    1201 1198  101
7,3          3376 1464  160    2190  242   68    1186 1222   92
2,1          3360 1480  160    2174  264   62    1186 1216   98
2,2          3353 1491  156    2142  298   60    1211 1193   96
5,5          3347 1505  148    2187  247   66    1160 1258   82
8,0          3346 1488  166    2190  241   69    1156 1247   97
6,0          3340 1497  163    2149  284   67    1191 1213   96
5,1          3338 1460  202    2161  251   88    1177 1209  114
9,3          3337 1493  170    2195  240   65    1142 1253  105
9,6          3336 1516  148    2160  273   67    1176 1243   81
8,9          3331 1495  174    2174  252   74    1157 1243  100
3,1          3326 1512  162    2153  277   70    1173 1235   92
3,5          3326 1495  179    2185  245   70    1141 1250  109
5,9          3324 1511  165    2166  262   72    1158 1249   93
0,8          3321 1520  159    2187  254   59    1134 1266  100
7,7          3304 1521  175    2126  284   90    1178 1237   85
2,5          3303 1518  179    2182  253   65    1121 1265  114
0,5          3302 1514  184    2195  241   64    1107 1273  120
6,9          3302 1548  150    2195  239   66    1107 1309   84
0,6          3296 1545  159    2156  290   54    1140 1255  105
9,9          3295 1568  137    2179  262   59    1116 1306   78
9,1          3294 1534  172    2168  261   71    1126 1273  101
4,9          3277 1528  195    2151  270   79    1126 1258  116
2,0          3273 1579  148    2160  276   64    1113 1303   84
7,2          3268 1587  145    2201  230   69    1067 1357   76
2,9          3244 1582  174    2124  298   78    1120 1284   96
7,1          3243 1615  142    2200  250   50    1043 1365   92
6,8          3233 1593  174    2169  266   65    1064 1327  109
8,6          3213 1631  156    2151  290   59    1062 1341   97
2,7          3207 1606  187    2144  274   82    1063 1332  105
5,8          3202 1628  170    2115  308   77    1087 1320   93
8,8          3194 1633  173    2160  271   69    1034 1362  104
0,3          3169 1666  165    2158  279   63    1011 1387  102
6,5          3155 1666  179    2151  275   74    1004 1391  105
2,4          3143 1699  158    2181  255   64     962 1444   94
6,3          3141 1701  158    2215  230   55     926 1471  103
6,4          3141 1707  152    2171  269   60     970 1438   92
4,8          3129 1717  154    2190  251   59     939 1466   95
5,2          3126 1691  183    2135  291   74     991 1400  109
6,2          3047 1789  164    2204  231   65     843 1558   99
9,5          3017 1820  163    2178  259   63     839 1561  100
4,7          2998 1836  166    2139  294   67     859 1542   99
5,3          2984 1880  136    2161  287   52     823 1593   84
8,1          2975 1842  183    2135  292   73     840 1550  110
100


Team A Total Wins: 339402
Ties: 16190

50x50 vs 7k

Team A: 
Overall:           all             as Black          as White     
                W    L    T       W    L    T       W    L    T  
size: 100
1,9          3772 1090  138    2149  294   57    1623  796   81
5,4          3703 1143  154    2164  269   67    1539  874   87
8,3          3693 1149  158    2163  272   65    1530  877   93
1,6          3679 1167  154    2143  282   75    1536  885   79
0,4          3664 1186  150    2141  288   71    1523  898   79
0,0          3654 1208  138    2164  275   61    1490  933   77
2,3          3652 1184  164    2149  279   72    1503  905   92
3,7          3631 1231  138    2100  345   55    1531  886   83
2,6          3626 1221  153    2151  280   69    1475  941   84
4,1          3623 1196  181    2104  309   87    1519  887   94
0,9          3608 1224  168    2156  272   72    1452  952   96
1,7          3605 1218  177    2160  277   63    1445  941  114
7,0          3597 1262  141    2200  248   52    1397 1014   89
4,4          3591 1247  162    2159  279   62    1432  968  100
4,2          3587 1263  150    2155  290   55    1432  973   95
7,8          3587 1266  147    2114  320   66    1473  946   81
9,4          3579 1247  174    2166  264   70    1413  983  104
3,9          3541 1291  168    2179  253   68    1362 1038  100
7,9          3526 1312  162    2165  255   80    1361 1057   82
8,2          3514 1312  174    2131  305   64    1383 1007  110
6,6          3509 1314  177    2128  289   83    1381 1025   94
9,8          3504 1351  145    2131  299   70    1373 1052   75
9,2          3482 1345  173    2120  318   62    1362 1027  111
0,1          3473 1390  137    2149  288   63    1324 1102   74
1,2          3468 1373  159    2159  283   58    1309 1090  101
3,0          3457 1341  202    2162  271   67    1295 1070  135
1,4          3453 1373  174    2143  275   82    1310 1098   92
9,0          3450 1387  163    2153  274   73    1297 1113   90
1,0          3449 1379  172    2168  257   75    1281 1122   97
3,8          3442 1388  170    2143  289   68    1299 1099  102
4,5          3432 1399  169    2099  334   67    1333 1065  102
1,3          3426 1415  159    2131  294   75    1295 1121   84
8,7          3423 1395  182    2124  289   87    1299 1106   95
9,7          3416 1424  160    2117  311   72    1299 1113   88
1,8          3411 1408  181    2092  318   90    1319 1090   91
4,6          3411 1448  141    2159  278   63    1252 1170   78
0,7          3407 1445  148    2135  293   72    1272 1152   76
2,8          3400 1448  152    2120  298   82    1280 1150   70
1,5          3399 1417  184    2147  272   81    1252 1145  103
7,4          3395 1437  168    2121  303   76    1274 1134   92
5,7          3382 1444  174    2112  312   76    1270 1132   98
2,2          3380 1450  170    2169  257   74    1211 1193   96
4,0          3376 1439  185    2122  300   78    1254 1139  107
3,4          3374 1433  193    2121  305   74    1253 1128  119
5,6          3359 1452  189    2131  286   83    1228 1166  106
3,2          3357 1472  171    2133  290   77    1224 1182   94
6,7          3357 1461  182    2059  358   83    1298 1103   99
7,6          3347 1477  176    2081  339   80    1266 1138   96
7,5          3345 1505  150    2102  336   62    1243 1169   88
3,3          3339 1507  154    2110  319   71    1229 1188   83
7,3          3327 1508  165    2141  286   73    1186 1222   92
0,8          3324 1510  166    2190  244   66    1134 1266  100
6,1          3322 1515  163    2133  307   60    1189 1208  103
9,6          3318 1534  148    2142  291   67    1176 1243   81
6,0          3316 1501  183    2125  288   87    1191 1213   96
8,4          3316 1518  166    2122  299   79    1194 1219   87
4,3          3314 1517  169    2116  316   68    1198 1201  101
5,1          3313 1498  189    2136  289   75    1177 1209  114
3,6          3312 1510  178    2111  312   77    1201 1198  101
8,5          3312 1491  197    2107  307   86    1205 1184  111
3,1          3306 1535  159    2133  300   67    1173 1235   92
5,0          3303 1525  172    2083  333   84    1220 1192   88
9,3          3303 1512  185    2161  259   80    1142 1253  105
0,2          3299 1508  193    2109  308   83    1190 1200  110
2,1          3298 1539  163    2112  323   65    1186 1216   98
8,0          3298 1543  159    2142  296   62    1156 1247   97
8,9          3297 1522  181    2140  279   81    1157 1243  100
1,1          3291 1537  172    2132  299   69    1159 1238  103
3,5          3284 1543  173    2143  293   64    1141 1250  109
5,9          3277 1547  176    2119  298   83    1158 1249   93
2,9          3276 1549  175    2156  265   79    1120 1284   96
5,5          3275 1579  146    2115  321   64    1160 1258   82
7,7          3260 1589  151    2082  352   66    1178 1237   85
0,6          3258 1558  184    2118  303   79    1140 1255  105
2,0          3256 1601  143    2143  298   59    1113 1303   84
0,5          3248 1558  194    2141  285   74    1107 1273  120
9,9          3246 1602  152    2130  296   74    1116 1306   78
9,1          3236 1596  168    2110  323   67    1126 1273  101
2,5          3232 1568  200    2111  303   86    1121 1265  114
7,2          3228 1622  150    2161  265   74    1067 1357   76
4,9          3224 1585  191    2098  327   75    1126 1258  116
6,9          3224 1618  158    2117  309   74    1107 1309   84
8,6          3213 1625  162    2151  284   65    1062 1341   97
5,8          3201 1631  168    2114  311   75    1087 1320   93
2,7          3186 1613  201    2123  281   96    1063 1332  105
6,5          3157 1645  198    2153  254   93    1004 1391  105
7,1          3152 1673  175    2109  308   83    1043 1365   92
5,2          3148 1679  173    2157  279   64     991 1400  109
6,8          3145 1668  187    2081  341   78    1064 1327  109
8,8          3135 1700  165    2101  338   61    1034 1362  104
0,3          3127 1686  187    2116  299   85    1011 1387  102
2,4          3093 1743  164    2131  299   70     962 1444   94
6,4          3071 1752  177    2101  314   85     970 1438   92
6,3          3046 1775  179    2120  304   76     926 1471  103
4,8          3032 1799  169    2093  333   74     939 1466   95
6,2          3006 1833  161    2163  275   62     843 1558   99
9,5          2985 1820  195    2146  259   95     839 1561  100
5,3          2966 1879  155    2143  286   71     823 1593   84
8,1          2963 1854  183    2123  304   73     840 1550  110
4,7          2953 1867  180    2094  325   81     859 1542   99
100


Team A Total Wins: 335527
Ties: 16859

50x50 vs 8k

Team A: 
Overall:           all             as Black          as White     
                W    L    T       W    L    T       W    L    T  
size: 100
1,9          3790 1057  153    2167  261   72    1623  796   81
5,4          3708 1133  159    2169  259   72    1539  874   87
1,6          3695 1160  145    2159  275   66    1536  885   79
3,7          3694 1143  163    2163  257   80    1531  886   83
0,4          3686 1149  165    2163  251   86    1523  898   79
8,3          3678 1157  165    2148  280   72    1530  877   93
7,8          3676 1193  131    2203  247   50    1473  946   81
2,3          3668 1184  148    2165  279   56    1503  905   92
2,6          3667 1185  148    2192  244   64    1475  941   84
0,0          3659 1207  134    2169  274   57    1490  933   77
4,1          3635 1208  157    2116  321   63    1519  887   94
1,7          3620 1184  196    2175  243   82    1445  941  114
4,2          3618 1231  151    2186  258   56    1432  973   95
0,9          3610 1237  153    2158  285   57    1452  952   96
4,4          3601 1220  179    2169  252   79    1432  968  100
7,0          3578 1256  166    2181  242   77    1397 1014   89
9,4          3560 1269  171    2147  286   67    1413  983  104
4,5          3545 1285  170    2212  220   68    1333 1065  102
6,6          3542 1285  173    2161  260   79    1381 1025   94
3,9          3538 1297  165    2176  259   65    1362 1038  100
9,2          3538 1259  203    2176  232   92    1362 1027  111
8,2          3525 1293  182    2142  286   72    1383 1007  110
7,9          3513 1342  145    2152  285   63    1361 1057   82
9,8          3512 1342  146    2139  290   71    1373 1052   75
1,8          3497 1349  154    2178  259   63    1319 1090   91
1,2          3488 1356  156    2179  266   55    1309 1090  101
1,4          3487 1372  141    2177  274   49    1310 1098   92
0,1          3480 1372  148    2156  270   74    1324 1102   74
6,7          3480 1357  163    2182  254   64    1298 1103   99
9,0          3475 1361  164    2178  248   74    1297 1113   90
3,0          3463 1324  213    2168  254   78    1295 1070  135
1,0          3453 1385  162    2172  263   65    1281 1122   97
5,7          3448 1380  172    2178  248   74    1270 1132   98
1,3          3445 1401  154    2150  280   70    1295 1121   84
3,8          3444 1392  164    2145  293   62    1299 1099  102
4,6          3443 1417  140    2191  247   62    1252 1170   78
7,6          3441 1398  161    2175  260   65    1266 1138   96
8,7          3440 1392  168    2141  286   73    1299 1106   95
9,7          3433 1412  155    2134  299   67    1299 1113   88
0,7          3419 1440  141    2147  288   65    1272 1152   76
1,5          3417 1408  175    2165  263   72    1252 1145  103
2,8          3416 1442  142    2136  292   72    1280 1150   70
4,0          3415 1401  184    2161  262   77    1254 1139  107
7,4          3411 1421  168    2137  287   76    1274 1134   92
5,6          3407 1402  191    2179  236   85    1228 1166  106
3,4          3405 1397  198    2152  269   79    1253 1128  119
2,2          3395 1448  157    2184  255   61    1211 1193   96
7,5          3394 1454  152    2151  285   64    1243 1169   88
3,2          3387 1445  168    2163  263   74    1224 1182   94
5,0          3383 1473  144    2163  281   56    1220 1192   88
8,5          3381 1436  183    2176  252   72    1205 1184  111
3,1          3379 1477  144    2206  242   52    1173 1235   92
8,4          3379 1482  139    2185  263   52    1194 1219   87
5,1          3376 1445  179    2199  236   65    1177 1209  114
3,3          3363 1491  146    2134  303   63    1229 1188   83
3,6          3359 1472  169    2158  274   68    1201 1198  101
7,3          3356 1485  159    2170  263   67    1186 1222   92
2,1          3355 1486  159    2169  270   61    1186 1216   98
0,2          3353 1472  175    2163  272   65    1190 1200  110
7,7          3351 1494  155    2173  257   70    1178 1237   85
5,9          3346 1498  156    2188  249   63    1158 1249   93
6,0          3346 1497  157    2155  284   61    1191 1213   96
6,1          3342 1478  180    2153  270   77    1189 1208  103
9,6          3342 1502  156    2166  259   75    1176 1243   81
0,8          3335 1512  153    2201  246   53    1134 1266  100
4,3          3328 1503  169    2130  302   68    1198 1201  101
2,9          3326 1514  160    2206  230   64    1120 1284   96
1,1          3324 1492  184    2165  254   81    1159 1238  103
8,0          3315 1519  166    2159  272   69    1156 1247   97
8,9          3301 1535  164    2144  292   64    1157 1243  100
5,5          3293 1554  153    2133  296   71    1160 1258   82
9,1          3292 1545  163    2166  272   62    1126 1273  101
6,9          3289 1557  154    2182  248   70    1107 1309   84
9,3          3289 1549  162    2147  296   57    1142 1253  105
3,5          3288 1528  184    2147  278   75    1141 1250  109
0,6          3285 1541  174    2145  286   69    1140 1255  105
4,9          3283 1523  194    2157  265   78    1126 1258  116
9,9          3281 1584  135    2165  278   57    1116 1306   78
2,5          3262 1542  196    2141  277   82    1121 1265  114
2,0          3259 1603  138    2146  300   54    1113 1303   84
0,5          3258 1556  186    2151  283   66    1107 1273  120
5,8          3239 1597  164    2152  277   71    1087 1320   93
8,6          3216 1603  181    2154  262   84    1062 1341   97
7,2          3214 1639  147    2147  282   71    1067 1357   76
7,1          3212 1615  173    2169  250   81    1043 1365   92
2,7          3211 1604  185    2148  272   80    1063 1332  105
6,8          3210 1609  181    2146  282   72    1064 1327  109
8,8          3199 1626  175    2165  264   71    1034 1362  104
0,3          3187 1655  158    2176  268   56    1011 1387  102
5,2          3180 1644  176    2189  244   67     991 1400  109
6,5          3174 1663  163    2170  272   58    1004 1391  105
6,4          3138 1702  160    2168  264   68     970 1438   92
2,4          3128 1716  156    2166  272   62     962 1444   94
4,8          3124 1708  168    2185  242   73     939 1466   95
6,3          3084 1727  189    2158  256   86     926 1471  103
4,7          3037 1788  175    2178  246   76     859 1542   99
6,2          3007 1834  159    2164  276   60     843 1558   99
8,1          3004 1819  177    2164  269   67     840 1550  110
5,3          2982 1868  150    2159  275   66     823 1593   84
9,5          2964 1864  172    2125  303   72     839 1561  100
100


Team A Total Wins: 338768
Ties: 16404

50x50 vs 9k

Team A: 
Overall:           all             as Black          as White     
                W    L    T       W    L    T       W    L    T  
size: 100
1,9          3812 1043  145    2189  247   64    1623  796   81
1,6          3721 1126  153    2185  241   74    1536  885   79
8,3          3698 1138  164    2168  261   71    1530  877   93
5,4          3691 1147  162    2152  273   75    1539  874   87
3,7          3680 1166  154    2149  280   71    1531  886   83
0,4          3673 1168  159    2150  270   80    1523  898   79
4,1          3673 1170  157    2154  283   63    1519  887   94
2,3          3669 1179  152    2166  274   60    1503  905   92
1,7          3656 1175  169    2211  234   55    1445  941  114
7,8          3640 1214  146    2167  268   65    1473  946   81
0,0          3625 1227  148    2135  294   71    1490  933   77
2,6          3621 1207  172    2146  266   88    1475  941   84
4,4          3603 1235  162    2171  267   62    1432  968  100
0,9          3595 1243  162    2143  291   66    1452  952   96
4,2          3591 1244  165    2159  271   70    1432  973   95
9,4          3573 1252  175    2160  269   71    1413  983  104
8,2          3565 1263  172    2182  256   62    1383 1007  110
7,0          3547 1284  169    2150  270   80    1397 1014   89
3,9          3524 1311  165    2162  273   65    1362 1038  100
7,9          3520 1335  145    2159  278   63    1361 1057   82
1,4          3514 1323  163    2204  225   71    1310 1098   92
4,5          3513 1321  166    2180  256   64    1333 1065  102
9,8          3507 1358  135    2134  306   60    1373 1052   75
9,2          3505 1323  172    2143  296   61    1362 1027  111
6,6          3502 1325  173    2121  300   79    1381 1025   94
1,8          3495 1343  162    2176  253   71    1319 1090   91
1,3          3483 1371  146    2188  250   62    1295 1121   84
0,1          3482 1366  152    2158  264   78    1324 1102   74
9,0          3475 1371  154    2178  258   64    1297 1113   90
2,8          3467 1400  133    2187  250   63    1280 1150   70
1,2          3466 1366  168    2157  276   67    1309 1090  101
9,7          3464 1383  153    2165  270   65    1299 1113   88
3,4          3462 1342  196    2209  214   77    1253 1128  119
8,7          3460 1371  169    2161  265   74    1299 1106   95
1,5          3454 1384  162    2202  239   59    1252 1145  103
7,4          3450 1393  157    2176  259   65    1274 1134   92
1,0          3448 1389  163    2167  267   66    1281 1122   97
6,7          3444 1387  169    2146  284   70    1298 1103   99
3,8          3442 1365  193    2143  266   91    1299 1099  102
7,6          3442 1408  150    2176  270   54    1266 1138   96
3,3          3436 1421  143    2207  233   60    1229 1188   83
3,0          3429 1353  218    2134  283   83    1295 1070  135
2,2          3412 1443  145    2201  250   49    1211 1193   96
5,7          3412 1410  178    2142  278   80    1270 1132   98
4,6          3398 1459  143    2146  289   65    1252 1170   78
0,7          3396 1444  160    2124  292   84    1272 1152   76
4,0          3394 1414  192    2140  275   85    1254 1139  107
3,2          3389 1452  159    2165  270   65    1224 1182   94
5,6          3372 1452  176    2144  286   70    1228 1166  106
5,0          3367 1464  169    2147  272   81    1220 1192   88
4,3          3364 1468  168    2166  267   67    1198 1201  101
3,6          3358 1472  170    2157  274   69    1201 1198  101
8,5          3358 1454  188    2153  270   77    1205 1184  111
7,5          3355 1464  181    2112  295   93    1243 1169   88
7,3          3349 1500  151    2163  278   59    1186 1222   92
6,1          3347 1482  171    2158  274   68    1189 1208  103
9,6          3344 1509  147    2168  266   66    1176 1243   81
6,0          3343 1481  176    2152  268   80    1191 1213   96
5,1          3341 1479  180    2164  270   66    1177 1209  114
2,1          3339 1499  162    2153  283   64    1186 1216   98
0,2          3337 1478  185    2147  278   75    1190 1200  110
5,5          3332 1527  141    2172  269   59    1160 1258   82
8,9          3331 1506  163    2174  263   63    1157 1243  100
0,6          3328 1503  169    2188  248   64    1140 1255  105
8,4          3327 1523  150    2133  304   63    1194 1219   87
3,5          3324 1497  179    2183  247   70    1141 1250  109
3,1          3321 1513  166    2148  278   74    1173 1235   92
1,1          3319 1508  173    2160  270   70    1159 1238  103
7,7          3315 1536  149    2137  299   64    1178 1237   85
5,9          3314 1526  160    2156  277   67    1158 1249   93
9,9          3312 1550  138    2196  244   60    1116 1306   78
2,5          3304 1510  186    2183  245   72    1121 1265  114
9,1          3304 1533  163    2178  260   62    1126 1273  101
8,0          3293 1543  164    2137  296   67    1156 1247   97
0,8          3290 1537  173    2156  271   73    1134 1266  100
9,3          3284 1543  173    2142  290   68    1142 1253  105
2,9          3281 1559  160    2161  275   64    1120 1284   96
4,9          3275 1541  184    2149  283   68    1126 1258  116
6,9          3274 1584  142    2167  275   58    1107 1309   84
0,5          3259 1550  191    2152  277   71    1107 1273  120
2,0          3255 1589  156    2142  286   72    1113 1303   84
7,2          3255 1605  140    2188  248   64    1067 1357   76
6,8          3246 1573  181    2182  246   72    1064 1327  109
5,8          3239 1595  166    2152  275   73    1087 1320   93
8,6          3223 1613  164    2161  272   67    1062 1341   97
2,7          3210 1621  169    2147  289   64    1063 1332  105
7,1          3198 1644  158    2155  279   66    1043 1365   92
8,8          3198 1631  171    2164  269   67    1034 1362  104
6,5          3184 1646  170    2180  255   65    1004 1391  105
0,3          3183 1648  169    2172  261   67    1011 1387  102
5,2          3165 1664  171    2174  264   62     991 1400  109
2,4          3156 1699  145    2194  255   51     962 1444   94
4,8          3104 1736  160    2165  270   65     939 1466   95
6,4          3100 1728  172    2130  290   80     970 1438   92
6,3          3059 1766  175    2133  295   72     926 1471  103
4,7          3029 1800  171    2170  258   72     859 1542   99
8,1          3015 1803  182    2175  253   72     840 1550  110
6,2          3001 1834  165    2158  276   66     843 1558   99
9,5          2983 1845  172    2144  284   72     839 1561  100
5,3          2976 1876  148    2153  283   64     823 1593   84
100


Team A Total Wins: 338558
Ties: 16423

50x50 vs 10k

Team A: 
Overall:           all             as Black          as White     
                W    L    T       W    L    T       W    L    T  
size: 100
1,9          3834 1022  144    2211  226   63    1623  796   81
2,3          3718 1133  149    2215  228   57    1503  905   92
8,3          3713 1135  152    2183  258   59    1530  877   93
0,4          3708 1145  147    2185  247   68    1523  898   79
1,6          3708 1151  141    2172  266   62    1536  885   79
5,4          3698 1142  160    2159  268   73    1539  874   87
4,1          3695 1135  170    2176  248   76    1519  887   94
3,7          3680 1172  148    2149  286   65    1531  886   83
0,0          3662 1198  140    2172  265   63    1490  933   77
7,8          3660 1185  155    2187  239   74    1473  946   81
2,6          3651 1211  138    2176  270   54    1475  941   84
0,9          3642 1198  160    2190  246   64    1452  952   96
1,7          3630 1199  171    2185  258   57    1445  941  114
4,4          3623 1219  158    2191  251   58    1432  968  100
4,2          3604 1231  165    2172  258   70    1432  973   95
6,6          3587 1266  147    2206  241   53    1381 1025   94
8,2          3573 1263  164    2190  256   54    1383 1007  110
7,0          3569 1270  161    2172  256   72    1397 1014   89
9,8          3567 1295  138    2194  243   63    1373 1052   75
9,4          3557 1253  190    2144  270   86    1413  983  104
3,9          3541 1297  162    2179  259   62    1362 1038  100
1,8          3536 1321  143    2217  231   52    1319 1090   91
9,2          3536 1289  175    2174  262   64    1362 1027  111
7,9          3526 1315  159    2165  258   77    1361 1057   82
4,5          3509 1318  173    2176  253   71    1333 1065  102
3,8          3504 1334  162    2205  235   60    1299 1099  102
1,2          3503 1337  160    2194  247   59    1309 1090  101
9,7          3501 1348  151    2202  235   63    1299 1113   88
0,1          3496 1364  140    2172  262   66    1324 1102   74
1,3          3491 1372  137    2196  251   53    1295 1121   84
7,4          3487 1364  149    2213  230   57    1274 1134   92
3,0          3483 1306  211    2188  236   76    1295 1070  135
1,0          3480 1365  155    2199  243   58    1281 1122   97
8,7          3469 1379  152    2170  273   57    1299 1106   95
7,6          3467 1368  165    2201  230   69    1266 1138   96
5,7          3459 1381  160    2189  249   62    1270 1132   98
4,0          3458 1374  168    2204  235   61    1254 1139  107
6,7          3456 1368  176    2158  265   77    1298 1103   99
1,4          3455 1387  158    2145  289   66    1310 1098   92
9,0          3449 1390  161    2152  277   71    1297 1113   90
1,5          3447 1403  150    2195  258   47    1252 1145  103
4,6          3447 1395  158    2195  225   80    1252 1170   78
3,4          3446 1372  182    2193  244   63    1253 1128  119
2,8          3440 1413  147    2160  263   77    1280 1150   70
7,5          3440 1414  146    2197  245   58    1243 1169   88
0,7          3437 1411  152    2165  259   76    1272 1152   76
8,5          3434 1408  158    2229  224   47    1205 1184  111
3,3          3424 1432  144    2195  244   61    1229 1188   83
3,2          3408 1414  178    2184  232   84    1224 1182   94
4,3          3408 1433  159    2210  232   58    1198 1201  101
7,3          3408 1439  153    2222  217   61    1186 1222   92
5,0          3402 1435  163    2182  243   75    1220 1192   88
6,1          3402 1444  154    2213  236   51    1189 1208  103
5,6          3400 1435  165    2172  269   59    1228 1166  106
0,2          3397 1438  165    2207  238   55    1190 1200  110
6,0          3392 1447  161    2201  234   65    1191 1213   96
8,4          3385 1465  150    2191  246   63    1194 1219   87
7,7          3380 1465  155    2202  228   70    1178 1237   85
5,1          3374 1448  178    2197  239   64    1177 1209  114
2,1          3369 1464  167    2183  248   69    1186 1216   98
5,5          3369 1486  145    2209  228   63    1160 1258   82
2,2          3366 1468  166    2155  275   70    1211 1193   96
3,1          3354 1494  152    2181  259   60    1173 1235   92
3,6          3351 1473  176    2150  275   75    1201 1198  101
5,9          3345 1506  149    2187  257   56    1158 1249   93
8,9          3336 1499  165    2179  256   65    1157 1243  100
9,3          3333 1491  176    2191  238   71    1142 1253  105
9,6          3328 1518  154    2152  275   73    1176 1243   81
0,8          3326 1512  162    2192  246   62    1134 1266  100
2,5          3326 1507  167    2205  242   53    1121 1265  114
1,1          3323 1503  174    2164  265   71    1159 1238  103
4,9          3319 1492  189    2193  234   73    1126 1258  116
2,9          3308 1528  164    2188  244   68    1120 1284   96
6,9          3301 1546  153    2194  237   69    1107 1309   84
0,6          3298 1539  163    2158  284   58    1140 1255  105
9,1          3296 1538  166    2170  265   65    1126 1273  101
3,5          3293 1526  181    2152  276   72    1141 1250  109
2,0          3280 1567  153    2167  264   69    1113 1303   84
9,9          3275 1571  154    2159  265   76    1116 1306   78
0,5          3271 1536  193    2164  263   73    1107 1273  120
8,0          3271 1549  180    2115  302   83    1156 1247   97
5,8          3259 1576  165    2172  256   72    1087 1320   93
6,8          3248 1587  165    2184  260   56    1064 1327  109
2,7          3244 1584  172    2181  252   67    1063 1332  105
7,2          3244 1613  143    2177  256   67    1067 1357   76
7,1          3231 1601  168    2188  236   76    1043 1365   92
8,6          3225 1615  160    2163  274   63    1062 1341   97
8,8          3211 1618  171    2177  256   67    1034 1362  104
0,3          3202 1630  168    2191  243   66    1011 1387  102
6,5          3189 1633  178    2185  242   73    1004 1391  105
5,2          3180 1652  168    2189  252   59     991 1400  109
6,4          3159 1675  166    2189  237   74     970 1438   92
6,3          3144 1698  158    2218  227   55     926 1471  103
2,4          3138 1698  164    2176  254   70     962 1444   94
4,8          3126 1705  169    2187  239   74     939 1466   95
4,7          3067 1788  145    2208  246   46     859 1542   99
8,1          3067 1749  184    2227  199   74     840 1550  110
6,2          3054 1790  156    2211  232   57     843 1558   99
5,3          3023 1828  149    2200  235   65     823 1593   84
9,5          3022 1817  161    2183  256   61     839 1561  100
100


Team A Total Wins: 340827
Ties: 16092
